#time,accel_x,accel_y,accel_z
16480.748268,-2294.638420,6128.763984,7402.059420
16480.748593,-2072.576638,6205.373534,6143.709319
16480.748917,-1850.514855,5745.716235,5551.544565
16480.749242,-2220.617826,5132.839837,4589.276840
16480.749567,-3330.926739,4826.401637,5773.606348
16480.749892,-3256.906145,4903.011187,6661.853478
16480.750217,-2960.823768,3600.648841,6291.750507
16480.750541,-2294.638420,2604.724693,6217.729913
16480.750866,-1184.329507,3294.210641,7402.059420
16480.751191,-1628.453072,3907.087040,9030.512492
16480.751516,-592.164754,2681.334243,9918.759623
16480.751840,888.247130,2451.505594,10066.800811
16480.752165,1184.329507,2374.896044,10436.903782
16480.752490,888.247130,3064.381992,10436.903782
16480.752815,2590.720797,2681.334243,11325.150913
16480.753140,3404.947333,2374.896044,11547.212695
16480.753464,2590.720797,1915.238745,12213.398043
16480.753789,2368.659014,1149.143247,12583.501014
16480.754114,3182.885551,1225.752797,11621.233289
16480.754439,3256.906145,1149.143247,11917.315666
16480.754763,2516.700203,1149.143247,12213.398043
16480.755088,1702.473667,842.705048,11399.171507
16480.755413,1332.370696,689.485948,10214.842000
16480.755738,2368.659014,1149.143247,9622.677246
16480.756063,2072.576638,1762.019645,8808.450710
16480.756387,0.000000,1149.143247,8364.327145
16480.756712,-1184.329507,995.924147,7624.121203
16480.757037,-592.164754,1225.752797,7476.080014
16480.757362,-1554.432478,766.095498,7105.977043
16480.757686,-3701.029710,612.876398,6587.832884
16480.758011,-4219.173869,766.095498,6291.750507
16480.758336,-4515.256246,459.657299,6735.874072
16480.758661,-4663.297435,-306.438199,7698.141797
16480.758986,-4589.276840,0.000000,8734.430116
16480.759310,-4811.338623,153.219100,9030.512492
16480.759635,-4737.318029,-306.438199,9104.533087
16480.759960,-3182.885551,76.609550,10140.821405
16480.760285,-3182.885551,229.828649,10436.903782
16480.760609,-3775.050304,-306.438199,9992.780217
16480.760934,-2442.679609,536.266849,10066.800811
16480.761259,-1924.535449,383.047749,10658.965565
16480.761584,-2664.741391,383.047749,10955.047942
16480.761909,-2738.761985,0.000000,11029.068536
16480.762233,-2664.741391,383.047749,10214.842000
16480.762558,-2368.659014,383.047749,11251.130318
16480.762883,-1258.350101,229.828649,11325.150913
16480.763208,-888.247130,1455.581446,10140.821405
16480.763532,-1406.391290,1685.410096,9696.697840
16480.763857,-222.061783,1762.019645,9474.636058
16480.764182,1480.411884,2451.505594,9104.533087
16480.764507,1406.391290,2681.334243,8216.285956
16480.764832,1406.391290,2528.115143,7179.997637
16480.765156,2072.576638,3677.258390,6883.915261
16480.765481,2960.823768,3294.210641,7031.956449
16480.765806,2368.659014,2834.553343,7105.977043
16480.766131,2442.679609,2681.334243,7105.977043
16480.766455,2590.720797,2528.115143,7254.018232
16480.766780,2368.659014,2145.067394,8364.327145
16480.767105,2886.803174,2068.457845,8882.471304
16480.767430,2368.659014,995.924147,8882.471304
16480.767755,1776.494261,1608.800546,8438.347739
16480.768079,3404.947333,1685.410096,9918.759623
16480.768404,2886.803174,919.314598,10214.842000
16480.768729,1406.391290,306.438199,10436.903782
16480.769054,1332.370696,306.438199,10658.965565
16480.769378,2368.659014,306.438199,10584.944971
16480.769703,1480.411884,-229.828649,11769.274478
16480.770028,666.185348,-1149.143247,11621.233289
16480.770353,370.102971,-383.047749,10584.944971
16480.770678,444.123565,-766.095498,11029.068536
16480.771002,444.123565,-1225.752797,11399.171507
16480.771327,0.000000,-842.705048,10584.944971
16480.771652,0.000000,-383.047749,9844.739029
16480.771977,296.082377,383.047749,9104.533087
16480.772301,888.247130,229.828649,9252.574275
16480.772626,-666.185348,0.000000,8808.450710
16480.772951,-1406.391290,0.000000,7624.121203
16480.773275,-1480.411884,229.828649,7476.080014
16480.773600,-1554.432478,-306.438199,7328.038826
16480.773924,-2072.576638,-153.219100,7550.100608
16480.774249,-3182.885551,-383.047749,7254.018232
16480.774573,-2664.741391,-689.485948,7402.059420
16480.774898,-2664.741391,-1149.143247,8290.306550
16480.775222,-2812.782580,-1455.581446,9030.512492
16480.775547,-2516.700203,-919.314598,9474.636058
16480.775871,-2664.741391,-1072.533697,9400.615463
16480.776196,-1702.473667,-842.705048,10066.800811
16480.776520,-518.144159,-459.657299,10436.903782
16480.776844,-1036.288319,-612.876398,10881.027347
16480.777169,-592.164754,0.000000,10214.842000
16480.777493,518.144159,0.000000,10807.006753
16480.777818,444.123565,-229.828649,10807.006753
16480.778142,74.020594,306.438199,10436.903782
16480.778467,0.000000,612.876398,9992.780217
16480.778791,518.144159,1149.143247,9326.594869
16480.779116,1036.288319,1072.533697,9918.759623
16480.779440,1406.391290,1455.581446,9696.697840
16480.779765,444.123565,1608.800546,8808.450710
16480.780089,1628.453072,2221.676944,8734.430116
16480.780414,2960.823768,2681.334243,8660.409521
16480.780738,2294.638420,2528.115143,8660.409521
16480.781062,962.267725,2221.676944,7846.182985
16480.781387,2146.597232,3294.210641,7698.141797
16480.781711,2368.659014,2451.505594,7476.080014
16480.782036,962.267725,2451.505594,7772.162391
16480.782360,888.247130,2451.505594,7994.224174
16480.782685,1332.370696,2298.286494,7920.203579
16480.783009,1258.350101,1762.019645,8734.430116
16480.783334,1258.350101,2145.067394,9104.533087
16480.783658,1036.288319,1838.629195,9622.677246
16480.783983,1332.370696,1302.362347,9474.636058
16480.784307,1554.432478,1302.362347,9844.739029
16480.784631,1850.514855,1072.533697,10214.842000
16480.784956,518.144159,766.095498,10510.924376
16480.785280,74.020594,229.828649,10436.903782
16480.785605,666.185348,153.219100,10658.965565
16480.785929,74.020594,-229.828649,10288.862594
16480.786254,-592.164754,-153.219100,10436.903782
16480.786578,-592.164754,-383.047749,9770.718434
16480.786903,-814.226536,-306.438199,9474.636058
16480.787227,-740.205942,-153.219100,9992.780217
16480.787552,-518.144159,153.219100,9844.739029
16480.787876,-1110.308913,0.000000,9400.615463
16480.788201,-740.205942,0.000000,8660.409521
16480.788525,148.041188,459.657299,8586.388927
16480.788849,-370.102971,-153.219100,8882.471304
16480.789174,-1702.473667,-306.438199,7920.203579
16480.789498,-1480.411884,-459.657299,7476.080014
16480.789823,-518.144159,-612.876398,7772.162391
16480.790147,-1628.453072,-1225.752797,8216.285956
16480.790472,-1702.473667,-995.924147,7698.141797
16480.790796,-1702.473667,-1225.752797,7772.162391
16480.791121,-370.102971,-1762.019645,8734.430116
16480.791445,0.000000,-1378.971896,9622.677246
16480.791770,0.000000,-1302.362347,9474.636058
16480.792094,74.020594,-1302.362347,9548.656652
16480.792419,1332.370696,-995.924147,10214.842000
16480.792743,2220.617826,-612.876398,10807.006753
16480.793067,1406.391290,-995.924147,10955.047942
16480.793392,1406.391290,-1532.190996,10510.924376
16480.793716,1924.535449,-1149.143247,10807.006753
16480.794041,1628.453072,-1149.143247,10955.047942
16480.794365,1110.308913,-995.924147,10807.006753
16480.794690,814.226536,-536.266849,10288.862594
16480.795014,1036.288319,-153.219100,9770.718434
16480.795339,888.247130,153.219100,9622.677246
16480.795663,1184.329507,306.438199,9548.656652
16480.795988,1332.370696,1149.143247,9474.636058
16480.796312,592.164754,1532.190996,8808.450710
16480.796636,1406.391290,2221.676944,8956.491898
16480.796961,1184.329507,2451.505594,8882.471304
16480.797285,-370.102971,2298.286494,7846.182985
16480.797610,-444.123565,2298.286494,7698.141797
16480.797934,296.082377,2145.067394,7698.141797
16480.798259,-1036.288319,2298.286494,8068.244768
16480.798583,-2442.679609,1838.629195,8142.265362
16480.798908,-2220.617826,2298.286494,7846.182985
16480.799232,-2146.597232,2374.896044,8216.285956
16480.799557,-1924.535449,2068.457845,9030.512492
16480.799881,-2072.576638,2604.724693,8586.388927
16480.800206,-2368.659014,2451.505594,8660.409521
16480.800530,-888.247130,2681.334243,9400.615463
16480.800854,-222.061783,1991.848295,10066.800811
16480.801179,-1554.432478,1915.238745,9844.739029
16480.801503,-1628.453072,1991.848295,9548.656652
16480.801828,-592.164754,2298.286494,9622.677246
16480.802152,-740.205942,1762.019645,9548.656652
16480.802477,-666.185348,1455.581446,9474.636058
16480.802801,-740.205942,1608.800546,9474.636058
16480.803126,-518.144159,1149.143247,9104.533087
16480.803450,-296.082377,1225.752797,9400.615463
16480.803775,0.000000,995.924147,9400.615463
16480.804099,0.000000,1072.533697,9104.533087
16480.804424,-222.061783,689.485948,8512.368333
16480.804748,0.000000,689.485948,9030.512492
16480.805072,1036.288319,306.438199,9178.553681
16480.805397,-222.061783,76.609550,9104.533087
16480.805721,-370.102971,306.438199,8808.450710
16480.806046,444.123565,-306.438199,9400.615463
16480.806370,0.000000,-229.828649,9178.553681
16480.806695,-666.185348,-766.095498,9400.615463
16480.807019,0.000000,-995.924147,8512.368333
16480.807344,444.123565,-766.095498,9252.574275
16480.807668,1036.288319,-1378.971896,9844.739029
16480.807993,962.267725,-1149.143247,9696.697840
16480.808317,814.226536,-1532.190996,9696.697840
16480.808641,1998.556043,-1225.752797,9474.636058
16480.808966,3034.844362,-1838.629195,9992.780217
16480.809290,1998.556043,-1762.019645,9622.677246
16480.809615,1554.432478,-1532.190996,9326.594869
16480.809939,2442.679609,-1302.362347,9548.656652
16480.810264,2294.638420,-1608.800546,9844.739029
16480.810588,1110.308913,-1762.019645,9992.780217
16480.810913,740.205942,-1608.800546,9622.677246
16480.811237,962.267725,-1608.800546,9252.574275
16480.811562,740.205942,-1455.581446,9622.677246
16480.811886,222.061783,-919.314598,9622.677246
16480.812211,74.020594,-995.924147,9474.636058
16480.812535,-370.102971,-766.095498,9326.594869
16480.812859,-148.041188,-383.047749,9548.656652
16480.813184,0.000000,-459.657299,9992.780217
16480.813508,-1406.391290,-306.438199,9548.656652
16480.813833,-1554.432478,-766.095498,9474.636058
16480.814157,-1184.329507,76.609550,9548.656652
16480.814482,-1406.391290,153.219100,9918.759623
16480.814806,-2368.659014,536.266849,9474.636058
16480.815131,-2294.638420,995.924147,8808.450710
16480.815455,-1924.535449,1685.410096,9030.512492
16480.815780,-1554.432478,1532.190996,9326.594869
16480.816104,-1332.370696,2374.896044,9326.594869
16480.816429,-1406.391290,2834.553343,9104.533087
16480.816753,-1332.370696,2911.162892,8512.368333
16480.817077,148.041188,3370.820191,8808.450710
16480.817402,-222.061783,3370.820191,8808.450710
16480.817726,-1480.411884,3217.601092,8216.285956
16480.818051,-592.164754,3677.258390,8956.491898
16480.818375,0.000000,2987.772442,7994.224174
16480.818700,-740.205942,3140.991542,8586.388927
16480.819024,-1480.411884,2911.162892,8882.471304
16480.819349,-888.247130,2911.162892,8216.285956
16480.819673,-666.185348,2451.505594,8586.388927
16480.819998,-666.185348,2451.505594,9178.553681
16480.820322,-444.123565,2451.505594,8660.409521
16480.820646,74.020594,1915.238745,9104.533087
16480.820971,1258.350101,2068.457845,9178.553681
16480.821295,1776.494261,2451.505594,9622.677246
16480.821620,1110.308913,1838.629195,9770.718434
16480.821944,962.267725,1608.800546,9474.636058
16480.822269,1924.535449,1302.362347,9992.780217
16480.822593,1850.514855,842.705048,10140.821405
16480.822918,1184.329507,229.828649,9622.677246
16480.823242,814.226536,459.657299,9548.656652
16480.823567,1628.453072,229.828649,10288.862594
16480.823891,1628.453072,0.000000,10066.800811
16480.824216,1776.494261,-153.219100,10066.800811
16480.824540,1258.350101,-153.219100,9400.615463
16480.824864,1406.391290,-306.438199,9474.636058
16480.825189,2368.659014,229.828649,9474.636058
16480.825513,1998.556043,76.609550,9178.553681
16480.825838,666.185348,-766.095498,9104.533087
16480.826162,592.164754,-306.438199,8808.450710
16480.826487,1110.308913,-1149.143247,9030.512492
16480.826811,0.000000,-1685.410096,8882.471304
16480.827136,-962.267725,-1378.971896,9030.512492
16480.827460,-1184.329507,-1915.238745,8882.471304
16480.827785,-666.185348,-2374.896044,8882.471304
16480.828109,-296.082377,-1149.143247,9474.636058
16480.828433,-740.205942,-1302.362347,9252.574275
16480.828758,-1184.329507,-1685.410096,9474.636058
16480.829082,0.000000,-1302.362347,9770.718434
16480.829407,814.226536,-766.095498,10214.842000
16480.829731,-148.041188,-1225.752797,10140.821405
16480.830056,-1554.432478,-842.705048,9400.615463
16480.830380,0.000000,-229.828649,9696.697840
16480.830705,0.000000,-995.924147,10436.903782
16480.831029,-740.205942,-995.924147,10140.821405
16480.831354,-1036.288319,-383.047749,9770.718434
16480.831678,-444.123565,-229.828649,9400.615463
16480.832003,-888.247130,153.219100,9844.739029
16480.832327,-370.102971,459.657299,9622.677246
16480.832651,-518.144159,766.095498,9326.594869
16480.832976,-1406.391290,1225.752797,8660.409521
16480.833300,592.164754,1762.019645,9030.512492
16480.833625,1036.288319,1991.848295,9548.656652
16480.833949,-518.144159,2145.067394,8512.368333
16480.834274,-592.164754,2911.162892,8364.327145
16480.834598,666.185348,3140.991542,8364.327145
16480.834923,-296.082377,2987.772442,8068.244768
16480.835247,-740.205942,2757.943793,8734.430116
16480.835572,-666.185348,3447.429741,7920.203579
16480.835896,-740.205942,3140.991542,8216.285956
16480.836221,-296.082377,3217.601092,9104.533087
16480.836545,-370.102971,2987.772442,8956.491898
16480.836869,-518.144159,3830.477490,8660.409521
16480.837194,0.000000,3677.258390,9178.553681
16480.837518,1036.288319,3294.210641,9178.553681
16480.837843,444.123565,3370.820191,9770.718434
16480.838167,-518.144159,2987.772442,9178.553681
16480.838492,518.144159,3217.601092,9326.594869
16480.838816,296.082377,2451.505594,9326.594869
16480.839141,0.000000,1302.362347,9474.636058
16480.839465,0.000000,2298.286494,9104.533087
16480.839790,592.164754,1762.019645,9252.574275
16480.840114,0.000000,1608.800546,9326.594869
16480.840438,666.185348,1378.971896,9252.574275
16480.840763,666.185348,1608.800546,9178.553681
16480.841087,222.061783,1225.752797,8290.306550
16480.841412,1184.329507,1072.533697,8956.491898
16480.841736,1850.514855,919.314598,9622.677246
16480.842061,296.082377,0.000000,9178.553681
16480.842385,-222.061783,-153.219100,9474.636058
16480.842710,592.164754,-612.876398,9400.615463
16480.843034,370.102971,-842.705048,9770.718434
16480.843359,-962.267725,-1302.362347,9400.615463
16480.843683,-814.226536,-1302.362347,9548.656652
16480.844008,-740.205942,-1608.800546,9474.636058
16480.844332,-148.041188,-995.924147,9770.718434
16480.844656,-370.102971,-1762.019645,10214.842000
16480.844981,-370.102971,-1608.800546,9474.636058
16480.845305,0.000000,-1838.629195,9770.718434
16480.845630,1332.370696,-1685.410096,9918.759623
16480.845954,592.164754,-2068.457845,10066.800811
16480.846279,-962.267725,-1838.629195,8808.450710
16480.846603,888.247130,-1378.971896,8882.471304
16480.846928,1258.350101,-2068.457845,9622.677246
16480.847252,592.164754,-2298.286494,9474.636058
16480.847577,222.061783,-2221.676944,9104.533087
16480.847901,518.144159,-1685.410096,8882.471304
16480.848226,370.102971,-1532.190996,9178.553681
16480.848550,1184.329507,-1915.238745,9548.656652
16480.848874,666.185348,-1149.143247,8808.450710
16480.849199,740.205942,-1149.143247,9252.574275
16480.849523,1332.370696,-612.876398,9400.615463
16480.849848,1850.514855,0.000000,9548.656652
16480.850172,370.102971,-536.266849,9474.636058
16480.850497,370.102971,0.000000,9326.594869
16480.850821,592.164754,0.000000,9696.697840
16480.851146,0.000000,229.828649,9622.677246
16480.851470,-962.267725,-306.438199,9400.615463
16480.851795,-888.247130,766.095498,9474.636058
16480.852119,-666.185348,689.485948,9474.636058
16480.852443,-666.185348,995.924147,9918.759623
16480.852768,-74.020594,1762.019645,9844.739029
16480.853092,-518.144159,2221.676944,9400.615463
16480.853417,-444.123565,2145.067394,9104.533087
16480.853741,444.123565,2528.115143,9252.574275
16480.854066,74.020594,2987.772442,9474.636058
16480.854390,-1184.329507,2757.943793,8808.450710
16480.854715,-962.267725,3140.991542,8808.450710
16480.855039,0.000000,3294.210641,9178.553681
16480.855364,-1258.350101,3907.087040,8586.388927
16480.855688,-1628.453072,2604.724693,8438.347739
16480.856013,-1554.432478,3064.381992,7698.141797
16480.856337,-1184.329507,3140.991542,8216.285956
16480.856661,-888.247130,2911.162892,8808.450710
16480.856986,-1110.308913,3064.381992,8660.409521
16480.857310,-1184.329507,2681.334243,8290.306550
16480.857635,-518.144159,2757.943793,8512.368333
16480.857959,1184.329507,1915.238745,9622.677246
16480.858284,-592.164754,2451.505594,8956.491898
16480.858608,-1036.288319,1608.800546,8660.409521
16480.858933,0.000000,1915.238745,9030.512492
16480.859257,222.061783,1149.143247,9474.636058
16480.859582,-592.164754,689.485948,9400.615463
16480.859906,-296.082377,536.266849,9548.656652
16480.860231,74.020594,0.000000,9104.533087
16480.860555,74.020594,-229.828649,9918.759623
16480.860879,518.144159,-612.876398,10362.883188
16480.861204,222.061783,-612.876398,10214.842000
16480.861528,0.000000,-689.485948,9992.780217
16480.861853,1554.432478,-919.314598,9992.780217
16480.862177,1702.473667,-1225.752797,10140.821405
16480.862502,74.020594,-1378.971896,9474.636058
16480.862826,444.123565,-689.485948,8808.450710
16480.863151,1480.411884,-1455.581446,9474.636058
16480.863475,518.144159,-1608.800546,9474.636058
16480.863800,0.000000,-1838.629195,9178.553681
16480.864124,370.102971,-1532.190996,8660.409521
16480.864448,222.061783,-1838.629195,8586.388927
16480.864773,222.061783,-1149.143247,9030.512492
16480.865097,444.123565,-1378.971896,8734.430116
16480.865422,-296.082377,-1608.800546,8512.368333
16480.865746,444.123565,-1532.190996,8734.430116
16480.866071,1332.370696,-1302.362347,9400.615463
16480.866395,592.164754,-1455.581446,9400.615463
16480.866720,0.000000,-1608.800546,9326.594869
16480.867044,888.247130,-919.314598,9548.656652
16480.867369,444.123565,-1225.752797,9548.656652
16480.867693,-592.164754,-1225.752797,9844.739029
16480.868018,-296.082377,-1072.533697,9622.677246
16480.868342,-222.061783,-919.314598,9474.636058
16480.868666,-592.164754,-1149.143247,9992.780217
16480.868991,-148.041188,-383.047749,10140.821405
16480.869315,-444.123565,0.000000,9844.739029
16480.869640,-518.144159,-919.314598,9770.718434
16480.869964,518.144159,459.657299,10288.862594
16480.870289,518.144159,995.924147,10066.800811
16480.870613,-814.226536,842.705048,9992.780217
16480.870938,-666.185348,1378.971896,9400.615463
16480.871262,0.000000,1915.238745,9252.574275
16480.871587,-518.144159,2451.505594,9252.574275
16480.871911,-1480.411884,2528.115143,8660.409521
16480.872236,-1258.350101,2757.943793,8216.285956
16480.872560,-962.267725,3064.381992,8068.244768
16480.872884,-1110.308913,3064.381992,8586.388927
16480.873209,-1036.288319,3447.429741,8364.327145
16480.873533,-1554.432478,3677.258390,7994.224174
16480.873858,-1258.350101,3907.087040,7698.141797
16480.874182,0.000000,4213.525239,8216.285956
16480.874506,-1036.288319,4213.525239,8586.388927
16480.874830,-1776.494261,3370.820191,7994.224174
16480.875155,-1036.288319,3140.991542,8512.368333
16480.875479,-296.082377,2987.772442,8882.471304
16480.875803,-1480.411884,2451.505594,9252.574275
16480.876128,-1406.391290,2604.724693,8956.491898
16480.876452,-1184.329507,2911.162892,9030.512492
16480.876776,-814.226536,1991.848295,8956.491898
16480.877100,-444.123565,2068.457845,9696.697840
16480.877425,666.185348,2068.457845,9474.636058
16480.877749,148.041188,1762.019645,9326.594869
16480.878073,888.247130,1685.410096,9548.656652
16480.878397,2368.659014,1225.752797,9474.636058
16480.878722,518.144159,995.924147,9326.594869
16480.879046,296.082377,383.047749,9474.636058
16480.879370,1184.329507,306.438199,9918.759623
16480.879695,1184.329507,0.000000,9844.739029
16480.880019,370.102971,-383.047749,9696.697840
16480.880343,148.041188,-383.047749,9252.574275
16480.880667,592.164754,-536.266849,9030.512492
16480.880992,814.226536,-306.438199,9770.718434
16480.881316,888.247130,-459.657299,9326.594869
16480.881640,0.000000,-766.095498,8956.491898
16480.881965,0.000000,-1072.533697,9030.512492
16480.882289,1332.370696,-995.924147,9622.677246
16480.882613,1110.308913,-1149.143247,9474.636058
16480.882937,-370.102971,-1685.410096,8956.491898
16480.883262,148.041188,-1762.019645,8808.450710
16480.883586,1406.391290,-2145.067394,9474.636058
16480.883910,222.061783,-2374.896044,9696.697840
16480.884234,-518.144159,-2451.505594,9326.594869
16480.884559,222.061783,-1991.848295,9178.553681
16480.884883,740.205942,-2068.457845,9326.594869
16480.885207,740.205942,-1915.238745,9696.697840
16480.885532,740.205942,-995.924147,9548.656652
16480.885856,592.164754,-1608.800546,9030.512492
16480.886180,1850.514855,-1225.752797,9844.739029
16480.886504,1850.514855,-689.485948,10362.883188
16480.886829,962.267725,-766.095498,9992.780217
16480.887153,222.061783,-459.657299,9696.697840
16480.887477,1110.308913,-536.266849,9474.636058
16480.887802,962.267725,153.219100,9696.697840
16480.888126,-296.082377,-153.219100,9770.718434
16480.888450,-518.144159,153.219100,8586.388927
16480.888774,-370.102971,306.438199,9252.574275
16480.889099,-444.123565,689.485948,9252.574275
16480.889423,-592.164754,766.095498,9252.574275
16480.889747,-592.164754,1378.971896,8956.491898
16480.890071,-962.267725,1455.581446,8808.450710
16480.890396,148.041188,2221.676944,8956.491898
16480.890720,444.123565,1915.238745,9622.677246
16480.891044,-1184.329507,2068.457845,9030.512492
16480.891369,-1036.288319,2911.162892,8660.409521
16480.891693,0.000000,2681.334243,9326.594869
16480.892017,-370.102971,2681.334243,9030.512492
16480.892341,-1628.453072,2987.772442,8956.491898
16480.892666,-1110.308913,2374.896044,8512.368333
16480.892990,-888.247130,3830.477490,8586.388927
16480.893314,-888.247130,3217.601092,9030.512492
16480.893638,-222.061783,3217.601092,8956.491898
16480.893963,-740.205942,3217.601092,8808.450710
16480.894287,-296.082377,3140.991542,8512.368333
16480.894611,1110.308913,2911.162892,8882.471304
16480.894936,222.061783,3294.210641,8956.491898
16480.895260,0.000000,2528.115143,8808.450710
16480.895584,-296.082377,2528.115143,8364.327145
16480.895908,370.102971,2145.067394,8956.491898
16480.896233,0.000000,1685.410096,9474.636058
16480.896557,0.000000,1378.971896,9104.533087
16480.896881,148.041188,1532.190996,8882.471304
16480.897206,0.000000,995.924147,8882.471304
16480.897530,444.123565,1149.143247,9326.594869
16480.897854,296.082377,1072.533697,9326.594869
16480.898178,74.020594,76.609550,9474.636058
16480.898503,1110.308913,306.438199,9770.718434
16480.898827,1702.473667,0.000000,10510.924376
16480.899151,444.123565,-842.705048,10214.842000
16480.899475,222.061783,-995.924147,9622.677246
16480.899800,1184.329507,-919.314598,9918.759623
16480.900124,962.267725,-1225.752797,10140.821405
16480.900448,-296.082377,-1838.629195,9918.759623
16480.900773,74.020594,-1378.971896,9474.636058
16480.901097,370.102971,-1302.362347,9474.636058
16480.901421,296.082377,-1378.971896,9400.615463
16480.901745,888.247130,-1608.800546,10066.800811
16480.902070,0.000000,-1608.800546,8734.430116
16480.902394,370.102971,-1149.143247,8734.430116
16480.902718,1258.350101,-919.314598,9474.636058
16480.903043,518.144159,-1378.971896,9326.594869
16480.903367,-370.102971,-1608.800546,9030.512492
16480.903691,296.082377,-1302.362347,9104.533087
16480.904015,444.123565,-1455.581446,9104.533087
16480.904340,-444.123565,-766.095498,9474.636058
16480.904664,-666.185348,-1378.971896,8882.471304
16480.904988,-370.102971,-995.924147,8882.471304
16480.905312,0.000000,-1149.143247,9474.636058
16480.905637,-666.185348,-766.095498,9474.636058
16480.905961,-74.020594,-383.047749,9474.636058
16480.906285,-740.205942,0.000000,9030.512492
16480.906610,666.185348,229.828649,9696.697840
16480.906934,888.247130,0.000000,9844.739029
16480.907258,0.000000,76.609550,10288.862594
16480.907582,-592.164754,229.828649,9474.636058
16480.907907,-222.061783,459.657299,10066.800811
16480.908231,-222.061783,766.095498,10066.800811
16480.908555,-592.164754,1302.362347,9844.739029
16480.908880,-888.247130,1455.581446,8438.347739
16480.909204,-296.082377,1762.019645,8734.430116
16480.909528,-592.164754,2145.067394,9030.512492
16480.909852,0.000000,2757.943793,9400.615463
16480.910177,-518.144159,2834.553343,9178.553681
16480.910501,-592.164754,2757.943793,8512.368333
16480.910825,666.185348,3064.381992,8808.450710
16480.911149,222.061783,3524.039291,8882.471304
16480.911474,-1554.432478,2987.772442,8882.471304
16480.911798,-1110.308913,2987.772442,8216.285956
16480.912122,-814.226536,3140.991542,8438.347739
16480.912447,-1776.494261,2604.724693,8364.327145
16480.912771,-2146.597232,2681.334243,8438.347739
16480.913095,-1406.391290,2834.553343,8142.265362
16480.913419,-1776.494261,2604.724693,8290.306550
16480.913744,-1332.370696,2298.286494,8808.450710
16480.914068,-1258.350101,2911.162892,8808.450710
16480.914392,-814.226536,2451.505594,9030.512492
16480.914716,444.123565,2451.505594,9178.553681
16480.915041,1036.288319,2374.896044,9770.718434
16480.915365,592.164754,2068.457845,9252.574275
16480.915689,74.020594,1378.971896,9474.636058
16480.916014,1184.329507,1455.581446,10140.821405
16480.916338,962.267725,1072.533697,9918.759623
16480.916662,0.000000,76.609550,9992.780217
16480.916986,0.000000,0.000000,9474.636058
16480.917311,518.144159,0.000000,9622.677246
16480.917635,592.164754,0.000000,9844.739029
16480.917959,296.082377,-689.485948,9548.656652
16480.918284,74.020594,0.000000,9252.574275
16480.918608,0.000000,-306.438199,8808.450710
16480.918932,1184.329507,-459.657299,9400.615463
16480.919256,1036.288319,-919.314598,9770.718434
16480.919581,0.000000,-1225.752797,9252.574275
16480.919905,0.000000,-919.314598,9400.615463
16480.920229,1036.288319,-1455.581446,9252.574275
16480.920553,518.144159,-1532.190996,9474.636058
16480.920878,-518.144159,-2374.896044,9326.594869
16480.921202,0.000000,-1762.019645,8660.409521
16480.921526,74.020594,-1991.848295,9252.574275
16480.921851,444.123565,-2451.505594,9474.636058
16480.922175,518.144159,-1762.019645,9622.677246
16480.922499,740.205942,-2374.896044,8808.450710
16480.922823,1258.350101,-1149.143247,8956.491898
16480.923148,2590.720797,-1225.752797,10214.842000
16480.923472,1480.411884,-1455.581446,9992.780217
16480.923796,444.123565,-1762.019645,9474.636058
16480.924121,1406.391290,-1225.752797,9844.739029
16480.924445,1332.370696,-1378.971896,9918.759623
16480.924769,444.123565,-919.314598,9992.780217
16480.925093,0.000000,-995.924147,9474.636058
16480.925418,370.102971,-689.485948,8882.471304
16480.925742,74.020594,-689.485948,9696.697840
16480.926066,0.000000,-153.219100,9770.718434
16480.926390,0.000000,153.219100,9474.636058
16480.926715,-444.123565,383.047749,9030.512492
16480.927039,-666.185348,842.705048,9252.574275
16480.927363,592.164754,1685.410096,9696.697840
16480.927688,-814.226536,1302.362347,8956.491898
16480.928012,-1036.288319,1302.362347,9104.533087
16480.928336,0.000000,1685.410096,9178.553681
16480.928660,-666.185348,1608.800546,9400.615463
16480.928985,-1554.432478,1608.800546,8808.450710
16480.929309,-888.247130,2604.724693,8956.491898
16480.929633,-1036.288319,2451.505594,8364.327145
16480.929957,-1036.288319,2834.553343,8956.491898
16480.930282,-740.205942,2987.772442,8956.491898
16480.930606,-962.267725,3294.210641,8438.347739
16480.930930,-888.247130,3140.991542,8216.285956
16480.931255,444.123565,3294.210641,8586.388927
16480.931579,-148.041188,3447.429741,8808.450710
16480.931903,-1110.308913,2834.553343,7846.182985
16480.932227,-444.123565,2834.553343,8586.388927
16480.932552,296.082377,2528.115143,9030.512492
16480.932876,-592.164754,2068.457845,9178.553681
16480.933200,-1036.288319,1838.629195,8882.471304
16480.933525,0.000000,2145.067394,8882.471304
16480.933849,296.082377,1838.629195,9326.594869
16480.934173,0.000000,1608.800546,9326.594869
16480.934497,666.185348,2145.067394,9474.636058
16480.934822,592.164754,1302.362347,8882.471304
16480.935146,1258.350101,1378.971896,9622.677246
16480.935470,2146.597232,689.485948,10362.883188
16480.935794,666.185348,459.657299,9918.759623
16480.936119,740.205942,-153.219100,9474.636058
16480.936443,962.267725,-153.219100,9474.636058
16480.936767,592.164754,-229.828649,10510.924376
16480.937092,0.000000,-1149.143247,9918.759623
16480.937416,148.041188,-766.095498,9770.718434
16480.937740,518.144159,-842.705048,9326.594869
16480.938064,518.144159,-1225.752797,9696.697840
16480.938389,296.082377,-995.924147,9696.697840
16480.938713,814.226536,-383.047749,9252.574275
16480.939037,1036.288319,-1072.533697,9252.574275
16480.939362,1184.329507,-842.705048,9326.594869
16480.939686,1332.370696,-1072.533697,9474.636058
16480.940010,74.020594,-1302.362347,8956.491898
16480.940334,296.082377,-1378.971896,9178.553681
16480.940659,1184.329507,-1685.410096,9474.636058
16480.940983,74.020594,-2451.505594,8956.491898
16480.941307,-296.082377,-1838.629195,9178.553681
16480.941631,222.061783,-1455.581446,9178.553681
16480.941956,0.000000,-1378.971896,9326.594869
16480.942280,-296.082377,-1532.190996,9696.697840
16480.942604,-296.082377,-1225.752797,9474.636058
16480.942929,222.061783,-306.438199,9400.615463
16480.943253,592.164754,-229.828649,9178.553681
16480.943577,962.267725,0.000000,9252.574275
16480.943901,-370.102971,0.000000,9548.656652
16480.944226,-370.102971,0.000000,9400.615463
16480.944550,222.061783,153.219100,9770.718434
16480.944874,-222.061783,0.000000,9918.759623
16480.945199,-962.267725,153.219100,9622.677246
16480.945523,-1258.350101,306.438199,9622.677246
16480.945847,-814.226536,766.095498,8956.491898
16480.946171,-518.144159,1378.971896,9548.656652
16480.946496,-592.164754,1302.362347,9770.718434
16480.946820,-962.267725,1762.019645,9400.615463
16480.947144,-518.144159,2298.286494,9178.553681
16480.947468,666.185348,2834.553343,9178.553681
16480.947793,222.061783,3064.381992,8882.471304
16480.948117,-1036.288319,2681.334243,8438.347739
16480.948441,-740.205942,2834.553343,8438.347739
16480.948766,0.000000,3217.601092,8734.430116
16480.949090,-740.205942,3294.210641,9030.512492
16480.949414,-1554.432478,3217.601092,8512.368333
16480.949738,-1480.411884,3064.381992,8142.265362
16480.950063,-814.226536,3600.648841,8660.409521
16480.950387,-888.247130,3524.039291,8808.450710
16480.950711,-740.205942,2681.334243,8660.409521
16480.951035,-888.247130,2987.772442,8364.327145
16480.951360,0.000000,3447.429741,8364.327145
16480.951684,814.226536,3140.991542,9252.574275
16480.952008,-296.082377,2911.162892,9252.574275
16480.952333,-666.185348,2604.724693,8808.450710
16480.952657,592.164754,2145.067394,9030.512492
16480.952981,592.164754,1072.533697,9474.636058
16480.953305,-444.123565,1532.190996,9474.636058
16480.953630,0.000000,995.924147,9178.553681
16480.953954,0.000000,1225.752797,9252.574275
16480.954278,0.000000,459.657299,9844.739029
16480.954603,296.082377,-76.609550,9770.718434
16480.954927,222.061783,536.266849,9696.697840
16480.955251,74.020594,0.000000,9474.636058
16480.955575,814.226536,0.000000,9696.697840
16480.955900,1332.370696,0.000000,9844.739029
16480.956224,222.061783,-612.876398,9844.739029
16480.956548,148.041188,-612.876398,9474.636058
16480.956872,1110.308913,-459.657299,9770.718434
16480.957197,666.185348,-689.485948,9548.656652
16480.957521,222.061783,-612.876398,9178.553681
16480.957845,0.000000,-1685.410096,9178.553681
16480.958170,148.041188,-1072.533697,8882.471304
16480.958494,74.020594,-1302.362347,9622.677246
16480.958818,148.041188,-1378.971896,9252.574275
16480.959142,-444.123565,-1608.800546,9252.574275
16480.959467,444.123565,-1072.533697,8660.409521
16480.959791,1554.432478,-1302.362347,9474.636058
16480.960115,814.226536,-1608.800546,9844.739029
16480.960440,0.000000,-1915.238745,8956.491898
16480.960764,296.082377,-1762.019645,9474.636058
16480.961088,1110.308913,-1915.238745,9474.636058
16480.961412,74.020594,-1608.800546,9992.780217
16480.961737,-666.185348,-1455.581446,9474.636058
16480.962061,222.061783,-1685.410096,8808.450710
16480.962385,296.082377,-1838.629195,9844.739029
16480.962709,592.164754,-1072.533697,10214.842000
16480.963034,296.082377,-842.705048,9844.739029
16480.963358,666.185348,-306.438199,9622.677246
16480.963682,1184.329507,76.609550,10066.800811
16480.964007,1998.556043,459.657299,10362.883188
16480.964331,222.061783,0.000000,9622.677246
16480.964655,222.061783,612.876398,9474.636058
16480.964979,222.061783,919.314598,9992.780217
16480.965304,222.061783,1225.752797,9844.739029
16480.965628,-666.185348,766.095498,9474.636058
16480.965952,-1332.370696,1455.581446,8808.450710
16480.966276,-740.205942,1838.629195,8290.306550
16480.966601,-444.123565,2298.286494,9104.533087
16480.966925,-814.226536,2911.162892,9030.512492
16480.967249,-1406.391290,2757.943793,8216.285956
16480.967574,-1110.308913,2911.162892,8216.285956
16480.967898,-444.123565,3064.381992,8808.450710
16480.968222,-370.102971,3064.381992,8512.368333
16480.968546,-1406.391290,2911.162892,8586.388927
16480.968871,-962.267725,2987.772442,7846.182985
16480.969195,-518.144159,2987.772442,8364.327145
16480.969519,-1110.308913,2528.115143,8660.409521
16480.969844,-1184.329507,2451.505594,8734.430116
16480.970168,-1332.370696,2451.505594,8586.388927
16480.970492,-518.144159,2145.067394,8882.471304
16480.970816,-814.226536,2221.676944,9400.615463
16480.971141,0.000000,2374.896044,9770.718434
16480.971465,0.000000,2451.505594,9104.533087
16480.971789,666.185348,2221.676944,9400.615463
16480.972113,1332.370696,1838.629195,9844.739029
16480.972438,444.123565,1532.190996,9770.718434
16480.972762,370.102971,1072.533697,9474.636058
16480.973086,962.267725,766.095498,9770.718434
16480.973411,740.205942,919.314598,9178.553681
16480.973735,370.102971,-153.219100,9992.780217
16480.974059,-148.041188,76.609550,9474.636058
16480.974383,0.000000,0.000000,9474.636058
16480.974708,0.000000,-689.485948,9844.739029
16480.975032,518.144159,-459.657299,9474.636058
16480.975356,0.000000,-766.095498,9326.594869
16480.975680,444.123565,0.000000,9104.533087
16480.976004,1998.556043,-459.657299,9548.656652
16480.976329,1628.453072,-919.314598,9474.636058
16480.976653,74.020594,-1532.190996,9178.553681
16480.976977,370.102971,-1455.581446,8956.491898
16480.977301,1554.432478,-1762.019645,9252.574275
16480.977625,222.061783,-1991.848295,9474.636058
16480.977950,0.000000,-2298.286494,9326.594869
16480.978274,0.000000,-1991.848295,8734.430116
16480.978598,444.123565,-1762.019645,9400.615463
16480.978922,592.164754,-1915.238745,9992.780217
16480.979247,444.123565,-1762.019645,9474.636058
16480.979571,74.020594,-1532.190996,9474.636058
16480.979895,1036.288319,-1225.752797,9548.656652
16480.980219,1850.514855,-919.314598,9992.780217
16480.980543,74.020594,-1072.533697,9844.739029
16480.980868,74.020594,-919.314598,9474.636058
16480.981192,888.247130,-689.485948,9770.718434
16480.981516,370.102971,-536.266849,9918.759623
16480.981840,-444.123565,-1072.533697,9918.759623
16480.982164,-814.226536,-383.047749,9252.574275
16480.982489,-444.123565,-842.705048,9178.553681
16480.982813,-1036.288319,306.438199,9474.636058
16480.983137,-444.123565,153.219100,9918.759623
16480.983461,-1258.350101,689.485948,9326.594869
16480.983786,-1258.350101,1072.533697,9030.512492
16480.984110,222.061783,1378.971896,9474.636058
16480.984434,370.102971,1455.581446,9474.636058
16480.984758,-814.226536,1685.410096,9178.553681
16480.985082,-1110.308913,2145.067394,8956.491898
16480.985407,-222.061783,1762.019645,9178.553681
16480.985731,-888.247130,2298.286494,9030.512492
16480.986055,-1406.391290,2451.505594,8660.409521
16480.986379,-1184.329507,3217.601092,8364.327145
16480.986703,-1110.308913,2834.553343,8808.450710
16480.987028,-666.185348,2604.724693,9030.512492
16480.987352,-148.041188,3830.477490,9178.553681
16480.987676,-1184.329507,3753.867940,8438.347739
16480.988000,-444.123565,3294.210641,8734.430116
16480.988324,740.205942,3677.258390,9178.553681
16480.988649,-592.164754,3600.648841,8882.471304
16480.988973,-962.267725,2987.772442,8660.409521
16480.989297,-296.082377,3140.991542,8660.409521
16480.989621,0.000000,3370.820191,8882.471304
16480.989946,-1702.473667,2298.286494,8956.491898
16480.990270,-1110.308913,1302.362347,8882.471304
16480.990594,-222.061783,2145.067394,8660.409521
16480.990918,-518.144159,2068.457845,9178.553681
16480.991242,-74.020594,1532.190996,9474.636058
16480.991567,148.041188,1762.019645,9326.594869
16480.991891,-148.041188,1225.752797,9326.594869
16480.992215,1406.391290,842.705048,9252.574275
16480.992539,1554.432478,536.266849,9770.718434
16480.992863,222.061783,76.609550,9696.697840
16480.993188,148.041188,-229.828649,9770.718434
16480.993512,1406.391290,-459.657299,10214.842000
16480.993836,962.267725,-766.095498,9992.780217
16480.994160,0.000000,-842.705048,9918.759623
16480.994485,444.123565,-842.705048,9844.739029
16480.994809,518.144159,-306.438199,9548.656652
16480.995133,740.205942,-766.095498,9548.656652
16480.995457,296.082377,-1225.752797,9622.677246
16480.995781,222.061783,-995.924147,9104.533087
16480.996106,592.164754,-766.095498,8956.491898
16480.996430,1776.494261,-689.485948,9474.636058
16480.996754,814.226536,-1762.019645,9178.553681
16480.997078,148.041188,-2068.457845,9030.512492
16480.997402,370.102971,-2068.457845,8660.409521
16480.997727,814.226536,-2374.896044,9178.553681
16480.998051,222.061783,-2451.505594,9104.533087
16480.998375,0.000000,-2221.676944,9104.533087
16480.998699,148.041188,-2451.505594,8734.430116
16480.999024,370.102971,-1608.800546,9474.636058
16480.999348,888.247130,-1915.238745,9992.780217
16480.999672,592.164754,-1838.629195,9474.636058
16480.999996,296.082377,-1608.800546,9844.739029
16481.000320,1258.350101,-842.705048,9992.780217
16481.000645,1776.494261,-919.314598,10362.883188
16481.000969,592.164754,-1225.752797,9918.759623
16481.001293,370.102971,-383.047749,9918.759623
16481.001617,518.144159,-842.705048,9992.780217
16481.001941,-296.082377,-689.485948,10436.903782
16481.002266,-518.144159,-306.438199,10066.800811
16481.002590,-888.247130,153.219100,9622.677246
16481.002914,-814.226536,306.438199,9474.636058
16481.003238,-666.185348,766.095498,9474.636058
16481.003562,-740.205942,1915.238745,8956.491898
16481.003887,-740.205942,2451.505594,8734.430116
16481.004211,-962.267725,2374.896044,8512.368333
16481.004535,0.000000,2911.162892,8660.409521
16481.004859,0.000000,3064.381992,8808.450710
16481.005184,-1480.411884,3294.210641,7994.224174
16481.005508,-1184.329507,3677.258390,7846.182985
16481.005832,-222.061783,3370.820191,7698.141797
16481.006156,-1110.308913,3753.867940,8290.306550
16481.006480,-1628.453072,3294.210641,8290.306550
16481.006805,-1776.494261,3524.039291,7698.141797
16481.007129,-1036.288319,3294.210641,8586.388927
16481.007453,-888.247130,3140.991542,8734.430116
16481.007777,-888.247130,2834.553343,8660.409521
16481.008101,-962.267725,2987.772442,8808.450710
16481.008426,222.061783,2987.772442,8956.491898
16481.008750,1184.329507,3600.648841,9474.636058
16481.009074,222.061783,2911.162892,9696.697840
16481.009398,-222.061783,2374.896044,9104.533087
16481.009723,666.185348,2298.286494,9622.677246
16481.010047,1110.308913,1532.190996,10066.800811
16481.010371,592.164754,1302.362347,9548.656652
16481.010695,0.000000,995.924147,9474.636058
16481.011019,370.102971,306.438199,9252.574275
16481.011344,518.144159,306.438199,9696.697840
16481.011668,740.205942,0.000000,9844.739029
16481.011992,0.000000,0.000000,9400.615463
16481.012316,0.000000,306.438199,9178.553681
16481.012640,1480.411884,-153.219100,9400.615463
16481.012965,1480.411884,-766.095498,9400.615463
16481.013289,370.102971,-383.047749,9474.636058
16481.013613,0.000000,-536.266849,9474.636058
16481.013937,814.226536,-1225.752797,8956.491898
16481.014262,592.164754,-1225.752797,9474.636058
16481.014586,-222.061783,-1685.410096,9400.615463
16481.014910,-592.164754,-1608.800546,8660.409521
16481.015234,74.020594,-1532.190996,9030.512492
16481.015558,666.185348,-1302.362347,9474.636058
16481.015883,370.102971,-2145.067394,9844.739029
16481.016207,-222.061783,-2068.457845,9326.594869
16481.016531,592.164754,-1838.629195,9548.656652
16481.016855,1184.329507,-1762.019645,9844.739029
16481.017179,296.082377,-2298.286494,10362.883188
16481.017504,74.020594,-2681.334243,9548.656652
16481.017828,296.082377,-1378.971896,9770.718434
16481.018152,814.226536,-1532.190996,10066.800811
16481.018476,-222.061783,-1608.800546,9992.780217
16481.018800,-518.144159,-1532.190996,9622.677246
16481.019125,0.000000,-1072.533697,9326.594869
16481.019449,-148.041188,-919.314598,9622.677246
16481.019773,-592.164754,-306.438199,9696.697840
16481.020097,-296.082377,-153.219100,9326.594869
16481.020422,-740.205942,76.609550,8734.430116
16481.020746,148.041188,689.485948,9400.615463
16481.021070,592.164754,1225.752797,9844.739029
16481.021394,-888.247130,1149.143247,9400.615463
16481.021718,-814.226536,1225.752797,9178.553681
16481.022043,-74.020594,1838.629195,9474.636058
16481.022367,-666.185348,1532.190996,9474.636058
16481.022691,-1036.288319,1915.238745,9252.574275
16481.023015,-1332.370696,2451.505594,8956.491898
16481.023339,-1110.308913,2451.505594,8438.347739
16481.023664,-888.247130,2834.553343,8956.491898
16481.023988,-444.123565,3140.991542,8882.471304
16481.024312,-1110.308913,3830.477490,8586.388927
16481.024636,-888.247130,3677.258390,8216.285956
16481.024961,444.123565,4519.963438,9030.512492
16481.025285,-222.061783,3753.867940,9326.594869
16481.025609,-1406.391290,3217.601092,8512.368333
16481.025933,-888.247130,3677.258390,8512.368333
16481.026257,0.000000,3447.429741,8734.430116
16481.026582,-666.185348,3677.258390,8956.491898
16481.026906,-888.247130,3294.210641,8882.471304
16481.027230,-1036.288319,2987.772442,7846.182985
16481.027554,-592.164754,2681.334243,8882.471304
16481.027878,0.000000,2604.724693,9474.636058
16481.028203,0.000000,2528.115143,9252.574275
16481.028527,-148.041188,2681.334243,8808.450710
16481.028851,962.267725,2374.896044,9178.553681
16481.029175,1628.453072,2681.334243,9400.615463
16481.029500,296.082377,1302.362347,9548.656652
16481.029824,0.000000,536.266849,9474.636058
16481.030148,888.247130,612.876398,9622.677246
16481.030472,370.102971,76.609550,9992.780217
16481.030796,-296.082377,-306.438199,10066.800811
16481.031121,-222.061783,-459.657299,9548.656652
16481.031445,0.000000,-306.438199,9400.615463
16481.031769,222.061783,-1378.971896,9474.636058
16481.032093,518.144159,-1072.533697,9992.780217
16481.032417,74.020594,-1149.143247,9770.718434
16481.032742,296.082377,-1302.362347,9548.656652
16481.033066,1776.494261,-1225.752797,9696.697840
16481.033390,1110.308913,-1378.971896,9622.677246
16481.033714,296.082377,-1685.410096,9252.574275
16481.034038,518.144159,-2068.457845,8956.491898
16481.034363,1110.308913,-2451.505594,9252.574275
16481.034687,296.082377,-2451.505594,9474.636058
16481.035011,-370.102971,-2757.943793,9104.533087
16481.035335,222.061783,-2451.505594,8512.368333
16481.035660,74.020594,-2834.553343,9030.512492
16481.035984,888.247130,-2451.505594,9104.533087
16481.036308,518.144159,-1991.848295,9548.656652
16481.036632,0.000000,-1991.848295,9474.636058
16481.036956,1184.329507,-1762.019645,9400.615463
16481.037281,2072.576638,-1532.190996,9844.739029
16481.037605,666.185348,-1225.752797,9844.739029
16481.037929,74.020594,-1455.581446,9696.697840
16481.038253,444.123565,-1072.533697,9548.656652
16481.038577,1036.288319,-995.924147,9992.780217
16481.038902,0.000000,-919.314598,10288.862594
16481.039226,-814.226536,-766.095498,9548.656652
16481.039550,-370.102971,-383.047749,9400.615463
16481.039874,0.000000,-153.219100,9918.759623
16481.040199,296.082377,229.828649,9770.718434
16481.040523,-296.082377,536.266849,9622.677246
16481.040847,-444.123565,1302.362347,9326.594869
16481.041171,888.247130,2298.286494,9474.636058
16481.041495,888.247130,2145.067394,9770.718434
16481.041820,-444.123565,2298.286494,8956.491898
16481.042144,-666.185348,2911.162892,8660.409521
16481.042468,0.000000,3064.381992,8586.388927
16481.042792,-666.185348,3064.381992,8586.388927
16481.043116,-1258.350101,3064.381992,8438.347739
16481.043441,-1850.514855,3370.820191,7476.080014
16481.043765,-1480.411884,3294.210641,7846.182985
16481.044089,-1184.329507,3524.039291,8438.347739
16481.044413,-740.205942,3677.258390,8512.368333
16481.044737,-1258.350101,3447.429741,7772.162391
16481.045062,-666.185348,3600.648841,8068.244768
16481.045386,74.020594,3753.867940,9252.574275
16481.045710,0.000000,3064.381992,8956.491898
16481.046034,-740.205942,2528.115143,9030.512492
16481.046359,0.000000,2834.553343,9104.533087
16481.046683,148.041188,2374.896044,9474.636058
16481.047007,-296.082377,2145.067394,9844.739029
16481.047331,-296.082377,1608.800546,9326.594869
16481.047655,0.000000,1838.629195,9252.574275
16481.047980,296.082377,1225.752797,9400.615463
16481.048304,666.185348,842.705048,9918.759623
16481.048628,814.226536,612.876398,9474.636058
16481.048952,370.102971,459.657299,9696.697840
16481.049276,1776.494261,612.876398,9844.739029
16481.049601,2146.597232,76.609550,10288.862594
16481.049925,444.123565,-842.705048,10066.800811
16481.050249,592.164754,-536.266849,9252.574275
16481.050573,1258.350101,-612.876398,9770.718434
16481.050898,666.185348,-1149.143247,9622.677246
16481.051222,0.000000,-1072.533697,9474.636058
16481.051546,-74.020594,-1378.971896,9030.512492
16481.051870,296.082377,-1838.629195,8808.450710
16481.052194,666.185348,-1072.533697,9252.574275
16481.052519,1036.288319,-1532.190996,9178.553681
16481.052843,0.000000,-1455.581446,8808.450710
16481.053167,370.102971,-1532.190996,8956.491898
16481.053491,1702.473667,-1532.190996,9474.636058
16481.053815,1036.288319,-1225.752797,9548.656652
16481.054140,-74.020594,-2221.676944,9178.553681
16481.054464,222.061783,-2451.505594,9326.594869
16481.054788,1036.288319,-1838.629195,9474.636058
16481.055112,0.000000,-2221.676944,9918.759623
16481.055437,-296.082377,-1991.848295,9770.718434
16481.055761,-222.061783,-1991.848295,9400.615463
16481.056085,0.000000,-1455.581446,9622.677246
16481.056409,296.082377,-842.705048,10140.821405
16481.056733,0.000000,-689.485948,9918.759623
16481.057058,-222.061783,-842.705048,9844.739029
16481.057382,666.185348,-459.657299,9844.739029
16481.057706,1184.329507,306.438199,10214.842000
16481.058030,0.000000,0.000000,9770.718434
16481.058354,-666.185348,842.705048,9622.677246
16481.058679,-444.123565,612.876398,9474.636058
16481.059003,-740.205942,1302.362347,9474.636058
16481.059327,-1332.370696,459.657299,9030.512492
16481.059651,-1036.288319,2068.457845,8808.450710
16481.059975,-1406.391290,1608.800546,8956.491898
16481.060300,-1036.288319,2145.067394,8956.491898
16481.060624,-592.164754,2528.115143,9030.512492
16481.060948,-888.247130,2757.943793,8438.347739
16481.061272,-1332.370696,2987.772442,8438.347739
16481.061597,0.000000,3217.601092,8512.368333
16481.061921,148.041188,3677.258390,9104.533087
16481.062245,-1332.370696,3447.429741,8734.430116
16481.062569,-1036.288319,3294.210641,8512.368333
16481.062893,-666.185348,3370.820191,8882.471304
16481.063218,-740.205942,3677.258390,9104.533087
16481.063542,-1406.391290,2911.162892,8956.491898
16481.063866,-1332.370696,3294.210641,8882.471304
16481.064190,-592.164754,3064.381992,8808.450710
16481.064514,-666.185348,3140.991542,9326.594869
16481.064839,-296.082377,3217.601092,9104.533087
16481.065163,-518.144159,3217.601092,9104.533087
16481.065487,370.102971,3524.039291,9030.512492
16481.065811,1554.432478,2298.286494,9770.718434
16481.066136,296.082377,2221.676944,9178.553681
16481.066460,-148.041188,1685.410096,9178.553681
16481.066784,814.226536,1991.848295,9178.553681
16481.067108,814.226536,1378.971896,9696.697840
16481.067432,-222.061783,306.438199,9326.594869
16481.067757,-222.061783,1072.533697,9104.533087
16481.068081,74.020594,306.438199,8660.409521
16481.068405,0.000000,-229.828649,8956.491898
16481.068729,370.102971,-689.485948,9474.636058
16481.069053,0.000000,-536.266849,9400.615463
16481.069378,74.020594,-536.266849,9474.636058
16481.069702,1110.308913,-766.095498,9474.636058
16481.070026,1702.473667,-689.485948,10362.883188
16481.070350,74.020594,-1302.362347,9622.677246
16481.070675,0.000000,-1608.800546,9474.636058
16481.070999,1480.411884,-1685.410096,9696.697840
16481.071323,592.164754,-1915.238745,9770.718434
16481.071647,0.000000,-2528.115143,9696.697840
16481.071971,222.061783,-1915.238745,9252.574275
16481.072296,370.102971,-1991.848295,9474.636058
16481.072620,666.185348,-2221.676944,9622.677246
16481.072944,1332.370696,-1762.019645,9474.636058
16481.073268,370.102971,-2145.067394,8808.450710
16481.073592,1036.288319,-1378.971896,8586.388927
16481.073917,2072.576638,-1608.800546,9252.574275
16481.074241,1332.370696,-1532.190996,9548.656652
16481.074565,296.082377,-1762.019645,9474.636058
16481.074892,592.164754,-1072.533697,9104.533087
16481.075216,1036.288319,-1149.143247,9326.594869
16481.075540,222.061783,-1378.971896,9770.718434
16481.075864,0.000000,-1072.533697,9622.677246
16481.076189,296.082377,-689.485948,9030.512492
16481.076513,-222.061783,-689.485948,9474.636058
16481.076837,-148.041188,-383.047749,9770.718434
16481.077161,0.000000,-153.219100,9770.718434
16481.077485,-296.082377,383.047749,9474.636058
16481.077810,148.041188,766.095498,9548.656652
16481.078134,1110.308913,1149.143247,10362.883188
16481.078458,-370.102971,1302.362347,9918.759623
16481.078782,-814.226536,1378.971896,9548.656652
16481.079107,0.000000,1762.019645,9696.697840
16481.079431,-296.082377,1762.019645,9548.656652
16481.079755,-962.267725,2298.286494,9104.533087
16481.080079,-1332.370696,2221.676944,8734.430116
16481.080403,-962.267725,3217.601092,8364.327145
16481.080728,-814.226536,3217.601092,8438.347739
16481.081052,-370.102971,3600.648841,8586.388927
16481.081376,-1036.288319,3907.087040,8216.285956
16481.081700,-1258.350101,3524.039291,7698.141797
16481.082024,518.144159,4366.744339,8364.327145
16481.082349,0.000000,3830.477490,8512.368333
16481.082673,-1554.432478,3217.601092,8142.265362
16481.082997,-1406.391290,3370.820191,8068.244768
16481.083321,0.000000,3064.381992,8660.409521
16481.083645,-814.226536,2451.505594,9030.512492
16481.083970,-1480.411884,2221.676944,9030.512492
16481.084294,-370.102971,2374.896044,8734.430116
16481.084618,0.000000,2451.505594,9178.553681
16481.084942,370.102971,2298.286494,9474.636058
16481.085267,518.144159,1915.238745,9474.636058
16481.085591,148.041188,1685.410096,9548.656652
16481.085915,1332.370696,1532.190996,9696.697840
16481.086239,2220.617826,1072.533697,10214.842000
16481.086563,1332.370696,842.705048,9844.739029
16481.086888,888.247130,383.047749,9696.697840
16481.087212,962.267725,383.047749,9770.718434
16481.087536,1406.391290,-383.047749,10214.842000
16481.087860,296.082377,-766.095498,10214.842000
16481.088184,222.061783,-689.485948,9548.656652
16481.088509,370.102971,-842.705048,9104.533087
16481.088833,592.164754,-1072.533697,9474.636058
16481.089157,888.247130,-306.438199,9474.636058
16481.089481,518.144159,-689.485948,9104.533087
16481.089805,74.020594,-1455.581446,8734.430116
16481.090130,1332.370696,-995.924147,9178.553681
16481.090454,1702.473667,-1225.752797,9474.636058
16481.090778,0.000000,-1838.629195,9104.533087
16481.091102,-296.082377,-2145.067394,8734.430116
16481.091427,666.185348,-2221.676944,9400.615463
16481.091751,148.041188,-2604.724693,9474.636058
16481.092075,-592.164754,-1685.410096,9400.615463
16481.092399,-740.205942,-2221.676944,9030.512492
16481.092723,-222.061783,-2451.505594,9622.677246
16481.093048,0.000000,-2298.286494,9992.780217
16481.093372,296.082377,-1455.581446,10288.862594
16481.093696,0.000000,-1149.143247,9622.677246
16481.094020,444.123565,-995.924147,9474.636058
16481.094344,1332.370696,-612.876398,9918.759623
16481.094669,296.082377,0.000000,10362.883188
16481.094993,-518.144159,-536.266849,9770.718434
16481.095317,296.082377,0.000000,9622.677246
16481.095641,592.164754,306.438199,9844.739029
16481.095965,-518.144159,0.000000,10066.800811
16481.096290,-1184.329507,0.000000,9474.636058
16481.096614,-740.205942,919.314598,8512.368333
16481.096938,-888.247130,1225.752797,9326.594869
16481.097262,-592.164754,1608.800546,9178.553681
16481.097587,-444.123565,2298.286494,8734.430116
16481.097911,-740.205942,2374.896044,8290.306550
16481.098235,0.000000,3140.991542,8734.430116
16481.098559,962.267725,3677.258390,8882.471304
16481.098883,-814.226536,3140.991542,8438.347739
16481.099208,-1628.453072,3294.210641,8512.368333
16481.099532,-444.123565,3677.258390,8438.347739
16481.099856,-888.247130,3140.991542,8956.491898
16481.100180,-1776.494261,2987.772442,8734.430116
16481.100504,-1332.370696,3370.820191,8438.347739
16481.100829,-1184.329507,3370.820191,9104.533087
16481.101153,-962.267725,2145.067394,9030.512492
16481.101477,-222.061783,3140.991542,9548.656652
16481.101801,-888.247130,3370.820191,8956.491898
16481.102126,-592.164754,3140.991542,9030.512492
16481.102450,888.247130,3294.210641,9474.636058
16481.102774,740.205942,2987.772442,9548.656652
16481.103098,0.000000,2451.505594,9326.594869
16481.103422,148.041188,2911.162892,8956.491898
16481.103747,888.247130,2374.896044,9178.553681
16481.104071,-148.041188,1302.362347,9770.718434
16481.104395,-370.102971,1149.143247,9252.574275
16481.104719,-148.041188,1225.752797,8586.388927
16481.105043,0.000000,76.609550,9400.615463
16481.105368,296.082377,153.219100,9104.533087
16481.105692,74.020594,536.266849,9548.656652
16481.106016,-148.041188,-306.438199,9178.553681
16481.106340,296.082377,0.000000,9400.615463
16481.106664,1332.370696,0.000000,9622.677246
16481.106989,296.082377,-766.095498,9622.677246
16481.107313,148.041188,-919.314598,9400.615463
16481.107637,518.144159,-766.095498,9474.636058
16481.107961,814.226536,-995.924147,9770.718434
16481.108286,-222.061783,-1532.190996,9770.718434
16481.108610,0.000000,-1608.800546,9400.615463
16481.108934,296.082377,-1762.019645,9178.553681
16481.109258,148.041188,-1608.800546,9770.718434
16481.109582,814.226536,-1685.410096,9326.594869
16481.109907,296.082377,-1302.362347,9400.615463
16481.110231,74.020594,-1838.629195,8882.471304
16481.110555,1850.514855,-1991.848295,9178.553681
16481.110879,1628.453072,-2068.457845,9696.697840
16481.111203,222.061783,-2145.067394,9030.512492
16481.111528,518.144159,-2145.067394,9326.594869
16481.111852,1406.391290,-1991.848295,9178.553681
16481.112176,444.123565,-1685.410096,9622.677246
16481.112500,0.000000,-2145.067394,9326.594869
16481.112824,148.041188,-1685.410096,8808.450710
16481.113149,592.164754,-1149.143247,9400.615463
16481.113473,592.164754,-1072.533697,9696.697840
16481.113797,444.123565,-995.924147,9844.739029
16481.114121,0.000000,-536.266849,9474.636058
16481.114446,518.144159,76.609550,9992.780217
16481.114770,1480.411884,0.000000,9992.780217
16481.115094,74.020594,306.438199,10214.842000
16481.115418,-370.102971,306.438199,9696.697840
16481.115742,0.000000,689.485948,9696.697840
16481.116067,-296.082377,536.266849,9918.759623
16481.116391,-740.205942,1149.143247,9770.718434
16481.116715,-1332.370696,1991.848295,9474.636058
16481.117039,-888.247130,1685.410096,8734.430116
16481.117363,-1110.308913,2298.286494,9400.615463
16481.117688,-370.102971,2374.896044,8660.409521
16481.118012,-666.185348,2681.334243,8882.471304
16481.118336,-1406.391290,3140.991542,8142.265362
16481.118660,-148.041188,3677.258390,8364.327145
16481.118984,148.041188,3907.087040,8882.471304
16481.119309,-1554.432478,3753.867940,8068.244768
16481.119633,-1332.370696,3677.258390,8068.244768
16481.119957,-296.082377,3753.867940,8142.265362
16481.120281,-814.226536,3447.429741,8512.368333
16481.120606,-1554.432478,2911.162892,8364.327145
16481.120930,-1110.308913,3447.429741,8438.347739
16481.121254,-962.267725,2757.943793,8734.430116
16481.121578,-370.102971,2681.334243,8882.471304
16481.121902,0.000000,2911.162892,9548.656652
16481.122227,-296.082377,2451.505594,9178.553681
16481.122551,296.082377,2374.896044,9178.553681
16481.122875,1332.370696,2298.286494,9696.697840
16481.123199,666.185348,1608.800546,9770.718434
16481.123523,148.041188,1072.533697,9548.656652
16481.123848,666.185348,1378.971896,9696.697840
16481.124172,888.247130,1302.362347,9326.594869
16481.124496,444.123565,-536.266849,9992.780217
16481.124820,148.041188,-459.657299,9770.718434
16481.125144,518.144159,-689.485948,9770.718434
16481.125469,444.123565,-842.705048,10214.842000
16481.125793,962.267725,-766.095498,9918.759623
16481.126117,1110.308913,-153.219100,9622.677246
16481.126441,370.102971,-919.314598,9548.656652
16481.126766,1406.391290,-689.485948,9326.594869
16481.127090,2220.617826,-919.314598,9770.718434
16481.127414,888.247130,-1455.581446,9474.636058
16481.127738,74.020594,-1378.971896,8882.471304
16481.128062,1110.308913,-1532.190996,9252.574275
16481.128387,296.082377,-1762.019645,9030.512492
16481.128711,-222.061783,-1685.410096,9326.594869
16481.129035,-740.205942,-2068.457845,8512.368333
16481.129359,0.000000,-2451.505594,8882.471304
16481.129683,0.000000,-1915.238745,9178.553681
16481.130008,444.123565,-1915.238745,9548.656652
16481.130332,-518.144159,-1762.019645,9252.574275
16481.130656,-296.082377,-1685.410096,8882.471304
16481.130980,1036.288319,-1302.362347,9696.697840
16481.131304,666.185348,-1532.190996,9918.759623
16481.131629,-740.205942,-1608.800546,9474.636058
16481.131953,-148.041188,-919.314598,9474.636058
16481.132277,444.123565,-766.095498,9770.718434
16481.132601,-518.144159,-612.876398,10288.862594
16481.132926,-666.185348,-1225.752797,9474.636058
16481.133250,-370.102971,0.000000,9326.594869
16481.133574,-666.185348,0.000000,9992.780217
16481.133898,-148.041188,0.000000,10214.842000
16481.134222,0.000000,766.095498,9696.697840
16481.134547,-666.185348,995.924147,9326.594869
16481.134871,-296.082377,1762.019645,9252.574275
16481.135195,1184.329507,2834.553343,9474.636058
16481.135519,0.000000,2451.505594,9030.512492
16481.135843,-814.226536,2681.334243,8586.388927
16481.136168,0.000000,3217.601092,8438.347739
16481.136492,-740.205942,3140.991542,8586.388927
16481.136816,-1258.350101,2987.772442,8586.388927
16481.137140,-1258.350101,3447.429741,8364.327145
16481.137465,-1332.370696,3524.039291,8068.244768
16481.137789,-1850.514855,3370.820191,8438.347739
16481.138113,-592.164754,4519.963438,8586.388927
16481.138437,-1258.350101,3677.258390,8512.368333
16481.138761,-1332.370696,3447.429741,8216.285956
16481.139086,-148.041188,3600.648841,9030.512492
16481.139410,0.000000,3294.210641,9104.533087
16481.139734,-814.226536,3370.820191,9178.553681
16481.140058,-740.205942,2987.772442,8734.430116
16481.140382,518.144159,3294.210641,9474.636058
16481.140707,-222.061783,2145.067394,9474.636058
16481.141031,-444.123565,2298.286494,9474.636058
16481.141355,0.000000,2374.896044,8882.471304
16481.141679,296.082377,2145.067394,9252.574275
16481.142003,296.082377,1685.410096,9400.615463
16481.142328,962.267725,919.314598,9178.553681
16481.142652,740.205942,1532.190996,9030.512492
16481.142976,1036.288319,1072.533697,9104.533087
16481.143300,1702.473667,1225.752797,9548.656652
16481.143625,1110.308913,536.266849,9918.759623
16481.143949,296.082377,76.609550,9474.636058
16481.144273,592.164754,459.657299,9400.615463
16481.144597,888.247130,0.000000,9326.594869
16481.144921,74.020594,-1378.971896,9622.677246
16481.145246,-148.041188,-383.047749,9252.574275
16481.145570,-370.102971,-1225.752797,9326.594869
16481.145894,-370.102971,-1762.019645,9474.636058
16481.146218,74.020594,-1532.190996,9696.697840
16481.146542,0.000000,-1532.190996,9474.636058
16481.146867,-148.041188,-1762.019645,8956.491898
16481.147191,814.226536,-1302.362347,9400.615463
16481.147515,1258.350101,-1915.238745,9770.718434
16481.147839,518.144159,-2221.676944,9770.718434
16481.148163,444.123565,-2221.676944,9474.636058
16481.148488,1110.308913,-2221.676944,9326.594869
16481.148812,888.247130,-2221.676944,9622.677246
16481.149136,740.205942,-2451.505594,9622.677246
16481.149460,518.144159,-1991.848295,9030.512492
16481.149785,962.267725,-1915.238745,9400.615463
16481.150109,444.123565,-2145.067394,9622.677246
16481.150433,962.267725,-1532.190996,9696.697840
16481.150757,518.144159,-1225.752797,9696.697840
16481.151081,740.205942,-995.924147,9770.718434
16481.151406,1258.350101,-612.876398,9918.759623
16481.151730,814.226536,0.000000,9918.759623
16481.152054,0.000000,-689.485948,9474.636058
16481.152378,74.020594,0.000000,9696.697840
16481.152702,-296.082377,0.000000,9474.636058
16481.153027,-1184.329507,0.000000,9770.718434
16481.153351,-1406.391290,76.609550,9326.594869
16481.153675,-592.164754,153.219100,9326.594869
16481.153999,-888.247130,1302.362347,8882.471304
16481.154323,-888.247130,1302.362347,9400.615463
16481.154648,-592.164754,2068.457845,9104.533087
16481.154972,-740.205942,2528.115143,8586.388927
16481.155296,0.000000,2834.553343,9178.553681
16481.155620,444.123565,3217.601092,9178.553681
16481.155945,-518.144159,3064.381992,8586.388927
16481.156269,-1036.288319,3447.429741,8364.327145
16481.156593,222.061783,3600.648841,8586.388927
16481.156917,-592.164754,3140.991542,8586.388927
16481.157241,-962.267725,3447.429741,8586.388927
16481.157566,-962.267725,3447.429741,8216.285956
16481.157890,-962.267725,3370.820191,8216.285956
16481.158214,-444.123565,3524.039291,8586.388927
16481.158538,-444.123565,2604.724693,8734.430116
16481.158862,-888.247130,3447.429741,8586.388927
16481.159187,-444.123565,2757.943793,8068.244768
16481.159511,888.247130,2757.943793,9252.574275
16481.159835,148.041188,2528.115143,9252.574275
16481.160159,-518.144159,1915.238745,9252.574275
16481.160483,148.041188,2298.286494,9104.533087
16481.160808,518.144159,1072.533697,9252.574275
16481.161132,0.000000,842.705048,9326.594869
16481.161456,-370.102971,612.876398,9326.594869
16481.161780,222.061783,-306.438199,8956.491898
16481.162105,222.061783,0.000000,9770.718434
16481.162429,518.144159,-229.828649,10362.883188
16481.162753,518.144159,-306.438199,10214.842000
16481.163077,444.123565,-995.924147,10140.821405
16481.163401,1184.329507,0.000000,9770.718434
16481.163726,2146.597232,-766.095498,10436.903782
16481.164050,888.247130,-766.095498,10140.821405
16481.164374,740.205942,-995.924147,9622.677246
16481.164698,1480.411884,-766.095498,9548.656652
16481.165022,1184.329507,-1302.362347,9622.677246
16481.165347,296.082377,-1762.019645,9104.533087
16481.165671,-222.061783,-1608.800546,8882.471304
16481.165995,74.020594,-1532.190996,8290.306550
16481.166319,222.061783,-1915.238745,9030.512492
16481.166643,74.020594,-1915.238745,9104.533087
16481.166968,-296.082377,-1838.629195,8808.450710
16481.167292,0.000000,-1991.848295,8734.430116
16481.167616,1110.308913,-1685.410096,9400.615463
16481.167940,814.226536,-1915.238745,9770.718434
16481.168265,-444.123565,-2221.676944,9178.553681
16481.168589,-296.082377,-1762.019645,9474.636058
16481.168913,370.102971,-1762.019645,9548.656652
16481.169237,-518.144159,-1838.629195,9918.759623
16481.169561,-1036.288319,-1532.190996,9696.697840
16481.169886,-222.061783,-1072.533697,8882.471304
16481.170210,0.000000,-766.095498,9992.780217
16481.170534,0.000000,-842.705048,10214.842000
16481.170858,-148.041188,0.000000,10140.821405
16481.171182,-370.102971,0.000000,9992.780217
16481.171507,296.082377,383.047749,10140.821405
16481.171831,1110.308913,919.314598,10362.883188
16481.172155,0.000000,1149.143247,9844.739029
16481.172479,-740.205942,1532.190996,9400.615463
16481.172804,370.102971,1225.752797,9252.574275
16481.173128,0.000000,2374.896044,9400.615463
16481.173452,-592.164754,2451.505594,9178.553681
16481.173776,-1332.370696,2528.115143,8364.327145
16481.174100,-1036.288319,2987.772442,8142.265362
16481.174425,-1110.308913,2987.772442,8660.409521
16481.174749,-1184.329507,3294.210641,8142.265362
16481.175073,-1184.329507,3830.477490,7772.162391
16481.175397,-1924.535449,3907.087040,7846.182985
16481.175722,-592.164754,3677.258390,8142.265362
16481.176046,-444.123565,3907.087040,9030.512492
16481.176371,-1110.308913,3600.648841,8660.409521
16481.176695,-1184.329507,3907.087040,8586.388927
16481.177019,-518.144159,2834.553343,8586.388927
16481.177344,74.020594,3753.867940,8956.491898
16481.177668,-1184.329507,2757.943793,9178.553681
16481.177993,-962.267725,2757.943793,9104.533087
16481.178317,-444.123565,2987.772442,9178.553681
16481.178641,148.041188,2681.334243,9474.636058
16481.178966,444.123565,2528.115143,9992.780217
16481.179290,370.102971,2298.286494,9030.512492
16481.179614,1258.350101,2451.505594,9844.739029
16481.179939,1628.453072,2451.505594,9696.697840
16481.180263,888.247130,1685.410096,9622.677246
16481.180588,444.123565,919.314598,9326.594869
16481.180912,592.164754,612.876398,9326.594869
16481.181236,888.247130,0.000000,9622.677246
16481.181561,222.061783,-153.219100,9474.636058
16481.181885,-222.061783,0.000000,8956.491898
16481.182210,0.000000,-536.266849,9030.512492
16481.182534,0.000000,-1072.533697,9474.636058
16481.182858,0.000000,-919.314598,9474.636058
16481.183183,-148.041188,-766.095498,9400.615463
16481.183507,-222.061783,-1302.362347,9400.615463
16481.183832,592.164754,-1225.752797,9474.636058
16481.184156,1332.370696,-842.705048,9918.759623
16481.184480,222.061783,-1455.581446,9474.636058
16481.184805,-148.041188,-1915.238745,9178.553681
16481.185129,444.123565,-2068.457845,9326.594869
16481.185454,518.144159,-2221.676944,9622.677246
16481.185778,-222.061783,-2451.505594,9474.636058
16481.186102,148.041188,-1762.019645,8882.471304
16481.186427,148.041188,-2451.505594,8734.430116
16481.186751,962.267725,-1915.238745,9252.574275
16481.187075,1184.329507,-2374.896044,9696.697840
16481.187400,518.144159,-1838.629195,9474.636058
16481.187724,1110.308913,-1608.800546,9474.636058
16481.188049,2590.720797,-995.924147,10288.862594
16481.188373,1628.453072,-1149.143247,9844.739029
16481.188697,740.205942,-1455.581446,9622.677246
16481.189022,444.123565,-766.095498,9178.553681
16481.189346,814.226536,-766.095498,9400.615463
16481.189671,296.082377,-689.485948,9844.739029
16481.189995,-740.205942,-766.095498,9622.677246
16481.190319,-740.205942,0.000000,9030.512492
16481.190644,0.000000,229.828649,9770.718434
16481.190968,-222.061783,-383.047749,9770.718434
16481.191293,-592.164754,459.657299,9548.656652
16481.191617,-814.226536,1378.971896,9178.553681
16481.191941,-444.123565,1608.800546,9326.594869
16481.192266,222.061783,1915.238745,9548.656652
16481.192590,-666.185348,2528.115143,9474.636058
16481.192915,-888.247130,2757.943793,8734.430116
16481.193239,-296.082377,3370.820191,9030.512492
16481.193563,-148.041188,2757.943793,9030.512492
16481.193888,-592.164754,3447.429741,8808.450710
16481.194212,-1110.308913,3294.210641,8586.388927
16481.194536,-888.247130,3370.820191,8364.327145
16481.194861,-1184.329507,3447.429741,8586.388927
16481.195185,-444.123565,3753.867940,8660.409521
16481.195510,-592.164754,3830.477490,8290.306550
16481.195834,-370.102971,3447.429741,8216.285956
16481.196158,0.000000,3524.039291,8882.471304
16481.196483,444.123565,3217.601092,8956.491898
16481.196807,-592.164754,3140.991542,8512.368333
16481.197132,-740.205942,2911.162892,8882.471304
16481.197456,0.000000,2834.553343,8438.347739
16481.197780,-222.061783,2068.457845,9252.574275
16481.198105,-222.061783,2221.676944,9474.636058
16481.198429,-296.082377,1685.410096,8364.327145
16481.198754,-74.020594,1225.752797,9326.594869
16481.199078,370.102971,919.314598,9622.677246
16481.199402,592.164754,689.485948,9844.739029
16481.199727,148.041188,612.876398,9622.677246
16481.200051,1406.391290,0.000000,9770.718434
16481.200376,1850.514855,229.828649,9992.780217
16481.200700,888.247130,-229.828649,10362.883188
16481.201024,296.082377,-536.266849,10066.800811
16481.201349,1184.329507,-612.876398,10214.842000
16481.201673,1184.329507,-1225.752797,10140.821405
16481.201997,444.123565,-1225.752797,9622.677246
16481.202322,148.041188,-919.314598,9326.594869
16481.202646,592.164754,-1455.581446,9030.512492
16481.202971,740.205942,-1608.800546,9770.718434
16481.203295,888.247130,-1225.752797,9104.533087
16481.203619,740.205942,-1455.581446,9104.533087
16481.203944,74.020594,-1838.629195,8808.450710
16481.204268,1110.308913,-1685.410096,9104.533087
16481.204593,1776.494261,-2604.724693,9104.533087
16481.204917,0.000000,-2221.676944,8956.491898
16481.205241,-222.061783,-1838.629195,8956.491898
16481.205566,740.205942,-2298.286494,9400.615463
16481.205890,296.082377,-2374.896044,9918.759623
16481.206215,-740.205942,-2221.676944,9474.636058
16481.206539,-666.185348,-1685.410096,9326.594869
16481.206863,-296.082377,-1532.190996,9548.656652
16481.207188,0.000000,-1762.019645,9992.780217
16481.207512,0.000000,-383.047749,9992.780217
16481.207837,-370.102971,-689.485948,9992.780217
16481.208161,0.000000,-459.657299,9918.759623
16481.208485,888.247130,76.609550,10362.883188
16481.208810,148.041188,306.438199,10288.862594
16481.209134,-518.144159,76.609550,9474.636058
16481.209458,-148.041188,842.705048,9548.656652
16481.209783,0.000000,1149.143247,9474.636058
16481.210107,-666.185348,842.705048,9548.656652
16481.210432,-1036.288319,1532.190996,9178.553681
16481.210756,-1036.288319,1762.019645,8808.450710
16481.211080,-962.267725,2374.896044,8882.471304
16481.211405,-1036.288319,2987.772442,8882.471304
16481.211729,-444.123565,2911.162892,8660.409521
16481.212054,-814.226536,3447.429741,8216.285956
16481.212378,-592.164754,3677.258390,8734.430116
16481.212702,74.020594,3907.087040,8660.409521
16481.213027,-666.185348,3983.696590,8660.409521
16481.213351,-1480.411884,3524.039291,8364.327145
16481.213676,-888.247130,4213.525239,8142.265362
16481.214000,-666.185348,3600.648841,8734.430116
16481.214324,-1998.556043,3677.258390,7994.224174
16481.214649,-1776.494261,3677.258390,8364.327145
16481.214973,-1110.308913,3064.381992,8734.430116
16481.215298,-592.164754,3140.991542,9178.553681
16481.215622,-592.164754,3064.381992,9252.574275
16481.215946,-962.267725,2681.334243,8882.471304
16481.216271,296.082377,2911.162892,9178.553681
16481.216595,1554.432478,2757.943793,9548.656652
16481.216919,1184.329507,2145.067394,9474.636058
16481.217244,0.000000,1685.410096,9474.636058
16481.217568,296.082377,1378.971896,9474.636058
16481.217893,1258.350101,689.485948,9474.636058
16481.218217,370.102971,76.609550,9770.718434
16481.218541,-148.041188,0.000000,9548.656652
16481.218866,74.020594,153.219100,8882.471304
16481.219190,740.205942,-306.438199,9770.718434
16481.219515,74.020594,-612.876398,9844.739029
16481.219839,148.041188,-459.657299,9844.739029
16481.220163,0.000000,-766.095498,9252.574275
16481.220488,370.102971,0.000000,9400.615463
16481.220812,1036.288319,-459.657299,9548.656652
16481.221137,370.102971,-995.924147,9104.533087
16481.221461,-148.041188,-536.266849,8808.450710
16481.221785,370.102971,-1378.971896,9104.533087
16481.222110,518.144159,-1762.019645,9400.615463
16481.222434,-222.061783,-1991.848295,9252.574275
16481.222759,-444.123565,-2298.286494,9252.574275
16481.223083,74.020594,-2298.286494,8808.450710
16481.223407,74.020594,-2068.457845,9030.512492
16481.223732,222.061783,-2451.505594,9104.533087
16481.224056,666.185348,-1991.848295,9400.615463
16481.224380,888.247130,-2145.067394,9400.615463
16481.224705,1628.453072,-1991.848295,9844.739029
16481.225029,1850.514855,-1991.848295,10066.800811
16481.225354,962.267725,-1302.362347,9918.759623
16481.225678,1184.329507,-1838.629195,10066.800811
16481.226002,1406.391290,-1991.848295,9474.636058
16481.226327,666.185348,-2068.457845,10066.800811
16481.226651,148.041188,-1302.362347,10140.821405
16481.226976,444.123565,-1225.752797,9548.656652
16481.227300,370.102971,-1072.533697,9548.656652
16481.227624,0.000000,-1072.533697,10140.821405
16481.227949,74.020594,-536.266849,9696.697840
16481.228273,-74.020594,229.828649,9918.759623
16481.228598,296.082377,306.438199,9770.718434
16481.228922,814.226536,1455.581446,9622.677246
16481.229246,-148.041188,1225.752797,9548.656652
16481.229571,-962.267725,1225.752797,8956.491898
16481.229895,-592.164754,1685.410096,8956.491898
16481.230220,-444.123565,2528.115143,8882.471304
16481.230544,-1702.473667,2987.772442,8438.347739
16481.230868,-1332.370696,2451.505594,8438.347739
16481.231193,-1036.288319,3294.210641,8438.347739
16481.231517,-1628.453072,2911.162892,8586.388927
16481.231841,-962.267725,3294.210641,8438.347739
16481.232166,-814.226536,3524.039291,8660.409521
16481.232490,-1110.308913,2604.724693,8216.285956
16481.232815,0.000000,4213.525239,8660.409521
16481.233139,148.041188,3677.258390,8660.409521
16481.233463,-1184.329507,3217.601092,8512.368333
16481.233788,-1036.288319,3524.039291,8734.430116
16481.234112,0.000000,3217.601092,8882.471304
16481.234437,-444.123565,2681.334243,9178.553681
16481.234761,-1110.308913,2528.115143,8808.450710
16481.235085,-1258.350101,3294.210641,8290.306550
16481.235410,-592.164754,1991.848295,9030.512492
16481.235734,-296.082377,1838.629195,9474.636058
16481.236059,0.000000,1838.629195,9400.615463
16481.236383,0.000000,1838.629195,9030.512492
16481.236707,148.041188,995.924147,8956.491898
16481.237032,1184.329507,536.266849,9400.615463
16481.237356,962.267725,459.657299,9992.780217
16481.237681,148.041188,0.000000,9918.759623
16481.238005,962.267725,0.000000,9770.718434
16481.238329,962.267725,-536.266849,9918.759623
16481.238654,222.061783,-919.314598,9992.780217
16481.238978,444.123565,-766.095498,9474.636058
16481.239302,814.226536,-229.828649,9474.636058
16481.239627,740.205942,-1302.362347,9400.615463
16481.239951,296.082377,-766.095498,9178.553681
16481.240276,1184.329507,-919.314598,9252.574275
16481.240600,1036.288319,-995.924147,9252.574275
16481.240924,1628.453072,-1302.362347,9474.636058
16481.241249,1628.453072,-1378.971896,9400.615463
16481.241573,592.164754,-2221.676944,8956.491898
16481.241898,814.226536,-1608.800546,9326.594869
16481.242222,814.226536,-1685.410096,9326.594869
16481.242546,518.144159,-2757.943793,9326.594869
16481.242871,-222.061783,-2374.896044,9252.574275
16481.243195,-296.082377,-2068.457845,9252.574275
16481.243520,-74.020594,-1838.629195,9474.636058
16481.243844,-74.020594,-1762.019645,9918.759623
16481.244168,74.020594,-1532.190996,9770.718434
16481.244493,0.000000,-1685.410096,9918.759623
16481.244817,-370.102971,-1072.533697,9400.615463
16481.245142,1036.288319,-612.876398,9770.718434
16481.245466,0.000000,-306.438199,9844.739029
16481.245790,-888.247130,-919.314598,9326.594869
16481.246115,-222.061783,-153.219100,9622.677246
16481.246439,-222.061783,0.000000,9400.615463
16481.246764,-814.226536,306.438199,9770.718434
16481.247088,-1554.432478,536.266849,9326.594869
16481.247412,-1258.350101,612.876398,8882.471304
16481.247737,-1036.288319,842.705048,9252.574275
16481.248061,-888.247130,1225.752797,9622.677246
16481.248385,-666.185348,1915.238745,8956.491898
16481.248710,-666.185348,2451.505594,8808.450710
16481.249034,0.000000,2987.772442,9030.512492
16481.249359,666.185348,3677.258390,9178.553681
16481.249683,-370.102971,2911.162892,8956.491898
16481.250007,-814.226536,3064.381992,8660.409521
16481.250332,-518.144159,3524.039291,8808.450710
16481.250656,-592.164754,3447.429741,8734.430116
16481.250981,-1332.370696,3294.210641,8512.368333
16481.251305,-1406.391290,3600.648841,8068.244768
16481.251629,-1480.411884,3524.039291,8438.347739
16481.251954,-962.267725,3294.210641,8438.347739
16481.252278,-518.144159,3447.429741,9178.553681
16481.252603,-1110.308913,3370.820191,8512.368333
16481.252927,-740.205942,3217.601092,8512.368333
16481.253251,222.061783,3524.039291,8956.491898
16481.253576,296.082377,3447.429741,9326.594869
16481.253900,-592.164754,3140.991542,9030.512492
16481.254225,0.000000,2451.505594,8808.450710
16481.254549,740.205942,2145.067394,9104.533087
16481.254873,74.020594,1991.848295,9474.636058
16481.255198,-148.041188,1302.362347,9474.636058
16481.255522,148.041188,1225.752797,8734.430116
16481.255846,518.144159,919.314598,9474.636058
16481.256171,962.267725,536.266849,9918.759623
16481.256495,0.000000,612.876398,9622.677246
16481.256820,222.061783,76.609550,9770.718434
16481.257144,1110.308913,229.828649,10140.821405
16481.257468,1702.473667,0.000000,10288.862594
16481.257793,370.102971,-612.876398,9474.636058
16481.258117,370.102971,-766.095498,9326.594869
16481.258442,1406.391290,-1149.143247,9548.656652
16481.258766,296.082377,-919.314598,9548.656652
16481.259090,-814.226536,-1302.362347,9474.636058
16481.259415,-740.205942,-1378.971896,8882.471304
16481.259739,-74.020594,-1455.581446,8808.450710
16481.260064,-370.102971,-1991.848295,9252.574275
16481.260388,0.000000,-1838.629195,9252.574275
16481.260712,0.000000,-1915.238745,8956.491898
16481.261037,74.020594,-1762.019645,8438.347739
16481.261361,1258.350101,-1608.800546,9104.533087
16481.261686,1554.432478,-1915.238745,9474.636058
16481.262010,296.082377,-1838.629195,9252.574275
16481.262334,740.205942,-1915.238745,9252.574275
16481.262659,1924.535449,-1532.190996,9474.636058
16481.262983,1184.329507,-2221.676944,9844.739029
16481.263307,518.144159,-1532.190996,9696.697840
16481.263632,814.226536,-1838.629195,9696.697840
16481.263956,1036.288319,-1685.410096,9844.739029
16481.264281,1110.308913,-1532.190996,10658.965565
16481.264605,888.247130,-1149.143247,10362.883188
16481.264929,592.164754,-766.095498,9918.759623
16481.265254,962.267725,-919.314598,9844.739029
16481.265578,962.267725,-229.828649,9992.780217
16481.265903,444.123565,229.828649,10140.821405
16481.266227,-370.102971,306.438199,9622.677246
16481.266551,-444.123565,459.657299,9252.574275
16481.266876,0.000000,612.876398,9622.677246
16481.267200,-1184.329507,1072.533697,9326.594869
16481.267525,-1036.288319,1915.238745,9178.553681
16481.267849,-1110.308913,1378.971896,8364.327145
16481.268173,-1036.288319,2374.896044,8660.409521
16481.268498,-814.226536,2451.505594,8808.450710
16481.268822,-740.205942,2681.334243,8290.306550
16481.269147,-1036.288319,3217.601092,7920.203579
16481.269471,0.000000,3677.258390,8290.306550
16481.269795,148.041188,3830.477490,8438.347739
16481.270120,-1332.370696,3677.258390,8512.368333
16481.270444,-1036.288319,3983.696590,8290.306550
16481.270768,-592.164754,3370.820191,8586.388927
16481.271093,-740.205942,2987.772442,8882.471304
16481.271417,-1332.370696,2757.943793,9030.512492
16481.271742,-1480.411884,3140.991542,8512.368333
16481.272066,-888.247130,2911.162892,8882.471304
16481.272390,-518.144159,2374.896044,9030.512492
16481.272715,0.000000,2528.115143,9326.594869
16481.273039,-592.164754,2374.896044,9030.512492
16481.273364,148.041188,2374.896044,9252.574275
16481.273688,1406.391290,1915.238745,9548.656652
16481.274012,1036.288319,1608.800546,9770.718434
16481.274337,296.082377,1072.533697,9104.533087
16481.274661,1110.308913,766.095498,9252.574275
16481.274986,1406.391290,612.876398,9622.677246
16481.275310,296.082377,153.219100,9696.697840
16481.275634,-222.061783,-306.438199,9548.656652
16481.275959,444.123565,-459.657299,9252.574275
16481.276283,592.164754,-229.828649,10066.800811
16481.276607,740.205942,-842.705048,9696.697840
16481.276932,740.205942,-306.438199,9326.594869
16481.277256,740.205942,-919.314598,9400.615463
16481.277581,1480.411884,-612.876398,9474.636058
16481.277905,2294.638420,-689.485948,9696.697840
16481.278229,814.226536,-1532.190996,9474.636058
16481.278554,296.082377,-1762.019645,8882.471304
16481.278878,1184.329507,-1608.800546,9178.553681
16481.279203,1184.329507,-1608.800546,9918.759623
16481.279527,296.082377,-2221.676944,9844.739029
16481.279851,-148.041188,-2298.286494,9400.615463
16481.280176,0.000000,-2145.067394,9400.615463
16481.280500,222.061783,-2145.067394,9770.718434
16481.280824,296.082377,-2221.676944,9844.739029
16481.281149,148.041188,-1762.019645,9474.636058
16481.281473,148.041188,-1532.190996,9252.574275
16481.281798,1110.308913,-1225.752797,9696.697840
16481.282122,740.205942,-1378.971896,9992.780217
16481.282446,-592.164754,-1378.971896,9400.615463
16481.282771,-592.164754,-1149.143247,9178.553681
16481.283095,0.000000,-919.314598,9326.594869
16481.283419,-592.164754,-536.266849,9400.615463
16481.283744,-888.247130,-919.314598,9326.594869
16481.284068,-888.247130,-306.438199,8956.491898
16481.284393,-1332.370696,-153.219100,9474.636058
16481.284717,-814.226536,0.000000,9622.677246
16481.285041,-518.144159,995.924147,9548.656652
16481.285366,-814.226536,1149.143247,9548.656652
16481.285690,0.000000,1532.190996,9326.594869
16481.286015,370.102971,2451.505594,9474.636058
16481.286339,-148.041188,2298.286494,9622.677246
16481.286663,-666.185348,2068.457845,9252.574275
16481.286988,-296.082377,2834.553343,9178.553681
16481.287312,148.041188,2604.724693,9474.636058
16481.287636,-1036.288319,2834.553343,8956.491898
16481.287961,-1480.411884,2987.772442,8364.327145
16481.288285,-962.267725,3524.039291,7994.224174
16481.288610,-962.267725,3524.039291,8586.388927
16481.288934,-962.267725,3677.258390,8808.450710
16481.289258,-962.267725,3600.648841,8512.368333
16481.289583,-1036.288319,3677.258390,8364.327145
16481.289907,0.000000,3907.087040,8364.327145
16481.290231,444.123565,4213.525239,8512.368333
16481.290556,-1036.288319,3217.601092,8660.409521
16481.290880,-962.267725,2757.943793,8142.265362
16481.291205,74.020594,3370.820191,8882.471304
16481.291529,-148.041188,2528.115143,9474.636058
16481.291853,-740.205942,2068.457845,9178.553681
16481.292178,-222.061783,2221.676944,8512.368333
16481.292502,0.000000,1762.019645,9326.594869
16481.292827,370.102971,1302.362347,9400.615463
16481.293151,370.102971,1608.800546,9474.636058
16481.293475,888.247130,383.047749,9622.677246
16481.293800,740.205942,766.095498,9474.636058
16481.294124,1554.432478,459.657299,9992.780217
16481.294448,962.267725,76.609550,10510.924376
16481.294773,0.000000,-459.657299,9770.718434
16481.295097,814.226536,-612.876398,9844.739029
16481.295422,592.164754,-766.095498,9548.656652
16481.295746,0.000000,-995.924147,10066.800811
16481.296070,-296.082377,-1225.752797,9770.718434
16481.296395,0.000000,-1225.752797,9030.512492
16481.296719,-444.123565,-1302.362347,9622.677246
16481.297043,0.000000,-1532.190996,9326.594869
16481.297368,444.123565,-1532.190996,9326.594869
16481.297692,-666.185348,-1149.143247,8290.306550
16481.298017,1036.288319,-1302.362347,9178.553681
16481.298341,1406.391290,-1608.800546,9400.615463
16481.298665,296.082377,-1762.019645,9030.512492
16481.298990,148.041188,-2298.286494,9030.512492
16481.299314,740.205942,-1762.019645,9104.533087
16481.299639,1406.391290,-2451.505594,9474.636058
16481.299963,444.123565,-2604.724693,9474.636058
16481.300287,370.102971,-2221.676944,9252.574275
16481.300612,814.226536,-1991.848295,9622.677246
16481.300936,1110.308913,-1991.848295,9992.780217
16481.301260,1036.288319,-1608.800546,10214.842000
16481.301585,370.102971,-1072.533697,9992.780217
16481.301909,814.226536,-1149.143247,9474.636058
16481.302234,1406.391290,-1225.752797,10214.842000
16481.302558,1554.432478,-229.828649,10140.821405
16481.302882,0.000000,-612.876398,9918.759623
16481.303207,370.102971,-306.438199,9622.677246
16481.303531,444.123565,-153.219100,9696.697840
16481.303856,-592.164754,0.000000,10066.800811
16481.304180,-1258.350101,153.219100,9400.615463
16481.304504,-592.164754,76.609550,8956.491898
16481.304829,-962.267725,995.924147,9326.594869
16481.305153,-370.102971,1532.190996,9548.656652
16481.305477,-888.247130,1915.238745,9030.512492
16481.305802,-1258.350101,2528.115143,8512.368333
16481.306126,0.000000,3064.381992,8660.409521
16481.306451,1258.350101,3524.039291,9104.533087
16481.306775,-814.226536,3600.648841,8660.409521
16481.307099,-1480.411884,3600.648841,7772.162391
16481.307424,-592.164754,3907.087040,8142.265362
16481.307748,-1184.329507,3140.991542,8512.368333
16481.308072,-1776.494261,3217.601092,8290.306550
16481.308397,-1702.473667,3140.991542,7920.203579
16481.308721,-1406.391290,2911.162892,7550.100608
16481.309046,-1406.391290,3064.381992,8438.347739
16481.309370,-592.164754,3140.991542,9030.512492
16481.309694,-1110.308913,2834.553343,8956.491898
16481.310019,-1036.288319,2528.115143,8882.471304
16481.310343,666.185348,3140.991542,9474.636058
16481.310668,888.247130,2528.115143,9918.759623
16481.310992,222.061783,2528.115143,9548.656652
16481.311316,222.061783,1762.019645,9326.594869
16481.311641,1184.329507,2068.457845,9400.615463
16481.311965,222.061783,1225.752797,9474.636058
16481.312289,296.082377,536.266849,10066.800811
16481.312614,370.102971,612.876398,9178.553681
16481.312938,370.102971,76.609550,9622.677246
16481.313263,1036.288319,76.609550,10140.821405
16481.313587,1332.370696,-383.047749,9844.739029
16481.313911,814.226536,-536.266849,9400.615463
16481.314236,1110.308913,-229.828649,9770.718434
16481.314560,1776.494261,-536.266849,9622.677246
16481.314884,740.205942,-919.314598,9696.697840
16481.315209,148.041188,-1072.533697,9326.594869
16481.315533,814.226536,-1072.533697,8956.491898
16481.315858,962.267725,-1838.629195,8956.491898
16481.316182,148.041188,-1838.629195,9326.594869
16481.316506,296.082377,-1991.848295,9104.533087
16481.316831,0.000000,-1991.848295,8882.471304
16481.317155,0.000000,-2298.286494,9252.574275
16481.317480,444.123565,-2068.457845,9474.636058
16481.317804,222.061783,-2298.286494,9770.718434
16481.318128,518.144159,-2451.505594,8734.430116
16481.318453,1702.473667,-1302.362347,9770.718434
16481.318777,1406.391290,-2145.067394,9992.780217
16481.319101,0.000000,-1915.238745,10066.800811
16481.319426,74.020594,-1608.800546,9844.739029
16481.319750,814.226536,-1455.581446,9696.697840
16481.320075,0.000000,-1532.190996,10214.842000
16481.320399,-962.267725,-1072.533697,9622.677246
16481.320723,-1110.308913,-919.314598,9178.553681
16481.321048,74.020594,-612.876398,9696.697840
16481.321372,-296.082377,-153.219100,9992.780217
16481.321696,-666.185348,383.047749,9844.739029
16481.322021,-814.226536,229.828649,9326.594869
16481.322345,-296.082377,536.266849,9104.533087
16481.322670,1036.288319,1378.971896,9696.697840
16481.322994,0.000000,1149.143247,9844.739029
16481.323318,-1184.329507,1762.019645,8882.471304
16481.323643,-518.144159,2068.457845,9104.533087
16481.323967,0.000000,2145.067394,9178.553681
16481.324292,-1184.329507,2145.067394,9030.512492
16481.324616,-1628.453072,2374.896044,8438.347739
16481.324940,-1110.308913,3370.820191,7772.162391
16481.325265,-518.144159,2604.724693,8882.471304
16481.325589,-444.123565,2987.772442,8438.347739
16481.325913,-888.247130,3447.429741,8808.450710
16481.326238,-1184.329507,3753.867940,8290.306550
16481.326562,-296.082377,3753.867940,8808.450710
16481.326887,74.020594,3524.039291,9326.594869
16481.327211,-296.082377,3600.648841,9030.512492
16481.327535,-814.226536,3677.258390,8512.368333
16481.327860,-222.061783,3677.258390,8660.409521
16481.328184,-296.082377,2911.162892,8956.491898
16481.328508,-962.267725,2987.772442,9326.594869
16481.328833,-1184.329507,2604.724693,8438.347739
16481.329157,-740.205942,2681.334243,8882.471304
16481.329482,-296.082377,2374.896044,9252.574275
16481.329806,0.000000,2451.505594,8808.450710
16481.330130,74.020594,1838.629195,9400.615463
16481.330455,518.144159,1762.019645,9326.594869
16481.330779,1480.411884,1838.629195,9548.656652
16481.331104,888.247130,1302.362347,9474.636058
16481.331428,0.000000,766.095498,9474.636058
16481.331752,518.144159,459.657299,9326.594869
16481.332077,1110.308913,229.828649,9622.677246
16481.332401,0.000000,-1149.143247,9696.697840
16481.332725,-592.164754,-766.095498,9474.636058
16481.333050,0.000000,-766.095498,9400.615463
16481.333374,74.020594,-1072.533697,9770.718434
16481.333699,222.061783,-1149.143247,10066.800811
16481.334023,444.123565,-1149.143247,9548.656652
16481.334347,0.000000,-1225.752797,9178.553681
16481.334672,1332.370696,-1302.362347,9918.759623
16481.334996,1628.453072,-919.314598,9326.594869
16481.335320,0.000000,-1532.190996,9474.636058
16481.335645,-222.061783,-1608.800546,9104.533087
16481.335969,666.185348,-1532.190996,9400.615463
16481.336294,814.226536,-2145.067394,9252.574275
16481.336618,74.020594,-1608.800546,9030.512492
16481.336942,-222.061783,-2145.067394,9104.533087
16481.337267,74.020594,-2298.286494,8216.285956
16481.337591,592.164754,-2145.067394,9252.574275
16481.337916,814.226536,-2068.457845,9474.636058
16481.338240,222.061783,-1685.410096,9252.574275
16481.338564,518.144159,-1072.533697,8882.471304
16481.338889,2220.617826,-919.314598,9474.636058
16481.339213,1702.473667,-1149.143247,9844.739029
16481.339537,518.144159,-1225.752797,9400.615463
16481.339862,666.185348,-919.314598,9622.677246
16481.340186,1110.308913,-919.314598,10066.800811
16481.340511,296.082377,-919.314598,10436.903782
16481.340835,-296.082377,-459.657299,9844.739029
16481.341159,-518.144159,-459.657299,9474.636058
16481.341484,296.082377,0.000000,9992.780217
16481.341808,0.000000,306.438199,10214.842000
16481.342132,0.000000,459.657299,9918.759623
16481.342457,-592.164754,919.314598,9770.718434
16481.342781,148.041188,1608.800546,9474.636058
16481.343106,592.164754,2221.676944,9770.718434
16481.343430,-518.144159,2604.724693,9252.574275
16481.343754,-518.144159,2451.505594,9030.512492
16481.344079,-444.123565,2987.772442,8364.327145
16481.344403,-592.164754,3140.991542,8364.327145
16481.344728,-1332.370696,3140.991542,8660.409521
16481.345052,-1406.391290,3600.648841,7994.224174
16481.345376,-1480.411884,3370.820191,7772.162391
16481.345701,-1776.494261,3370.820191,7994.224174
16481.346025,-888.247130,3447.429741,8068.244768
16481.346349,-1036.288319,3217.601092,7846.182985
16481.346674,-1184.329507,3370.820191,7920.203579
16481.346998,0.000000,3370.820191,8364.327145
16481.347323,370.102971,3294.210641,9104.533087
16481.347647,-1258.350101,2451.505594,8956.491898
16481.347971,-518.144159,2374.896044,9104.533087
16481.348296,370.102971,2451.505594,9178.553681
16481.348620,0.000000,1685.410096,9474.636058
16481.348944,-370.102971,1302.362347,9474.636058
16481.349269,0.000000,1072.533697,9252.574275
16481.349593,370.102971,919.314598,9474.636058
16481.349918,666.185348,689.485948,10288.862594
16481.350242,1036.288319,306.438199,10140.821405
16481.350566,666.185348,0.000000,9474.636058
16481.350891,1184.329507,0.000000,9770.718434
16481.351215,2294.638420,306.438199,10732.986159
16481.351540,1036.288319,-306.438199,10214.842000
16481.351864,444.123565,-612.876398,9548.656652
16481.352188,962.267725,-229.828649,9696.697840
16481.352513,1184.329507,-536.266849,8956.491898
16481.352837,296.082377,-1149.143247,9474.636058
16481.353161,148.041188,-919.314598,8660.409521
16481.353486,222.061783,-995.924147,8660.409521
16481.353810,296.082377,-1302.362347,8882.471304
16481.354135,814.226536,-1455.581446,9030.512492
16481.354459,148.041188,-1378.971896,8808.450710
16481.354783,0.000000,-1762.019645,8586.388927
16481.355108,1480.411884,-1532.190996,9252.574275
16481.355432,1258.350101,-1378.971896,9474.636058
16481.355756,444.123565,-2068.457845,9770.718434
16481.356081,74.020594,-1915.238745,9474.636058
16481.356405,814.226536,-1915.238745,9844.739029
16481.356730,370.102971,-2451.505594,10140.821405
16481.357054,0.000000,-2298.286494,9918.759623
16481.357378,-444.123565,-2221.676944,9844.739029
16481.357703,-296.082377,-1532.190996,9622.677246
16481.358027,370.102971,-1608.800546,10140.821405
16481.358352,370.102971,-612.876398,10066.800811
16481.358676,-370.102971,-459.657299,9548.656652
16481.359000,0.000000,-153.219100,9622.677246
16481.359325,1184.329507,383.047749,10214.842000
16481.359649,0.000000,459.657299,9696.697840
16481.359973,-814.226536,0.000000,9474.636058
16481.360298,-518.144159,383.047749,8808.450710
16481.360622,-666.185348,536.266849,9252.574275
16481.360947,-1110.308913,689.485948,9400.615463
16481.361271,-1036.288319,1149.143247,8734.430116
16481.361595,-1110.308913,1838.629195,8438.347739
16481.361920,-1258.350101,2145.067394,8660.409521
16481.362244,-1184.329507,2451.505594,8956.491898
16481.362568,-592.164754,2911.162892,8586.388927
16481.362893,-1258.350101,2757.943793,8586.388927
16481.363217,-370.102971,3370.820191,8512.368333
16481.363542,0.000000,3600.648841,9030.512492
16481.363866,-1258.350101,3524.039291,8660.409521
16481.364190,-1480.411884,3907.087040,8882.471304
16481.364515,-296.082377,3677.258390,8438.347739
16481.364839,-518.144159,3600.648841,9178.553681
16481.365164,-1332.370696,2681.334243,9178.553681
16481.365488,-1184.329507,3370.820191,8512.368333
16481.365812,-814.226536,3294.210641,8956.491898
16481.366137,-370.102971,3140.991542,9252.574275
16481.366461,0.000000,3140.991542,9178.553681
16481.366785,-592.164754,3447.429741,8808.450710
16481.367110,148.041188,3217.601092,8290.306550
16481.367434,1776.494261,2681.334243,9400.615463
16481.367759,888.247130,2604.724693,9104.533087
16481.368083,-444.123565,1532.190996,9030.512492
16481.368407,370.102971,1838.629195,8808.450710
16481.368732,1184.329507,1225.752797,9178.553681
16481.369056,148.041188,1149.143247,9474.636058
16481.369380,-444.123565,306.438199,9400.615463
16481.369705,-148.041188,0.000000,8660.409521
16481.370029,222.061783,-229.828649,9548.656652
16481.370354,74.020594,-459.657299,9844.739029
16481.370678,296.082377,-383.047749,9844.739029
16481.371002,74.020594,-842.705048,9400.615463
16481.371327,888.247130,-612.876398,9770.718434
16481.371651,1776.494261,-842.705048,10436.903782
16481.371976,370.102971,-1455.581446,10140.821405
16481.372300,0.000000,-1685.410096,9770.718434
16481.372624,962.267725,-1302.362347,9696.697840
16481.372949,814.226536,-1762.019645,9992.780217
16481.373273,0.000000,-2374.896044,9400.615463
16481.373597,0.000000,-612.876398,8734.430116
16481.373922,148.041188,-1838.629195,8882.471304
16481.374246,222.061783,-1838.629195,9030.512492
16481.374571,740.205942,-1608.800546,9104.533087
16481.374895,296.082377,-1685.410096,8734.430116
16481.375219,444.123565,-1915.238745,8734.430116
16481.375544,1702.473667,-1532.190996,8882.471304
16481.375868,1406.391290,-1455.581446,9178.553681
16481.376192,148.041188,-2451.505594,9178.553681
16481.376517,296.082377,-1608.800546,8956.491898
16481.376841,1258.350101,-1915.238745,9400.615463
16481.377166,148.041188,-1838.629195,9844.739029
16481.377490,-296.082377,-1532.190996,9696.697840
16481.377814,0.000000,-1149.143247,9400.615463
16481.378139,148.041188,-536.266849,9696.697840
16481.378463,222.061783,-459.657299,10288.862594
16481.378787,222.061783,153.219100,10288.862594
16481.379112,-370.102971,76.609550,9696.697840
16481.379436,148.041188,612.876398,9992.780217
16481.379760,1036.288319,842.705048,10510.924376
16481.380085,-148.041188,536.266849,10362.883188
16481.380409,-370.102971,1302.362347,9696.697840
16481.380733,148.041188,1225.752797,9548.656652
16481.381058,0.000000,1991.848295,9252.574275
16481.381382,-740.205942,2298.286494,9474.636058
16481.381706,-1110.308913,2604.724693,8364.327145
16481.382031,-814.226536,3064.381992,8142.265362
16481.382355,-888.247130,3140.991542,8290.306550
16481.382679,-370.102971,4060.306139,8438.347739
16481.383004,-740.205942,4290.134789,7846.182985
16481.383328,-962.267725,3983.696590,7698.141797
16481.383652,0.000000,3907.087040,7772.162391
16481.383977,518.144159,3677.258390,8660.409521
16481.384301,-1110.308913,3447.429741,7994.224174
16481.384625,-1480.411884,3294.210641,8364.327145
16481.384950,-666.185348,3064.381992,8068.244768
16481.385274,-296.082377,3217.601092,9030.512492
16481.385598,-962.267725,1991.848295,8882.471304
16481.385923,-1332.370696,2221.676944,8734.430116
16481.386247,-518.144159,1991.848295,9326.594869
16481.386571,74.020594,1762.019645,9918.759623
16481.386896,296.082377,1685.410096,10214.842000
16481.387220,296.082377,1302.362347,9548.656652
16481.387544,1110.308913,1685.410096,9770.718434
16481.387869,2368.659014,919.314598,10066.800811
16481.388193,1184.329507,383.047749,10362.883188
16481.388517,296.082377,0.000000,9918.759623
16481.388842,814.226536,0.000000,9474.636058
16481.389166,1036.288319,-689.485948,10066.800811
16481.389490,74.020594,-1225.752797,9992.780217
16481.389815,370.102971,-383.047749,9696.697840
16481.390139,444.123565,-383.047749,9178.553681
16481.390464,444.123565,-1455.581446,9252.574275
16481.390788,222.061783,-1149.143247,9178.553681
16481.391112,592.164754,-842.705048,8882.471304
16481.391437,370.102971,-995.924147,8660.409521
16481.391761,1480.411884,-689.485948,9252.574275
16481.392085,1332.370696,-766.095498,9030.512492
16481.392410,444.123565,-1608.800546,9104.533087
16481.392734,74.020594,-1915.238745,9178.553681
16481.393058,814.226536,-2068.457845,9474.636058
16481.393383,370.102971,-2374.896044,9474.636058
16481.393707,-518.144159,-2451.505594,9548.656652
16481.394031,0.000000,-2528.115143,9474.636058
16481.394356,148.041188,-2145.067394,9622.677246
16481.394680,0.000000,-1838.629195,9770.718434
16481.395004,0.000000,-1685.410096,9992.780217
16481.395329,-148.041188,-919.314598,9992.780217
16481.395653,370.102971,-995.924147,9844.739029
16481.395977,1332.370696,-842.705048,10214.842000
16481.396302,370.102971,-383.047749,10140.821405
16481.396626,-296.082377,-919.314598,9622.677246
16481.396950,-296.082377,0.000000,9474.636058
16481.397275,444.123565,-766.095498,9474.636058
16481.397599,-888.247130,76.609550,9918.759623
16481.397923,-1332.370696,383.047749,9474.636058
16481.398248,-962.267725,766.095498,9030.512492
16481.398572,-740.205942,1149.143247,8882.471304
16481.398896,-444.123565,1838.629195,9252.574275
16481.399221,-740.205942,1915.238745,8734.430116
16481.399545,-1110.308913,2604.724693,8438.347739
16481.399869,0.000000,2911.162892,9030.512492
16481.400194,444.123565,3370.820191,9030.512492
16481.400518,-814.226536,3294.210641,8882.471304
16481.400842,-1184.329507,3064.381992,8438.347739
16481.401167,-592.164754,4136.915689,8364.327145
16481.401491,-962.267725,3294.210641,8956.491898
16481.401815,-1628.453072,2221.676944,8734.430116
16481.402140,-1776.494261,3217.601092,8660.409521
16481.402464,-1406.391290,3447.429741,8364.327145
16481.402789,-1036.288319,3217.601092,9104.533087
16481.403113,-370.102971,3907.087040,9030.512492
16481.403437,-888.247130,2911.162892,8290.306550
16481.403762,-370.102971,3524.039291,8512.368333
16481.404086,1406.391290,2681.334243,9178.553681
16481.404410,888.247130,2604.724693,9844.739029
16481.404735,0.000000,2145.067394,9474.636058
16481.405059,222.061783,1991.848295,9548.656652
16481.405383,1406.391290,2068.457845,9400.615463
16481.405708,-148.041188,1685.410096,9548.656652
16481.406032,0.000000,1455.581446,9178.553681
16481.406356,222.061783,1378.971896,8808.450710
16481.406681,296.082377,383.047749,9252.574275
16481.407005,74.020594,306.438199,9770.718434
16481.407329,296.082377,229.828649,9474.636058
16481.407654,-148.041188,76.609550,9400.615463
16481.407978,518.144159,0.000000,9770.718434
16481.408302,1332.370696,-383.047749,10066.800811
16481.408627,370.102971,-1378.971896,9992.780217
16481.408951,-518.144159,-612.876398,9252.574275
16481.409275,148.041188,-689.485948,9918.759623
16481.409600,296.082377,-1302.362347,9844.739029
16481.409924,-592.164754,-1532.190996,9992.780217
16481.410248,-888.247130,-1532.190996,9326.594869
16481.410573,222.061783,-1378.971896,9104.533087
16481.410897,0.000000,-995.924147,9474.636058
16481.411221,740.205942,-1455.581446,9252.574275
16481.411546,518.144159,-1608.800546,9400.615463
16481.411870,74.020594,-1532.190996,8586.388927
16481.412194,1850.514855,-1532.190996,9326.594869
16481.412519,1998.556043,-1608.800546,9474.636058
16481.412843,888.247130,-1915.238745,9400.615463
16481.413167,592.164754,-1378.971896,8882.471304
16481.413492,1554.432478,-2221.676944,9030.512492
16481.413816,888.247130,-1608.800546,9844.739029
16481.414140,370.102971,-1608.800546,9474.636058
16481.414465,148.041188,-1685.410096,9252.574275
16481.414789,296.082377,-1685.410096,9326.594869
16481.415113,740.205942,-919.314598,10214.842000
16481.415438,444.123565,-383.047749,9844.739029
16481.415762,148.041188,-689.485948,10066.800811
16481.416087,814.226536,-689.485948,9770.718434
16481.416411,1406.391290,76.609550,10066.800811
16481.416735,222.061783,76.609550,10066.800811
16481.417060,-592.164754,0.000000,10066.800811
16481.417384,0.000000,689.485948,9770.718434
16481.417708,444.123565,536.266849,9844.739029
16481.418033,-888.247130,689.485948,9696.697840
16481.418357,-962.267725,1072.533697,9252.574275
16481.418681,-888.247130,1532.190996,8956.491898
16481.419006,-888.247130,2145.067394,9178.553681
16481.419330,-444.123565,2451.505594,9252.574275
16481.419654,-444.123565,2834.553343,8290.306550
16481.419979,-444.123565,2604.724693,8068.244768
16481.420303,-740.205942,3830.477490,7994.224174
16481.420627,518.144159,3217.601092,8586.388927
16481.420952,-814.226536,3447.429741,8512.368333
16481.421276,-1258.350101,3600.648841,7994.224174
16481.421600,-888.247130,3600.648841,8216.285956
16481.421925,-962.267725,3370.820191,8586.388927
16481.422249,-1850.514855,3064.381992,8512.368333
16481.422573,-1628.453072,2528.115143,7846.182985
16481.422898,-1184.329507,2681.334243,8142.265362
16481.423222,-1406.391290,2451.505594,9326.594869
16481.423546,-888.247130,2528.115143,9326.594869
16481.423871,-592.164754,2374.896044,9474.636058
16481.424195,74.020594,1991.848295,9178.553681
16481.424519,1480.411884,1838.629195,9992.780217
16481.424844,814.226536,1838.629195,10214.842000
16481.425168,444.123565,459.657299,9400.615463
16481.425492,888.247130,766.095498,9696.697840
16481.425817,1332.370696,229.828649,9622.677246
16481.426141,592.164754,-306.438199,10066.800811
16481.426465,148.041188,-306.438199,9474.636058
16481.426790,592.164754,-383.047749,9400.615463
16481.427114,1036.288319,-306.438199,9770.718434
16481.427438,1184.329507,-995.924147,9548.656652
16481.427763,962.267725,-842.705048,9474.636058
16481.428087,1110.308913,-689.485948,9474.636058
16481.428411,1628.453072,-383.047749,9326.594869
16481.428736,2368.659014,-842.705048,9770.718434
16481.429060,1258.350101,-1072.533697,9474.636058
16481.429385,814.226536,-1532.190996,8660.409521
16481.429709,1184.329507,-1532.190996,9252.574275
16481.430033,814.226536,-1838.629195,9622.677246
16481.430358,0.000000,-1915.238745,9400.615463
16481.430682,-370.102971,-1915.238745,9474.636058
16481.431006,-666.185348,-2068.457845,8956.491898
16481.431331,0.000000,-2221.676944,9474.636058
16481.431655,-148.041188,-1608.800546,9548.656652
16481.431979,-222.061783,-1455.581446,9474.636058
16481.432304,0.000000,-1685.410096,9474.636058
16481.432628,592.164754,-1225.752797,9992.780217
16481.432952,370.102971,-1072.533697,9992.780217
16481.433277,-296.082377,-995.924147,9696.697840
16481.433601,74.020594,-766.095498,9474.636058
16481.433925,592.164754,-689.485948,9474.636058
16481.434250,-296.082377,-1378.971896,9844.739029
16481.434574,-666.185348,-383.047749,9548.656652
16481.434898,-592.164754,0.000000,9252.574275
16481.435223,-222.061783,229.828649,9770.718434
16481.435547,-592.164754,536.266849,9696.697840
16481.435871,-666.185348,766.095498,9326.594869
16481.436196,-444.123565,1225.752797,9178.553681
16481.436520,0.000000,1838.629195,9252.574275
16481.436844,222.061783,1532.190996,9548.656652
16481.437169,-518.144159,2374.896044,9252.574275
16481.437493,-962.267725,2528.115143,8586.388927
16481.437817,-666.185348,2757.943793,8882.471304
16481.438142,-592.164754,3447.429741,8808.450710
16481.438466,-1406.391290,2451.505594,8364.327145
16481.438790,-1702.473667,3217.601092,7698.141797
16481.439115,-1110.308913,2987.772442,8438.347739
16481.439439,-1332.370696,2757.943793,8512.368333
16481.439763,-1184.329507,3217.601092,8660.409521
16481.440088,-962.267725,3447.429741,8660.409521
16481.440412,-888.247130,3370.820191,8512.368333
16481.440736,444.123565,3524.039291,8956.491898
16481.441061,444.123565,3140.991542,9178.553681
16481.441385,0.000000,2298.286494,9252.574275
16481.441709,-296.082377,2451.505594,9030.512492
16481.442034,666.185348,2528.115143,9474.636058
16481.442358,370.102971,2451.505594,9622.677246
16481.442683,-148.041188,2451.505594,9326.594869
16481.443007,0.000000,1685.410096,8660.409521
16481.443331,518.144159,2145.067394,9030.512492
16481.443656,740.205942,1608.800546,9770.718434
16481.443980,370.102971,1149.143247,9770.718434
16481.444304,222.061783,995.924147,9474.636058
16481.444629,814.226536,842.705048,9400.615463
16481.444953,1184.329507,766.095498,9622.677246
16481.445277,592.164754,-306.438199,9548.656652
16481.445602,-296.082377,306.438199,9252.574275
16481.445926,444.123565,0.000000,9770.718434
16481.446250,74.020594,-536.266849,9918.759623
16481.446575,-444.123565,-1225.752797,9844.739029
16481.446899,-962.267725,-995.924147,9400.615463
16481.447223,-666.185348,-1225.752797,9252.574275
16481.447548,-518.144159,-766.095498,9178.553681
16481.447872,-296.082377,-1685.410096,9104.533087
16481.448196,0.000000,-1378.971896,9178.553681
16481.448521,-222.061783,-1225.752797,8956.491898
16481.448845,666.185348,-1225.752797,9326.594869
16481.449169,1036.288319,-1608.800546,9696.697840
16481.449494,148.041188,-1762.019645,9326.594869
16481.449818,0.000000,-1915.238745,8808.450710
16481.450142,1110.308913,-2604.724693,9104.533087
16481.450467,1258.350101,-1608.800546,9104.533087
16481.450791,296.082377,-2298.286494,9400.615463
16481.451115,296.082377,-1838.629195,9030.512492
16481.451440,888.247130,-1608.800546,9474.636058
16481.451764,740.205942,-1532.190996,9400.615463
16481.452088,888.247130,-1378.971896,9992.780217
16481.452413,592.164754,-766.095498,9400.615463
16481.452737,888.247130,-612.876398,9770.718434
16481.453061,1776.494261,-306.438199,10140.821405
16481.453386,740.205942,-306.438199,10140.821405
16481.453710,-370.102971,-766.095498,9622.677246
16481.454034,0.000000,-306.438199,9696.697840
16481.454359,222.061783,-229.828649,9696.697840
16481.454683,-814.226536,76.609550,9326.594869
16481.455008,-1258.350101,76.609550,9548.656652
16481.455332,-666.185348,459.657299,8882.471304
16481.455656,-666.185348,1072.533697,9622.677246
16481.455981,-370.102971,1302.362347,9696.697840
16481.456305,-518.144159,2145.067394,9104.533087
16481.456629,-814.226536,2374.896044,8660.409521
16481.456954,296.082377,2681.334243,8808.450710
16481.457278,1406.391290,3294.210641,9252.574275
16481.457602,-296.082377,2987.772442,8808.450710
16481.457927,-888.247130,3524.039291,8438.347739
16481.458251,0.000000,3524.039291,8364.327145
16481.458575,-370.102971,3447.429741,8660.409521
16481.458900,-1332.370696,2987.772442,8438.347739
16481.459224,-1480.411884,3064.381992,8364.327145
16481.459548,-1480.411884,3294.210641,7772.162391
16481.459873,-740.205942,3370.820191,8290.306550
16481.460197,-962.267725,2911.162892,8734.430116
16481.460521,-1184.329507,2834.553343,8586.388927
16481.460846,-962.267725,2834.553343,8734.430116
16481.461170,444.123565,2757.943793,9178.553681
16481.461494,74.020594,2681.334243,9474.636058
16481.461819,-518.144159,1838.629195,8956.491898
16481.462143,0.000000,1532.190996,9030.512492
16481.462467,592.164754,1302.362347,9474.636058
16481.462792,0.000000,612.876398,9844.739029
16481.463116,-222.061783,153.219100,9770.718434
16481.463440,74.020594,76.609550,9252.574275
16481.463765,592.164754,0.000000,9770.718434
16481.464089,888.247130,-995.924147,10140.821405
16481.464413,1036.288319,-612.876398,10214.842000
16481.464738,666.185348,-459.657299,9844.739029
16481.465062,1628.453072,-153.219100,10066.800811
16481.465386,2220.617826,-459.657299,10436.903782
16481.465711,1332.370696,-766.095498,10214.842000
16481.466035,740.205942,-1378.971896,9474.636058
16481.466359,1332.370696,-842.705048,9400.615463
16481.466684,1702.473667,-1225.752797,9400.615463
16481.467008,148.041188,-1455.581446,9474.636058
16481.467332,74.020594,-1302.362347,8660.409521
16481.467657,296.082377,-1302.362347,8882.471304
16481.467981,370.102971,-1685.410096,9104.533087
16481.468306,222.061783,-1838.629195,9326.594869
16481.468630,74.020594,-1225.752797,9030.512492
16481.468954,370.102971,-1455.581446,8586.388927
16481.469279,1258.350101,-1302.362347,9474.636058
16481.469603,814.226536,-1455.581446,9548.656652
16481.469927,-592.164754,-1532.190996,9104.533087
16481.470252,-222.061783,-1608.800546,9474.636058
16481.470576,740.205942,-1532.190996,9474.636058
16481.470900,-148.041188,-1302.362347,9992.780217
16481.471225,-888.247130,-1149.143247,9844.739029
16481.471549,-518.144159,-612.876398,9474.636058
16481.471873,0.000000,-689.485948,9844.739029
16481.472198,-148.041188,-689.485948,10436.903782
16481.472522,-296.082377,0.000000,9992.780217
16481.472846,-296.082377,153.219100,9696.697840
16481.473171,74.020594,766.095498,9400.615463
16481.473495,592.164754,1149.143247,9844.739029
16481.473819,-74.020594,1072.533697,10436.903782
16481.474144,-814.226536,1378.971896,9400.615463
16481.474468,-518.144159,1762.019645,9326.594869
16481.474792,-222.061783,1838.629195,9252.574275
16481.475117,-1036.288319,2528.115143,8512.368333
16481.475441,-1332.370696,2451.505594,8216.285956
16481.475765,-1184.329507,2374.896044,7179.997637
16481.476090,-1628.453072,3140.991542,8216.285956
16481.476414,-1110.308913,2987.772442,8290.306550
16481.476738,-1480.411884,3447.429741,8068.244768
16481.477063,-1480.411884,3447.429741,7994.224174
16481.477387,-888.247130,3294.210641,8142.265362
16481.477712,-296.082377,3447.429741,8734.430116
16481.478036,-814.226536,3064.381992,8586.388927
16481.478360,-1628.453072,2068.457845,8660.409521
16481.478685,-296.082377,2681.334243,8734.430116
16481.479009,-518.144159,2528.115143,9474.636058
16481.479333,-814.226536,2374.896044,9474.636058
16481.479658,-518.144159,2757.943793,9326.594869
16481.479982,148.041188,2604.724693,9622.677246
16481.480306,444.123565,1762.019645,9474.636058
16481.480631,444.123565,2298.286494,9326.594869
16481.480955,444.123565,2068.457845,9326.594869
16481.481280,962.267725,1685.410096,9326.594869
16481.481604,1776.494261,1608.800546,9770.718434
16481.481928,962.267725,1378.971896,9400.615463
16481.482253,74.020594,995.924147,9104.533087
16481.482577,0.000000,153.219100,9252.574275
16481.482901,1184.329507,229.828649,9252.574275
16481.483226,0.000000,-229.828649,9548.656652
16481.483550,-592.164754,-383.047749,9030.512492
16481.483875,148.041188,-842.705048,8956.491898
16481.484199,0.000000,-306.438199,9474.636058
16481.484523,-370.102971,-766.095498,9252.574275
16481.484848,0.000000,-1225.752797,8808.450710
16481.485172,0.000000,-842.705048,9030.512492
16481.485496,740.205942,-842.705048,9844.739029
16481.485821,1480.411884,-1149.143247,10066.800811
16481.486145,0.000000,-1762.019645,9400.615463
16481.486470,0.000000,-1838.629195,9252.574275
16481.486794,814.226536,-2374.896044,9622.677246
16481.487118,518.144159,-2298.286494,9030.512492
16481.487443,-148.041188,-1915.238745,9400.615463
16481.487767,-296.082377,-2145.067394,8882.471304
16481.488091,518.144159,-1762.019645,9252.574275
16481.488416,814.226536,-1915.238745,9622.677246
16481.488740,814.226536,-1915.238745,9474.636058
16481.489065,296.082377,-1072.533697,9252.574275
16481.489389,1184.329507,-1991.848295,9696.697840
16481.489713,2072.576638,-1072.533697,9844.739029
16481.490038,888.247130,-1149.143247,9770.718434
16481.490362,370.102971,-995.924147,9474.636058
16481.490686,666.185348,-536.266849,9548.656652
16481.491011,814.226536,-766.095498,9400.615463
16481.491335,-222.061783,-612.876398,9474.636058
16481.491660,-370.102971,-229.828649,9474.636058
16481.491984,-222.061783,229.828649,9178.553681
16481.492308,-444.123565,0.000000,9474.636058
16481.492633,-592.164754,536.266849,9474.636058
16481.492957,-518.144159,1302.362347,9474.636058
16481.493281,-666.185348,1302.362347,9178.553681
16481.493606,-740.205942,1685.410096,9178.553681
16481.493930,888.247130,2451.505594,9696.697840
16481.494255,-666.185348,2451.505594,9178.553681
16481.494579,-592.164754,1608.800546,9400.615463
16481.494903,-296.082377,2757.943793,8882.471304
16481.495228,-296.082377,2757.943793,9030.512492
16481.495552,-1332.370696,2834.553343,8808.450710
16481.495876,-1332.370696,3217.601092,8512.368333
16481.496201,-1258.350101,3370.820191,7994.224174
16481.496525,-666.185348,3064.381992,8660.409521
16481.496849,-740.205942,3294.210641,8586.388927
16481.497174,-1110.308913,3370.820191,8438.347739
16481.497498,-740.205942,3064.381992,8290.306550
16481.497823,370.102971,3294.210641,9178.553681
16481.498147,370.102971,3294.210641,8586.388927
16481.498471,-740.205942,2987.772442,9030.512492
16481.498796,-592.164754,2451.505594,8660.409521
16481.499120,888.247130,2068.457845,8808.450710
16481.499444,-370.102971,1532.190996,8882.471304
16481.499769,-740.205942,1149.143247,9178.553681
16481.500093,-296.082377,1302.362347,8808.450710
16481.500418,148.041188,1455.581446,9104.533087
16481.500742,222.061783,842.705048,10436.903782
16481.501066,666.185348,229.828649,9622.677246
16481.501391,0.000000,919.314598,9622.677246
16481.501715,1110.308913,76.609550,9918.759623
16481.502039,2146.597232,0.000000,10584.944971
16481.502364,666.185348,-689.485948,10436.903782
16481.502688,518.144159,-612.876398,9918.759623
16481.503013,1480.411884,-153.219100,10214.842000
16481.503337,296.082377,-919.314598,9622.677246
16481.503661,296.082377,-1225.752797,9992.780217
16481.503986,518.144159,-766.095498,9252.574275
16481.504310,518.144159,-1072.533697,9178.553681
16481.504634,370.102971,-1685.410096,9400.615463
16481.504959,814.226536,-1225.752797,9252.574275
16481.505283,666.185348,-1302.362347,8882.471304
16481.505608,148.041188,-1302.362347,8734.430116
16481.505932,1258.350101,-919.314598,9252.574275
16481.506256,1184.329507,-1455.581446,9252.574275
16481.506581,-148.041188,-1762.019645,8956.491898
16481.506905,0.000000,-1685.410096,8956.491898
16481.507229,814.226536,-1762.019645,9252.574275
16481.507554,0.000000,-1532.190996,9474.636058
16481.507878,-666.185348,-1455.581446,9326.594869
16481.508203,-666.185348,-842.705048,9104.533087
16481.508527,-444.123565,-1302.362347,9400.615463
16481.508851,-296.082377,-1378.971896,9992.780217
16481.509176,0.000000,-766.095498,10214.842000
16481.509500,-666.185348,-536.266849,9844.739029
16481.509824,370.102971,0.000000,9548.656652
16481.510149,888.247130,0.000000,10214.842000
16481.510473,222.061783,229.828649,10214.842000
16481.510797,-518.144159,0.000000,9992.780217
16481.511122,0.000000,842.705048,9770.718434
16481.511446,0.000000,919.314598,9992.780217
16481.511771,-962.267725,1149.143247,9770.718434
16481.512095,-666.185348,1532.190996,9326.594869
16481.512419,-444.123565,1685.410096,8882.471304
16481.512744,-592.164754,2528.115143,8512.368333
16481.513068,-296.082377,2911.162892,8808.450710
16481.513392,-444.123565,3064.381992,8290.306550
16481.513717,-740.205942,3140.991542,8438.347739
16481.514041,0.000000,3524.039291,8438.347739
16481.514366,296.082377,3524.039291,8586.388927
16481.514690,-1406.391290,4136.915689,7772.162391
16481.515014,-1258.350101,3600.648841,8216.285956
16481.515339,-296.082377,3447.429741,8216.285956
16481.515663,-962.267725,3140.991542,8808.450710
16481.515987,-1702.473667,2604.724693,8660.409521
16481.516312,-1406.391290,3294.210641,8290.306550
16481.516636,-888.247130,3217.601092,8882.471304
16481.516961,-962.267725,3064.381992,9178.553681
16481.517285,0.000000,2911.162892,9252.574275
16481.517609,-222.061783,2374.896044,9474.636058
16481.517934,-148.041188,2298.286494,9104.533087
16481.518258,1110.308913,2221.676944,9622.677246
16481.518582,1184.329507,1838.629195,9622.677246
16481.518907,0.000000,1991.848295,9474.636058
16481.519231,740.205942,1225.752797,9696.697840
16481.519556,1258.350101,229.828649,9326.594869
16481.519880,222.061783,306.438199,9622.677246
16481.520204,0.000000,153.219100,9474.636058
16481.520529,370.102971,0.000000,9400.615463
16481.520853,0.000000,-689.485948,9696.697840
16481.521177,0.000000,-536.266849,9918.759623
16481.521502,0.000000,-766.095498,9770.718434
16481.521826,0.000000,0.000000,9252.574275
16481.522151,148.041188,-536.266849,8956.491898
16481.522475,666.185348,-536.266849,9474.636058
16481.522799,-296.082377,-1302.362347,9474.636058
16481.523124,-444.123565,-1225.752797,9326.594869
16481.523448,0.000000,-1378.971896,9030.512492
16481.523772,222.061783,-1532.190996,9252.574275
16481.524097,-814.226536,-1302.362347,9030.512492
16481.524421,-370.102971,-1455.581446,8660.409521
16481.524746,-74.020594,-1838.629195,8734.430116
16481.525070,74.020594,-1915.238745,9030.512492
16481.525394,740.205942,-1685.410096,9400.615463
16481.525719,518.144159,-1532.190996,9252.574275
16481.526043,1036.288319,-1838.629195,9252.574275
16481.526367,2294.638420,-1225.752797,9252.574275
16481.526692,2220.617826,-1455.581446,9918.759623
16481.527016,592.164754,-1608.800546,9474.636058
16481.527340,1184.329507,-1378.971896,9548.656652
16481.527665,1998.556043,-995.924147,9696.697840
16481.527989,296.082377,-1149.143247,9918.759623
16481.528314,-296.082377,-1072.533697,9548.656652
16481.528638,518.144159,-1302.362347,9252.574275
16481.528962,370.102971,-536.266849,9474.636058
16481.529287,-518.144159,-383.047749,9844.739029
16481.529611,-518.144159,0.000000,9548.656652
16481.529935,-444.123565,536.266849,9474.636058
16481.530260,0.000000,689.485948,9548.656652
16481.530584,518.144159,842.705048,9474.636058
16481.530909,-370.102971,1455.581446,9622.677246
16481.531233,-1110.308913,1608.800546,9104.533087
16481.531557,-296.082377,1838.629195,9030.512492
16481.531882,-518.144159,1838.629195,9474.636058
16481.532206,-1480.411884,2068.457845,9104.533087
16481.532530,-1258.350101,2374.896044,8438.347739
16481.532855,-1258.350101,2681.334243,8216.285956
16481.533179,-1184.329507,2757.943793,8734.430116
16481.533504,-666.185348,3140.991542,8512.368333
16481.533828,-1036.288319,3600.648841,8438.347739
16481.534152,-1036.288319,3140.991542,8216.285956
16481.534477,0.000000,3600.648841,8808.450710
16481.534801,0.000000,3370.820191,8734.430116
16481.535125,-962.267725,3217.601092,8290.306550
16481.535450,-518.144159,2757.943793,8586.388927
16481.535774,0.000000,2145.067394,8734.430116
16481.536099,-740.205942,2068.457845,9178.553681
16481.536423,-962.267725,1915.238745,9400.615463
16481.536747,-592.164754,1991.848295,8586.388927
16481.537072,-518.144159,2068.457845,9030.512492
16481.537396,74.020594,2068.457845,9696.697840
16481.537720,222.061783,2068.457845,9400.615463
16481.538045,296.082377,1302.362347,9178.553681
16481.538369,814.226536,1455.581446,9326.594869
16481.538694,1776.494261,842.705048,9770.718434
16481.539018,962.267725,766.095498,9918.759623
16481.539342,222.061783,0.000000,9696.697840
16481.539667,1332.370696,0.000000,9696.697840
16481.539991,1110.308913,-459.657299,9992.780217
16481.540315,-222.061783,-919.314598,9622.677246
16481.540640,518.144159,-1455.581446,9474.636058
16481.540964,888.247130,-919.314598,9400.615463
16481.541288,666.185348,-1225.752797,9622.677246
16481.541613,814.226536,-1302.362347,9622.677246
16481.541937,740.205942,-689.485948,9400.615463
16481.542262,962.267725,-1455.581446,9326.594869
16481.542586,1776.494261,-1608.800546,8882.471304
16481.542910,1998.556043,-842.705048,9474.636058
16481.543235,370.102971,-1762.019645,9326.594869
16481.543559,222.061783,-1455.581446,9326.594869
16481.543883,1258.350101,-1608.800546,9548.656652
16481.544208,222.061783,-2221.676944,9400.615463
16481.544532,-592.164754,-2221.676944,9178.553681
16481.544857,-1184.329507,-1685.410096,8734.430116
16481.545181,148.041188,-995.924147,9400.615463
16481.545505,0.000000,-1762.019645,9548.656652
16481.545830,0.000000,-1072.533697,9918.759623
16481.546154,-592.164754,-536.266849,9474.636058
16481.546478,74.020594,-459.657299,9622.677246
16481.546803,592.164754,-306.438199,10214.842000
16481.547127,0.000000,0.000000,9696.697840
16481.547452,-814.226536,-153.219100,9770.718434
16481.547776,74.020594,153.219100,9474.636058
16481.548100,222.061783,0.000000,9622.677246
16481.548425,-1036.288319,0.000000,9770.718434
16481.548749,-1480.411884,306.438199,9474.636058
16481.549073,-740.205942,919.314598,8808.450710
16481.549398,-592.164754,919.314598,9400.615463
16481.549722,-370.102971,1149.143247,9400.615463
16481.550047,-740.205942,2145.067394,9030.512492
16481.550371,-518.144159,2298.286494,8586.388927
16481.550695,74.020594,2604.724693,9178.553681
16481.551020,740.205942,3294.210641,9474.636058
16481.551344,-296.082377,3064.381992,9326.594869
16481.551668,-592.164754,3294.210641,8512.368333
16481.551993,-444.123565,3294.210641,9104.533087
16481.552317,0.000000,3294.210641,9104.533087
16481.552642,-1184.329507,2911.162892,8734.430116
16481.552966,-1480.411884,3064.381992,8438.347739
16481.553290,-1332.370696,3294.210641,8512.368333
16481.553615,-962.267725,3064.381992,8364.327145
16481.553939,-518.144159,2987.772442,8734.430116
16481.554263,-740.205942,3370.820191,8660.409521
16481.554588,-592.164754,3064.381992,8734.430116
16481.554912,592.164754,3064.381992,9030.512492
16481.555237,666.185348,2604.724693,9474.636058
16481.555561,-444.123565,2374.896044,9104.533087
16481.555885,148.041188,2298.286494,9326.594869
16481.556210,1258.350101,1838.629195,8808.450710
16481.556534,0.000000,1302.362347,9474.636058
16481.556858,0.000000,919.314598,9252.574275
16481.557183,0.000000,612.876398,9326.594869
16481.557507,666.185348,153.219100,9474.636058
16481.557831,444.123565,229.828649,10066.800811
16481.558156,296.082377,-76.609550,10066.800811
16481.558480,518.144159,153.219100,9326.594869
16481.558805,1332.370696,0.000000,9696.697840
16481.559129,1776.494261,76.609550,10066.800811
16481.559453,222.061783,-612.876398,10140.821405
16481.559778,0.000000,-612.876398,9548.656652
16481.560102,296.082377,-612.876398,9844.739029
16481.560426,296.082377,-919.314598,9696.697840
16481.560751,-518.144159,-689.485948,9326.594869
16481.561075,-666.185348,-1378.971896,8882.471304
16481.561400,-148.041188,-1225.752797,8586.388927
16481.561724,-222.061783,-1302.362347,9178.553681
16481.562048,222.061783,-1378.971896,9178.553681
16481.562373,-148.041188,-1378.971896,8882.471304
16481.562697,0.000000,-1532.190996,8512.368333
16481.563021,1110.308913,-842.705048,9252.574275
16481.563346,1776.494261,-1608.800546,9474.636058
16481.563670,296.082377,-1378.971896,8882.471304
16481.563995,370.102971,-1455.581446,9030.512492
16481.564319,1110.308913,-1762.019645,9474.636058
16481.564643,814.226536,-1838.629195,9918.759623
16481.564968,74.020594,-1685.410096,9844.739029
16481.565292,74.020594,-1455.581446,9474.636058
16481.565616,592.164754,-1915.238745,9474.636058
16481.565941,592.164754,-1072.533697,10140.821405
16481.566265,666.185348,-766.095498,10214.842000
16481.566590,148.041188,-536.266849,9770.718434
16481.566914,444.123565,76.609550,9770.718434
16481.567238,1480.411884,459.657299,10288.862594
16481.567563,592.164754,383.047749,10510.924376
16481.567887,0.000000,229.828649,9770.718434
16481.568211,0.000000,766.095498,9030.512492
16481.568536,296.082377,995.924147,9548.656652
16481.568860,-592.164754,1149.143247,9400.615463
16481.569185,-1332.370696,1378.971896,8734.430116
16481.569509,-814.226536,2068.457845,8586.388927
16481.569833,-740.205942,2451.505594,8956.491898
16481.570158,-296.082377,2451.505594,8734.430116
16481.570482,-666.185348,2451.505594,8438.347739
16481.570806,-888.247130,2911.162892,7920.203579
16481.571131,0.000000,3294.210641,8364.327145
16481.571455,148.041188,3217.601092,8734.430116
16481.571779,-1332.370696,3140.991542,8512.368333
16481.572104,-1332.370696,3370.820191,8512.368333
16481.572428,-222.061783,3447.429741,8660.409521
16481.572753,-740.205942,3140.991542,8586.388927
16481.573077,-1554.432478,2451.505594,8364.327145
16481.573401,-1184.329507,2681.334243,8512.368333
16481.573726,-962.267725,2298.286494,8734.430116
16481.574050,-518.144159,2145.067394,9474.636058
16481.574374,0.000000,2145.067394,9622.677246
16481.574699,-444.123565,1762.019645,9326.594869
16481.575023,370.102971,2145.067394,8808.450710
16481.575348,2368.659014,2298.286494,9696.697840
16481.575672,1406.391290,1915.238745,9622.677246
16481.575996,296.082377,842.705048,9400.615463
16481.576321,592.164754,689.485948,9252.574275
16481.576645,1406.391290,229.828649,9622.677246
16481.576969,296.082377,-459.657299,9992.780217
16481.577294,-444.123565,-536.266849,9622.677246
16481.577618,370.102971,-229.828649,9326.594869
16481.577942,296.082377,-612.876398,9548.656652
16481.578267,888.247130,-842.705048,10140.821405
16481.578591,592.164754,-919.314598,9622.677246
16481.578915,370.102971,-995.924147,9030.512492
16481.579240,1110.308913,-766.095498,9770.718434
16481.579564,1776.494261,-383.047749,9548.656652
16481.579888,888.247130,-1302.362347,9770.718434
16481.580213,592.164754,-1225.752797,8808.450710
16481.580537,888.247130,-995.924147,9030.512492
16481.580861,740.205942,-1608.800546,9696.697840
16481.581185,148.041188,-2221.676944,9696.697840
16481.581510,0.000000,-1915.238745,9400.615463
16481.581834,0.000000,-1532.190996,9326.594869
16481.582158,296.082377,-1838.629195,9400.615463
16481.582483,962.267725,-1225.752797,9696.697840
16481.582807,148.041188,-1149.143247,9400.615463
16481.583131,148.041188,-995.924147,9252.574275
16481.583456,1110.308913,-689.485948,9548.656652
16481.583780,666.185348,-689.485948,9992.780217
16481.584104,-592.164754,-919.314598,9474.636058
16481.584428,-592.164754,-919.314598,8956.491898
16481.584753,222.061783,-153.219100,9326.594869
16481.585077,-888.247130,-766.095498,9770.718434
16481.585401,-962.267725,-306.438199,9474.636058
16481.585726,-1036.288319,-153.219100,9252.574275
16481.586050,-1258.350101,-153.219100,9326.594869
16481.586374,-888.247130,76.609550,9770.718434
16481.586698,-592.164754,1072.533697,9474.636058
16481.587023,-1184.329507,1072.533697,9548.656652
16481.587347,0.000000,1762.019645,9326.594869
16481.587671,814.226536,2221.676944,9696.697840
16481.587996,-296.082377,2374.896044,9474.636058
16481.588320,-814.226536,2298.286494,9252.574275
16481.588644,148.041188,2604.724693,9474.636058
16481.588969,-222.061783,3447.429741,8882.471304
16481.589293,-962.267725,2681.334243,9030.512492
16481.589617,-1184.329507,2911.162892,8512.368333
16481.589941,-962.267725,3140.991542,8438.347739
16481.590266,-888.247130,2911.162892,8882.471304
16481.590590,-740.205942,3064.381992,8956.491898
16481.590914,-1184.329507,3370.820191,8660.409521
16481.591239,-1332.370696,3447.429741,8216.285956
16481.591563,814.226536,2911.162892,8734.430116
16481.591887,666.185348,2757.943793,9030.512492
16481.592212,-444.123565,2834.553343,8660.409521
16481.592536,-370.102971,2834.553343,8808.450710
16481.592860,148.041188,2681.334243,9178.553681
16481.593184,-74.020594,1532.190996,9622.677246
16481.593509,-370.102971,2374.896044,9474.636058
16481.593833,0.000000,1915.238745,8808.450710
16481.594157,0.000000,1225.752797,9104.533087
16481.594482,370.102971,1149.143247,9844.739029
16481.594806,370.102971,1302.362347,9548.656652
16481.595130,74.020594,766.095498,9400.615463
16481.595455,592.164754,919.314598,9252.574275
16481.595779,1554.432478,459.657299,9992.780217
16481.596103,740.205942,76.609550,9918.759623
16481.596427,148.041188,-612.876398,9770.718434
16481.596752,592.164754,-306.438199,9844.739029
16481.597076,148.041188,-919.314598,10214.842000
16481.597400,0.000000,-1149.143247,9770.718434
16481.597725,-296.082377,-1225.752797,9474.636058
16481.598049,0.000000,-689.485948,9252.574275
16481.598373,0.000000,-1608.800546,9326.594869
16481.598698,444.123565,-1532.190996,9104.533087
16481.599022,148.041188,-1378.971896,9104.533087
16481.599346,0.000000,-1608.800546,9030.512492
16481.599670,962.267725,-1378.971896,8882.471304
16481.599995,1110.308913,-1302.362347,9252.574275
16481.600319,222.061783,-1991.848295,9030.512492
16481.600643,222.061783,-1608.800546,8882.471304
16481.600968,666.185348,-2145.067394,9178.553681
16481.601292,370.102971,-2068.457845,9252.574275
16481.601616,0.000000,-2145.067394,9548.656652
16481.601941,222.061783,-1991.848295,9030.512492
16481.602265,148.041188,-1685.410096,9474.636058
16481.602589,740.205942,-1455.581446,9918.759623
16481.602913,1406.391290,-1225.752797,10140.821405
16481.603238,370.102971,-459.657299,9622.677246
16481.603562,1184.329507,-383.047749,9844.739029
16481.603886,2368.659014,0.000000,10288.862594
16481.604211,1406.391290,0.000000,10288.862594
16481.604535,0.000000,-459.657299,9844.739029
16481.604859,740.205942,306.438199,9844.739029
16481.605184,740.205942,306.438199,9474.636058
16481.605508,-962.267725,153.219100,9474.636058
16481.605832,-592.164754,76.609550,9548.656652
16481.606156,-444.123565,766.095498,9030.512492
16481.606481,-814.226536,1149.143247,9104.533087
16481.606805,-592.164754,1685.410096,9178.553681
16481.607129,-592.164754,2298.286494,8956.491898
16481.607454,-1036.288319,2221.676944,8586.388927
16481.607778,-148.041188,2757.943793,8512.368333
16481.608102,0.000000,3370.820191,8882.471304
16481.608427,-1036.288319,2987.772442,8586.388927
16481.608751,-1554.432478,3294.210641,8808.450710
16481.609075,-814.226536,3600.648841,8438.347739
16481.609399,-814.226536,2757.943793,8660.409521
16481.609724,-1554.432478,3217.601092,8734.430116
16481.610048,-1998.556043,3140.991542,8438.347739
16481.610372,-1554.432478,2681.334243,8364.327145
16481.610697,-1332.370696,2911.162892,8808.450710
16481.611021,-666.185348,2681.334243,8956.491898
16481.611345,-962.267725,2757.943793,8660.409521
16481.611670,-814.226536,2604.724693,8660.409521
16481.611994,1184.329507,2834.553343,9622.677246
16481.612318,814.226536,2528.115143,9474.636058
16481.612642,74.020594,1685.410096,9104.533087
16481.612967,370.102971,1608.800546,9252.574275
16481.613291,1184.329507,1149.143247,9474.636058
16481.613615,444.123565,612.876398,9474.636058
16481.613940,444.123565,229.828649,9844.739029
16481.614264,814.226536,153.219100,9104.533087
16481.614588,666.185348,-306.438199,9474.636058
16481.614913,1036.288319,-306.438199,9622.677246
16481.615237,1036.288319,-612.876398,9770.718434
16481.615561,592.164754,-536.266849,9548.656652
16481.615885,1184.329507,-383.047749,9548.656652
16481.616210,2072.576638,-459.657299,10214.842000
16481.616534,592.164754,-536.266849,9696.697840
16481.616858,296.082377,-1072.533697,8586.388927
16481.617183,1184.329507,-919.314598,9178.553681
16481.617507,1110.308913,-1532.190996,9548.656652
16481.617831,0.000000,-1838.629195,9474.636058
16481.618156,0.000000,-1838.629195,8956.491898
16481.618480,148.041188,-1608.800546,8586.388927
16481.618804,0.000000,-1455.581446,9178.553681
16481.619128,518.144159,-1072.533697,9548.656652
16481.619453,148.041188,-1915.238745,9326.594869
16481.619777,222.061783,-1532.190996,8956.491898
16481.620101,1406.391290,-919.314598,9474.636058
16481.620426,1258.350101,-1455.581446,9918.759623
16481.620750,-296.082377,-1685.410096,9474.636058
16481.621074,74.020594,-1225.752797,9696.697840
16481.621398,444.123565,-1072.533697,9622.677246
16481.621723,-370.102971,-689.485948,9548.656652
16481.622047,-592.164754,-919.314598,9622.677246
16481.622371,-666.185348,0.000000,9326.594869
16481.622696,-740.205942,-383.047749,9474.636058
16481.623020,-370.102971,0.000000,9844.739029
16481.623344,-148.041188,459.657299,9770.718434
16481.623669,-962.267725,995.924147,9474.636058
16481.623993,74.020594,995.924147,9474.636058
16481.624317,592.164754,995.924147,9474.636058
16481.624641,-518.144159,1455.581446,9622.677246
16481.624966,-1184.329507,1838.629195,9252.574275
16481.625290,-296.082377,1915.238745,9326.594869
16481.625614,-518.144159,1991.848295,9104.533087
16481.625939,-1036.288319,2068.457845,9400.615463
16481.626263,-888.247130,2681.334243,8734.430116
16481.626587,-1184.329507,3294.210641,8216.285956
16481.626912,-1036.288319,2911.162892,8882.471304
16481.627236,-666.185348,3217.601092,8882.471304
16481.627560,-444.123565,3140.991542,8586.388927
16481.627884,-592.164754,3217.601092,8586.388927
16481.628209,296.082377,4443.353888,8586.388927
16481.628533,296.082377,3677.258390,8956.491898
16481.628857,-666.185348,3753.867940,8956.491898
16481.629182,-518.144159,3294.210641,8512.368333
16481.629506,0.000000,2911.162892,8734.430116
16481.629830,-370.102971,2834.553343,8882.471304
16481.630155,-1184.329507,2298.286494,8808.450710
16481.630479,-666.185348,2374.896044,8586.388927
16481.630803,0.000000,1685.410096,9030.512492
16481.631127,74.020594,2298.286494,9252.574275
16481.631452,222.061783,1838.629195,9918.759623
16481.631776,-222.061783,1685.410096,9178.553681
16481.632100,222.061783,1302.362347,9252.574275
16481.632425,1702.473667,1455.581446,9770.718434
16481.632749,740.205942,842.705048,9622.677246
16481.633073,-148.041188,459.657299,9770.718434
16481.633398,962.267725,153.219100,9770.718434
16481.633722,888.247130,0.000000,9770.718434
16481.634046,-296.082377,-842.705048,9992.780217
16481.634370,-592.164754,-1072.533697,9770.718434
16481.634695,0.000000,-995.924147,9474.636058
16481.635019,-148.041188,-1149.143247,10436.903782
16481.635343,74.020594,-1225.752797,9770.718434
16481.635668,222.061783,-1149.143247,9474.636058
16481.635992,-370.102971,-995.924147,9622.677246
16481.636316,814.226536,-689.485948,9400.615463
16481.636641,1554.432478,-1225.752797,10066.800811
16481.636965,148.041188,-1302.362347,9474.636058
16481.637289,74.020594,-1149.143247,8734.430116
16481.637613,1036.288319,-1378.971896,9104.533087
16481.637938,444.123565,-1685.410096,8808.450710
16481.638262,0.000000,-1608.800546,9178.553681
16481.638586,-296.082377,-1915.238745,8364.327145
16481.638911,0.000000,-1991.848295,8512.368333
16481.639235,592.164754,-1991.848295,9178.553681
16481.639559,814.226536,-1685.410096,9622.677246
16481.639884,222.061783,-995.924147,9252.574275
16481.640208,518.144159,-1608.800546,9474.636058
16481.640532,1776.494261,-1072.533697,9474.636058
16481.640856,1628.453072,-766.095498,10066.800811
16481.641181,444.123565,-1072.533697,9844.739029
16481.641505,592.164754,-919.314598,9696.697840
16481.641829,1184.329507,-766.095498,9770.718434
16481.642154,370.102971,-612.876398,10066.800811
16481.642478,-370.102971,-536.266849,9622.677246
16481.642802,-148.041188,459.657299,9474.636058
16481.643127,0.000000,0.000000,10140.821405
16481.643451,0.000000,229.828649,9992.780217
16481.643775,0.000000,1149.143247,10066.800811
16481.644099,-444.123565,1378.971896,9400.615463
16481.644424,370.102971,2451.505594,9474.636058
16481.644748,888.247130,2757.943793,9326.594869
16481.645072,0.000000,2834.553343,9326.594869
16481.645397,-592.164754,3064.381992,8808.450710
16481.645721,-444.123565,3217.601092,8364.327145
16481.646045,-740.205942,3064.381992,8438.347739
16481.646370,-1406.391290,3217.601092,8586.388927
16481.646694,-1702.473667,3524.039291,7920.203579
16481.647018,-1702.473667,3370.820191,8290.306550
16481.647342,-1850.514855,2604.724693,7994.224174
16481.647667,-962.267725,3370.820191,8216.285956
16481.647991,-1554.432478,3064.381992,8216.285956
16481.648315,-1628.453072,3064.381992,7846.182985
16481.648640,0.000000,3294.210641,8734.430116
16481.648964,444.123565,2987.772442,9178.553681
16481.649288,-814.226536,2374.896044,9178.553681
16481.649613,-1036.288319,2451.505594,8882.471304
16481.649937,370.102971,2374.896044,8882.471304
16481.650261,0.000000,1608.800546,9770.718434
16481.650585,0.000000,1149.143247,9770.718434
16481.650910,-148.041188,1149.143247,9770.718434
16481.651234,148.041188,612.876398,9474.636058
16481.651558,1036.288319,229.828649,10214.842000
16481.651883,1110.308913,229.828649,9918.759623
16481.652207,962.267725,153.219100,9918.759623
16481.652531,1110.308913,306.438199,9770.718434
16481.652856,2220.617826,0.000000,10066.800811
16481.653180,1332.370696,-536.266849,10362.883188
16481.653504,296.082377,-919.314598,9178.553681
16481.653828,814.226536,-766.095498,9474.636058
16481.654153,1258.350101,-1225.752797,9178.553681
16481.654477,0.000000,-2068.457845,9400.615463
16481.654801,0.000000,-1378.971896,9030.512492
16481.655126,0.000000,-1532.190996,8586.388927
16481.655450,0.000000,-1685.410096,8956.491898
16481.655774,592.164754,-1915.238745,9326.594869
16481.656098,444.123565,-2145.067394,8734.430116
16481.656423,148.041188,-1762.019645,8586.388927
16481.656747,814.226536,-1608.800546,9030.512492
16481.657071,1406.391290,-1455.581446,10066.800811
16481.657396,296.082377,-2068.457845,9770.718434
16481.657720,-296.082377,-1762.019645,9400.615463
16481.658044,666.185348,-1532.190996,9622.677246
16481.658369,222.061783,-1991.848295,10140.821405
16481.658693,-1184.329507,-2068.457845,9918.759623
16481.659017,-444.123565,-1072.533697,9548.656652
16481.659341,-296.082377,-1149.143247,9844.739029
16481.659666,-148.041188,-995.924147,9992.780217
16481.659990,0.000000,-383.047749,10140.821405
16481.660314,-296.082377,0.000000,9696.697840
16481.660639,222.061783,689.485948,9104.533087
16481.660963,1332.370696,919.314598,10362.883188
16481.661287,370.102971,306.438199,9770.718434
16481.661612,-962.267725,919.314598,9030.512492
16481.661936,0.000000,1225.752797,9474.636058
16481.662260,-222.061783,1225.752797,9178.553681
16481.662584,-1480.411884,919.314598,9178.553681
16481.662909,-1554.432478,1149.143247,8956.491898
16481.663233,-962.267725,2145.067394,8364.327145
16481.663557,-1332.370696,2374.896044,8660.409521
16481.663882,-888.247130,2221.676944,8808.450710
16481.664206,-1036.288319,2681.334243,8882.471304
16481.664530,-1110.308913,3140.991542,8290.306550
16481.664855,-370.102971,3140.991542,8734.430116
16481.665179,666.185348,3217.601092,9326.594869
16481.665503,-296.082377,2451.505594,8808.450710
16481.665827,-888.247130,3294.210641,8364.327145
16481.666152,222.061783,3370.820191,9474.636058
16481.666476,-296.082377,2987.772442,9474.636058
16481.666800,-888.247130,2834.553343,9104.533087
16481.667125,-962.267725,3140.991542,8882.471304
16481.667449,-814.226536,2987.772442,8512.368333
16481.667773,0.000000,2681.334243,9326.594869
16481.668098,74.020594,2757.943793,9548.656652
16481.668422,-666.185348,2298.286494,8734.430116
16481.668746,-296.082377,2451.505594,8808.450710
16481.669070,1258.350101,2528.115143,9400.615463
16481.669395,1184.329507,2145.067394,9474.636058
16481.669719,-370.102971,1302.362347,9178.553681
16481.670043,0.000000,919.314598,8956.491898
16481.670368,592.164754,536.266849,9104.533087
16481.670692,-370.102971,0.000000,9918.759623
16481.671016,-814.226536,-76.609550,9326.594869
16481.671341,-296.082377,0.000000,9178.553681
16481.671665,-148.041188,-306.438199,9474.636058
16481.671989,0.000000,-383.047749,9696.697840
16481.672313,444.123565,-919.314598,9918.759623
16481.672638,370.102971,-536.266849,9622.677246
16481.672962,1110.308913,-689.485948,9474.636058
16481.673286,1702.473667,-536.266849,9844.739029
16481.673611,518.144159,-919.314598,10214.842000
16481.673935,0.000000,-1149.143247,9548.656652
16481.674259,666.185348,-1302.362347,9696.697840
16481.674584,888.247130,-766.095498,9770.718434
16481.674908,-296.082377,-1762.019645,9548.656652
16481.675232,148.041188,-1838.629195,9326.594869
16481.675556,370.102971,-1762.019645,9178.553681
16481.675881,296.082377,-1915.238745,9030.512492
16481.676205,444.123565,-1762.019645,9178.553681
16481.676529,592.164754,-1532.190996,9178.553681
16481.676854,592.164754,-1608.800546,8290.306550
16481.677178,1110.308913,-842.705048,8808.450710
16481.677502,2072.576638,-1455.581446,9474.636058
16481.677827,222.061783,-1685.410096,9548.656652
16481.678151,370.102971,-1378.971896,9474.636058
16481.678475,1258.350101,-1378.971896,9622.677246
16481.678799,222.061783,-1455.581446,9770.718434
16481.679124,-444.123565,-995.924147,9622.677246
16481.679448,-148.041188,-842.705048,9178.553681
16481.679772,444.123565,-536.266849,9548.656652
16481.680097,0.000000,-536.266849,10214.842000
16481.680421,222.061783,153.219100,9844.739029
16481.680745,-444.123565,536.266849,9548.656652
16481.681070,0.000000,612.876398,9474.636058
16481.681394,1628.453072,919.314598,10140.821405
16481.681718,740.205942,766.095498,9918.759623
16481.682042,-740.205942,1608.800546,9474.636058
16481.682367,0.000000,1455.581446,9622.677246
16481.682691,0.000000,1915.238745,9252.574275
16481.683015,-814.226536,2528.115143,9548.656652
16481.683340,-1110.308913,2451.505594,8660.409521
16481.683664,-1110.308913,2987.772442,8142.265362
16481.683988,-1480.411884,3294.210641,7994.224174
16481.684313,-962.267725,3447.429741,8438.347739
16481.684637,-1184.329507,3370.820191,8364.327145
16481.684961,-1776.494261,3600.648841,7550.100608
16481.685286,-518.144159,3677.258390,8364.327145
16481.685610,-296.082377,3524.039291,8438.347739
16481.685934,-1258.350101,2528.115143,8216.285956
16481.686258,-1258.350101,3140.991542,7994.224174
16481.686583,-518.144159,2834.553343,8216.285956
16481.686907,-962.267725,2374.896044,8882.471304
16481.687231,-1258.350101,1915.238745,9400.615463
16481.687556,-888.247130,2068.457845,8882.471304
16481.687880,-370.102971,1838.629195,9400.615463
16481.688204,-518.144159,1762.019645,9400.615463
16481.688529,814.226536,1149.143247,9992.780217
16481.688853,222.061783,1608.800546,9400.615463
16481.689177,888.247130,1225.752797,9474.636058
16481.689501,2072.576638,1149.143247,9918.759623
16481.689826,1332.370696,229.828649,10584.944971
16481.690150,592.164754,0.000000,9918.759623
16481.690474,1036.288319,383.047749,9696.697840
16481.690799,1480.411884,-995.924147,10066.800811
16481.691123,592.164754,-1455.581446,9844.739029
16481.691447,222.061783,-1149.143247,9844.739029
16481.691772,592.164754,-919.314598,9030.512492
16481.692096,222.061783,-995.924147,9252.574275
16481.692420,444.123565,-766.095498,9400.615463
16481.692745,666.185348,-1225.752797,8734.430116
16481.693069,296.082377,-995.924147,8586.388927
16481.693393,888.247130,-995.924147,8586.388927
16481.693717,1628.453072,-1225.752797,9178.553681
16481.694042,222.061783,-1302.362347,9104.533087
16481.694366,0.000000,-1762.019645,8956.491898
16481.694690,444.123565,-2145.067394,9548.656652
16481.695015,370.102971,-2145.067394,9622.677246
16481.695339,0.000000,-2451.505594,9918.759623
16481.695663,-370.102971,-1762.019645,9178.553681
16481.695988,-296.082377,-1532.190996,9178.553681
16481.696312,0.000000,-1608.800546,9696.697840
16481.696636,444.123565,-1225.752797,10140.821405
16481.696960,-518.144159,-536.266849,9548.656652
16481.697285,74.020594,-689.485948,9474.636058
16481.697609,1332.370696,-306.438199,9770.718434
16481.697933,296.082377,229.828649,9992.780217
16481.698258,-444.123565,-153.219100,9696.697840
16481.698582,-148.041188,229.828649,9474.636058
16481.698906,296.082377,76.609550,9474.636058
16481.699231,-592.164754,153.219100,9474.636058
16481.699555,-1258.350101,766.095498,9474.636058
16481.699879,-814.226536,1302.362347,8956.491898
16481.700204,-888.247130,1378.971896,9030.512492
16481.700528,-740.205942,1838.629195,9104.533087
16481.700852,-592.164754,2221.676944,9474.636058
16481.701176,-666.185348,2298.286494,8734.430116
16481.701501,0.000000,2834.553343,8882.471304
16481.701825,518.144159,3217.601092,9104.533087
16481.702149,-592.164754,3064.381992,9400.615463
16481.702474,-888.247130,3294.210641,8512.368333
16481.702798,-370.102971,3677.258390,9104.533087
16481.703122,-592.164754,3064.381992,9474.636058
16481.703447,-1480.411884,2911.162892,8956.491898
16481.703771,-1776.494261,2987.772442,8734.430116
16481.704095,-1258.350101,3064.381992,8512.368333
16481.704419,-1258.350101,3217.601092,8586.388927
16481.704744,-518.144159,3140.991542,9474.636058
16481.705068,-222.061783,3370.820191,8882.471304
16481.705392,-222.061783,3370.820191,8364.327145
16481.705717,592.164754,3064.381992,8956.491898
16481.706041,814.226536,2834.553343,9474.636058
16481.706365,0.000000,2221.676944,9474.636058
16481.706690,222.061783,1991.848295,9326.594869
16481.707014,962.267725,1685.410096,9252.574275
16481.707338,148.041188,1225.752797,9770.718434
16481.707663,-296.082377,1225.752797,9474.636058
16481.707987,-222.061783,995.924147,9178.553681
16481.708311,296.082377,536.266849,9326.594869
16481.708635,370.102971,229.828649,9844.739029
16481.708960,370.102971,229.828649,9548.656652
16481.709284,0.000000,-229.828649,9326.594869
16481.709608,370.102971,459.657299,9474.636058
16481.709933,814.226536,-229.828649,9622.677246
16481.710257,148.041188,-612.876398,10066.800811
16481.710581,-518.144159,-1149.143247,9400.615463
16481.710906,0.000000,-919.314598,9474.636058
16481.711230,666.185348,-612.876398,9696.697840
16481.711554,-592.164754,-1378.971896,9326.594869
16481.711878,0.000000,-1685.410096,9400.615463
16481.712203,74.020594,-1302.362347,8956.491898
16481.712527,0.000000,-1762.019645,9252.574275
16481.712851,814.226536,-1685.410096,9400.615463
16481.713176,666.185348,-1532.190996,9252.574275
16481.713500,888.247130,-1685.410096,9474.636058
16481.713824,1702.473667,-1762.019645,8734.430116
16481.714149,2368.659014,-1685.410096,9474.636058
16481.714473,222.061783,-1991.848295,8882.471304
16481.714797,518.144159,-1915.238745,9326.594869
16481.715121,1110.308913,-1685.410096,9400.615463
16481.715446,370.102971,-1838.629195,9622.677246
16481.715770,74.020594,-1685.410096,9770.718434
16481.716094,370.102971,-612.876398,9474.636058
16481.716419,222.061783,-1072.533697,9400.615463
16481.716743,740.205942,-1685.410096,10140.821405
16481.717067,592.164754,-536.266849,10140.821405
16481.717392,0.000000,-459.657299,9548.656652
16481.717716,370.102971,0.000000,9770.718434
16481.718040,1628.453072,459.657299,10140.821405
16481.718365,592.164754,153.219100,9474.636058
16481.718689,0.000000,306.438199,9770.718434
16481.719013,74.020594,842.705048,9548.656652
16481.719337,148.041188,612.876398,9918.759623
16481.719662,-962.267725,995.924147,9474.636058
16481.719986,-962.267725,995.924147,9326.594869
16481.720310,-666.185348,1685.410096,8808.450710
16481.720635,-740.205942,1991.848295,9474.636058
16481.720959,-370.102971,2374.896044,9104.533087
16481.721283,-592.164754,3064.381992,8956.491898
16481.721608,-1258.350101,3217.601092,8142.265362
16481.721932,-222.061783,3370.820191,8290.306550
16481.722256,148.041188,3677.258390,8808.450710
16481.722580,-1258.350101,3217.601092,8290.306550
16481.722905,-1776.494261,3524.039291,8586.388927
16481.723229,-592.164754,3677.258390,7994.224174
16481.723553,-666.185348,2834.553343,8956.491898
16481.723878,-1924.535449,2451.505594,8586.388927
16481.724202,-1702.473667,2528.115143,8364.327145
16481.724526,-1184.329507,2451.505594,8586.388927
16481.724851,-1184.329507,2298.286494,9104.533087
16481.725175,-666.185348,2374.896044,9252.574275
16481.725499,-740.205942,2451.505594,9474.636058
16481.725824,148.041188,1915.238745,8660.409521
16481.726148,1702.473667,2145.067394,9696.697840
16481.726472,1480.411884,1455.581446,9844.739029
16481.726796,592.164754,919.314598,9548.656652
16481.727121,666.185348,612.876398,9474.636058
16481.727445,1480.411884,-459.657299,9992.780217
16481.727769,740.205942,-229.828649,9770.718434
16481.728094,666.185348,-612.876398,10140.821405
16481.728418,888.247130,-1072.533697,9548.656652
16481.728742,592.164754,-995.924147,9844.739029
16481.729067,1036.288319,-689.485948,10214.842000
16481.729391,1110.308913,-766.095498,9696.697840
16481.729715,592.164754,-459.657299,9474.636058
16481.730039,1480.411884,-536.266849,9252.574275
16481.730364,2146.597232,-76.609550,9474.636058
16481.730688,814.226536,-1225.752797,9326.594869
16481.731012,444.123565,-1149.143247,9178.553681
16481.731337,1036.288319,-1225.752797,9030.512492
16481.731661,296.082377,-1762.019645,9326.594869
16481.731985,-296.082377,-1608.800546,9178.553681
16481.732310,-296.082377,-2068.457845,9104.533087
16481.732634,-148.041188,-1685.410096,8956.491898
16481.732958,0.000000,-1915.238745,9178.553681
16481.733283,222.061783,-1838.629195,9400.615463
16481.733607,-296.082377,-1608.800546,9548.656652
16481.733931,0.000000,-1685.410096,9326.594869
16481.734255,1036.288319,-1608.800546,9844.739029
16481.734580,888.247130,-1225.752797,9770.718434
16481.734904,-518.144159,-1225.752797,9474.636058
16481.735228,0.000000,-842.705048,9474.636058
16481.735553,666.185348,-536.266849,9696.697840
16481.735877,-518.144159,-995.924147,9918.759623
16481.736201,-1036.288319,-689.485948,9622.677246
16481.736526,-740.205942,0.000000,9770.718434
16481.736850,-592.164754,-459.657299,9252.574275
16481.737174,-814.226536,76.609550,9918.759623
16481.737498,-370.102971,536.266849,9622.677246
16481.737823,-1184.329507,1302.362347,9326.594869
16481.738147,-148.041188,1838.629195,9326.594869
16481.738471,518.144159,2221.676944,9622.677246
16481.738796,-518.144159,2987.772442,9474.636058
16481.739120,-962.267725,2298.286494,9178.553681
16481.739444,-370.102971,2834.553343,8660.409521
16481.739769,-296.082377,3294.210641,8734.430116
16481.740093,-1406.391290,2987.772442,8438.347739
16481.740417,-1258.350101,3064.381992,8290.306550
16481.740742,-1110.308913,3140.991542,7994.224174
16481.741066,-1332.370696,3370.820191,8438.347739
16481.741390,-962.267725,3677.258390,8512.368333
16481.741714,-1258.350101,3140.991542,8142.265362
16481.742039,-814.226536,3064.381992,8216.285956
16481.742363,148.041188,3447.429741,8956.491898
16481.742687,592.164754,3217.601092,9326.594869
16481.743012,-222.061783,2528.115143,8956.491898
16481.743336,-222.061783,2604.724693,9178.553681
16481.743660,370.102971,2068.457845,9252.574275
16481.743985,148.041188,2451.505594,9474.636058
16481.744309,148.041188,1608.800546,10214.842000
16481.744633,0.000000,1685.410096,9326.594869
16481.744957,0.000000,1378.971896,9326.594869
16481.745282,518.144159,1225.752797,9992.780217
16481.745606,888.247130,1225.752797,9548.656652
16481.745930,222.061783,689.485948,9844.739029
16481.746255,1036.288319,0.000000,9474.636058
16481.746579,1850.514855,459.657299,9474.636058
16481.746903,814.226536,306.438199,9770.718434
16481.747228,-148.041188,0.000000,9252.574275
16481.747552,296.082377,0.000000,9252.574275
16481.747876,444.123565,-766.095498,9326.594869
16481.748201,-518.144159,-1072.533697,9474.636058
16481.748525,-666.185348,-919.314598,9622.677246
16481.748849,-148.041188,-1225.752797,9178.553681
16481.749173,-370.102971,-1685.410096,9252.574275
16481.749498,0.000000,-1532.190996,9474.636058
16481.749822,0.000000,-1225.752797,9474.636058
16481.750146,-296.082377,-1455.581446,9252.574275
16481.750471,888.247130,-1455.581446,9474.636058
16481.750795,1850.514855,-1072.533697,9770.718434
16481.751119,0.000000,-1532.190996,9326.594869
16481.751444,74.020594,-1915.238745,9252.574275
16481.751768,1258.350101,-1762.019645,9326.594869
16481.752092,1110.308913,-1762.019645,9622.677246
16481.752416,0.000000,-2374.896044,9252.574275
16481.752741,222.061783,-1762.019645,9252.574275
16481.753065,592.164754,-1685.410096,8882.471304
16481.753389,518.144159,-1762.019645,9696.697840
16481.753714,740.205942,-1455.581446,9622.677246
16481.754038,592.164754,-766.095498,9252.574275
16481.754362,444.123565,-766.095498,9178.553681
16481.754687,1998.556043,0.000000,9622.677246
16481.755011,1110.308913,-229.828649,9992.780217
16481.755335,-222.061783,0.000000,9474.636058
16481.755659,0.000000,306.438199,9400.615463
16481.755984,518.144159,76.609550,9326.594869
16481.756308,-518.144159,0.000000,9918.759623
16481.756632,-1036.288319,76.609550,9548.656652
16481.756957,-592.164754,612.876398,9326.594869
16481.757281,-296.082377,842.705048,9474.636058
16481.757605,-592.164754,1532.190996,9992.780217
16481.757930,-296.082377,1685.410096,8882.471304
16481.758254,-370.102971,2451.505594,9104.533087
16481.758578,0.000000,3140.991542,8512.368333
16481.758903,518.144159,3140.991542,9252.574275
16481.759227,-148.041188,3370.820191,9178.553681
16481.759551,-740.205942,3600.648841,8660.409521
16481.759875,-370.102971,3753.867940,8586.388927
16481.760200,-518.144159,3600.648841,8364.327145
16481.760524,-1258.350101,3753.867940,8438.347739
16481.760848,-1998.556043,2911.162892,7772.162391
16481.761173,-1702.473667,3370.820191,7994.224174
16481.761497,-1184.329507,2911.162892,8586.388927
16481.761821,-740.205942,3064.381992,8438.347739
16481.762146,-814.226536,2911.162892,8882.471304
16481.762470,-592.164754,2987.772442,8512.368333
16481.762794,296.082377,2987.772442,9474.636058
16481.763118,666.185348,2374.896044,8956.491898
16481.763443,-370.102971,1838.629195,9252.574275
16481.763767,-370.102971,1608.800546,9252.574275
16481.764091,740.205942,995.924147,9178.553681
16481.764416,0.000000,459.657299,9548.656652
16481.764740,-444.123565,76.609550,9548.656652
16481.765064,0.000000,0.000000,8882.471304
16481.765389,444.123565,-689.485948,9548.656652
16481.765713,370.102971,-306.438199,10140.821405
16481.766037,740.205942,-536.266849,10140.821405
16481.766362,222.061783,-689.485948,10066.800811
16481.766686,1110.308913,-612.876398,9844.739029
16481.767010,2368.659014,-306.438199,9992.780217
16481.767334,666.185348,-1072.533697,9844.739029
16481.767659,444.123565,-1378.971896,9104.533087
16481.767983,1184.329507,-1378.971896,9474.636058
16481.768307,1258.350101,-1302.362347,9326.594869
16481.768632,296.082377,-2221.676944,9622.677246
16481.768956,444.123565,-1762.019645,9104.533087
16481.769280,518.144159,-1532.190996,8586.388927
16481.769605,148.041188,-2681.334243,8956.491898
16481.769929,740.205942,-1838.629195,9548.656652
16481.770253,370.102971,-1608.800546,9030.512492
16481.770577,0.000000,-1608.800546,8660.409521
16481.770902,814.226536,-1302.362347,9252.574275
16481.771226,1184.329507,-1225.752797,9474.636058
16481.771550,0.000000,-1532.190996,8956.491898
16481.771875,0.000000,-1378.971896,9178.553681
16481.772199,148.041188,-995.924147,9400.615463
16481.772523,-148.041188,-1225.752797,9474.636058
16481.772848,-592.164754,-995.924147,9918.759623
16481.773172,-518.144159,-536.266849,9474.636058
16481.773496,-592.164754,-689.485948,9770.718434
16481.773821,-370.102971,0.000000,9918.759623
16481.774145,0.000000,153.219100,10066.800811
16481.774469,-370.102971,536.266849,9770.718434
16481.774793,-296.082377,383.047749,9770.718434
16481.775118,592.164754,1225.752797,9770.718434
16481.775442,148.041188,1378.971896,10140.821405
16481.775766,-962.267725,1302.362347,9548.656652
16481.776091,-222.061783,2068.457845,9252.574275
16481.776415,0.000000,2145.067394,8882.471304
16481.776739,-962.267725,2068.457845,9030.512492
16481.777064,-1332.370696,2604.724693,8586.388927
16481.777388,-1036.288319,2911.162892,8216.285956
16481.777712,-1110.308913,2987.772442,8438.347739
16481.778036,-888.247130,3140.991542,8586.388927
16481.778361,-888.247130,3830.477490,8290.306550
16481.778685,-1554.432478,3140.991542,7698.141797
16481.779010,-444.123565,3753.867940,8438.347739
16481.779334,0.000000,3753.867940,8660.409521
16481.779658,-1406.391290,2911.162892,8882.471304
16481.779983,-1332.370696,2757.943793,8956.491898
16481.780307,-296.082377,2757.943793,8956.491898
16481.780632,-444.123565,2451.505594,9178.553681
16481.780956,-1036.288319,2451.505594,9326.594869
16481.781280,-888.247130,2451.505594,9252.574275
16481.781605,-370.102971,1838.629195,9030.512492
16481.781929,0.000000,1991.848295,9696.697840
16481.782253,296.082377,2145.067394,9992.780217
16481.782578,-148.041188,1685.410096,9400.615463
16481.782902,666.185348,2298.286494,9252.574275
16481.783227,2294.638420,1991.848295,9770.718434
16481.783551,1258.350101,1225.752797,9622.677246
16481.783875,0.000000,306.438199,9252.574275
16481.784200,666.185348,153.219100,9252.574275
16481.784524,1036.288319,76.609550,9252.574275
16481.784849,0.000000,-536.266849,9474.636058
16481.785173,-592.164754,-766.095498,9252.574275
16481.785497,0.000000,-459.657299,8882.471304
16481.785822,444.123565,-766.095498,8808.450710
16481.786146,148.041188,-689.485948,9770.718434
16481.786471,-592.164754,-1378.971896,9178.553681
16481.786795,0.000000,-1378.971896,9104.533087
16481.787119,518.144159,-995.924147,9474.636058
16481.787444,1332.370696,-1302.362347,10066.800811
16481.787768,518.144159,-1608.800546,10214.842000
16481.788092,-296.082377,-1762.019645,9104.533087
16481.788417,296.082377,-1762.019645,9400.615463
16481.788741,814.226536,-2374.896044,9696.697840
16481.789066,222.061783,-2145.067394,9622.677246
16481.789390,222.061783,-1838.629195,9400.615463
16481.789714,666.185348,-2068.457845,9252.574275
16481.790039,814.226536,-1838.629195,9474.636058
16481.790363,1406.391290,-1378.971896,9844.739029
16481.790688,962.267725,-1302.362347,9474.636058
16481.791012,740.205942,-1302.362347,8956.491898
16481.791336,1924.535449,-919.314598,9770.718434
16481.791661,1776.494261,-995.924147,9844.739029
16481.791985,592.164754,-1225.752797,9474.636058
16481.792310,814.226536,-689.485948,9474.636058
16481.792634,1184.329507,-612.876398,8956.491898
16481.792958,296.082377,-536.266849,9844.739029
16481.793283,-814.226536,-383.047749,9696.697840
16481.793607,-666.185348,-229.828649,9104.533087
16481.793931,-518.144159,383.047749,9474.636058
16481.794256,-592.164754,459.657299,9696.697840
16481.794580,-740.205942,1149.143247,9622.677246
16481.794905,-1258.350101,1302.362347,8956.491898
16481.795229,-444.123565,2221.676944,9030.512492
16481.795553,148.041188,2145.067394,9474.636058
16481.795878,-592.164754,2451.505594,9474.636058
16481.796202,-1406.391290,2374.896044,8956.491898
16481.796527,-444.123565,2911.162892,9252.574275
16481.796851,-222.061783,2757.943793,9178.553681
16481.797175,-1258.350101,2911.162892,8586.388927
16481.797500,-1110.308913,3370.820191,8586.388927
16481.797824,-1110.308913,3600.648841,8068.244768
16481.798149,-1258.350101,3370.820191,8512.368333
16481.798473,-666.185348,3294.210641,8586.388927
16481.798797,-814.226536,3370.820191,8660.409521
16481.799122,-1110.308913,3217.601092,8216.285956
16481.799446,0.000000,3524.039291,8290.306550
16481.799770,666.185348,3140.991542,9030.512492
16481.800095,-740.205942,2528.115143,8660.409521
16481.800419,-888.247130,2451.505594,8660.409521
16481.800744,148.041188,2221.676944,8808.450710
16481.801068,-222.061783,1532.190996,9252.574275
16481.801392,-370.102971,1072.533697,9400.615463
16481.801717,-148.041188,1378.971896,8882.471304
16481.802041,0.000000,1378.971896,8882.471304
16481.802366,888.247130,766.095498,9918.759623
16481.802690,740.205942,229.828649,9992.780217
16481.803014,0.000000,0.000000,9622.677246
16481.803339,962.267725,0.000000,9622.677246
16481.803663,2220.617826,-229.828649,10510.924376
16481.803988,1036.288319,-536.266849,10140.821405
16481.804312,740.205942,-229.828649,9918.759623
16481.804636,1184.329507,-306.438199,9992.780217
16481.804961,1406.391290,-1072.533697,9992.780217
16481.805285,888.247130,-1532.190996,10214.842000
16481.805609,370.102971,-1532.190996,9548.656652
16481.805934,666.185348,-1532.190996,9178.553681
16481.806258,888.247130,-1378.971896,9474.636058
16481.806583,740.205942,-1608.800546,8586.388927
16481.806907,666.185348,-1302.362347,8882.471304
16481.807231,518.144159,-1762.019645,8734.430116
16481.807556,962.267725,-1149.143247,8808.450710
16481.807880,1258.350101,-1302.362347,9474.636058
16481.808205,148.041188,-1455.581446,9104.533087
16481.808529,0.000000,-1915.238745,8808.450710
16481.808853,444.123565,-1455.581446,9104.533087
16481.809178,-296.082377,-1608.800546,9252.574275
16481.809502,-1406.391290,-1915.238745,9030.512492
16481.809827,-962.267725,-1302.362347,9178.553681
16481.810151,-666.185348,-1072.533697,9474.636058
16481.810475,-666.185348,-919.314598,9622.677246
16481.810800,-370.102971,-689.485948,10140.821405
16481.811124,-444.123565,-766.095498,9770.718434
16481.811448,-444.123565,-153.219100,9548.656652
16481.811773,888.247130,306.438199,9918.759623
16481.812097,518.144159,612.876398,10362.883188
16481.812422,-814.226536,306.438199,9770.718434
16481.812746,-296.082377,995.924147,9474.636058
16481.813070,222.061783,842.705048,9474.636058
16481.813395,-592.164754,1149.143247,9474.636058
16481.813719,-888.247130,1838.629195,9326.594869
16481.814044,-666.185348,2298.286494,8364.327145
16481.814368,-592.164754,2145.067394,8882.471304
16481.814692,-592.164754,2528.115143,9030.512492
16481.815017,-444.123565,3064.381992,8808.450710
16481.815341,-296.082377,3524.039291,8364.327145
16481.815666,0.000000,3600.648841,8586.388927
16481.815990,518.144159,3600.648841,8512.368333
16481.816314,-518.144159,3447.429741,8660.409521
16481.816639,-1110.308913,3447.429741,8290.306550
16481.816963,-592.164754,3907.087040,8586.388927
16481.817287,-740.205942,3064.381992,9030.512492
16481.817612,-1332.370696,3140.991542,8882.471304
16481.817936,-962.267725,2374.896044,8512.368333
16481.818261,-1184.329507,3140.991542,7994.224174
16481.818585,-962.267725,3064.381992,9104.533087
16481.818909,-370.102971,2681.334243,9252.574275
16481.819234,-370.102971,2604.724693,9252.574275
16481.819558,-222.061783,2221.676944,9030.512492
16481.819883,888.247130,2374.896044,9326.594869
16481.820207,1036.288319,1915.238745,9770.718434
16481.820531,222.061783,1455.581446,8956.491898
16481.820856,666.185348,919.314598,9252.574275
16481.821180,1332.370696,919.314598,9474.636058
16481.821505,370.102971,229.828649,9844.739029
16481.821829,-370.102971,-229.828649,9548.656652
16481.822153,148.041188,0.000000,9770.718434
16481.822478,370.102971,0.000000,9474.636058
16481.822802,74.020594,0.000000,10140.821405
16481.823126,222.061783,-842.705048,9918.759623
16481.823451,0.000000,-689.485948,9400.615463
16481.823775,148.041188,-766.095498,9474.636058
16481.824100,1110.308913,-612.876398,9548.656652
16481.824424,0.000000,-1149.143247,9696.697840
16481.824748,-740.205942,-1149.143247,9326.594869
16481.825073,518.144159,-919.314598,9104.533087
16481.825397,444.123565,-1685.410096,9252.574275
16481.825722,-222.061783,-2145.067394,9326.594869
16481.826046,-444.123565,-1838.629195,8882.471304
16481.826370,0.000000,-1762.019645,8808.450710
16481.826695,148.041188,-1991.848295,9030.512492
16481.827019,592.164754,-1608.800546,9030.512492
16481.827344,444.123565,-1685.410096,8956.491898
16481.827668,962.267725,-1302.362347,9252.574275
16481.827992,1850.514855,-1378.971896,9548.656652
16481.828317,2368.659014,-1608.800546,9844.739029
16481.828641,740.205942,-1685.410096,9918.759623
16481.828965,444.123565,-1072.533697,9548.656652
16481.829290,1554.432478,-919.314598,9992.780217
16481.829614,1258.350101,-1915.238745,10362.883188
16481.829939,-222.061783,-1302.362347,9770.718434
16481.830263,0.000000,-766.095498,9474.636058
16481.830587,444.123565,-383.047749,9548.656652
16481.830912,370.102971,0.000000,10436.903782
16481.831236,0.000000,306.438199,9918.759623
16481.831561,-444.123565,1149.143247,9474.636058
16481.831885,74.020594,1149.143247,9104.533087
16481.832209,814.226536,1225.752797,9474.636058
16481.832534,296.082377,1455.581446,9622.677246
16481.832858,-888.247130,1532.190996,8882.471304
16481.833183,-888.247130,2145.067394,8882.471304
16481.833507,-444.123565,2221.676944,8882.471304
16481.833831,-1406.391290,1915.238745,8956.491898
16481.834156,-1258.350101,2145.067394,8438.347739
16481.834480,-1258.350101,3524.039291,7994.224174
16481.834805,-1554.432478,3217.601092,7994.224174
16481.835129,-962.267725,3064.381992,8660.409521
16481.835453,-962.267725,3370.820191,8734.430116
16481.835778,-1480.411884,3217.601092,8216.285956
16481.836102,-222.061783,3830.477490,8882.471304
16481.836426,0.000000,3447.429741,8734.430116
16481.836751,-592.164754,2911.162892,8734.430116
16481.837075,-666.185348,2834.553343,8808.450710
16481.837400,-222.061783,3064.381992,9030.512492
16481.837724,-518.144159,2604.724693,9252.574275
16481.838048,-814.226536,2145.067394,9252.574275
16481.838373,-962.267725,1991.848295,8734.430116
16481.838697,-592.164754,1532.190996,8734.430116
16481.839022,-592.164754,1532.190996,9178.553681
16481.839346,592.164754,1608.800546,9474.636058
16481.839670,74.020594,1072.533697,9326.594869
16481.839995,666.185348,1302.362347,9104.533087
16481.840319,1776.494261,1149.143247,9474.636058
16481.840644,1332.370696,919.314598,9696.697840
16481.840968,222.061783,229.828649,9844.739029
16481.841292,1332.370696,-612.876398,9548.656652
16481.841617,1332.370696,-383.047749,9622.677246
16481.841941,444.123565,-1302.362347,10140.821405
16481.842265,0.000000,-1378.971896,9696.697840
16481.842590,444.123565,-1455.581446,9178.553681
16481.842914,740.205942,-1608.800546,9622.677246
16481.843239,962.267725,-1532.190996,9696.697840
16481.843563,0.000000,-1378.971896,9548.656652
16481.843887,592.164754,-1302.362347,9400.615463
16481.844212,1036.288319,-1608.800546,9474.636058
16481.844536,1776.494261,-1378.971896,9844.739029
16481.844861,888.247130,-1685.410096,9992.780217
16481.845185,0.000000,-1915.238745,9178.553681
16481.845509,444.123565,-1915.238745,9548.656652
16481.845834,518.144159,-1225.752797,9474.636058
16481.846158,0.000000,-2221.676944,9400.615463
16481.846483,-518.144159,-1608.800546,9326.594869
16481.846807,-370.102971,-1455.581446,9178.553681
16481.847131,-148.041188,-1072.533697,9326.594869
16481.847456,370.102971,-1149.143247,9918.759623
16481.847780,-444.123565,-383.047749,9474.636058
16481.848104,-740.205942,-536.266849,8808.450710
16481.848429,370.102971,0.000000,9104.533087
16481.848753,740.205942,0.000000,9918.759623
16481.849078,-740.205942,0.000000,9622.677246
16481.849402,-814.226536,153.219100,9104.533087
16481.849726,-148.041188,153.219100,9326.594869
16481.850051,-814.226536,0.000000,9622.677246
16481.850375,-1702.473667,229.828649,9622.677246
16481.850700,-1332.370696,842.705048,8956.491898
16481.851024,-962.267725,919.314598,8882.471304
16481.851348,-962.267725,1532.190996,9622.677246
16481.851673,-666.185348,2145.067394,9474.636058
16481.851997,-592.164754,2528.115143,9178.553681
16481.852322,444.123565,3600.648841,8734.430116
16481.852646,592.164754,3830.477490,9178.553681
16481.852970,148.041188,3753.867940,9178.553681
16481.853295,-370.102971,3140.991542,8586.388927
16481.853619,-296.082377,3830.477490,8808.450710
16481.853943,0.000000,3447.429741,8956.491898
16481.854268,-962.267725,3217.601092,8882.471304
16481.854592,-1406.391290,3677.258390,8438.347739
16481.854917,-962.267725,3600.648841,8438.347739
16481.855241,-666.185348,3370.820191,8290.306550
16481.855565,-370.102971,3064.381992,8438.347739
16481.855890,-592.164754,3140.991542,8882.471304
16481.856214,-592.164754,2911.162892,8586.388927
16481.856539,296.082377,2681.334243,8808.450710
16481.856863,370.102971,2451.505594,9326.594869
16481.857187,-592.164754,2374.896044,8956.491898
16481.857512,-444.123565,1532.190996,8956.491898
16481.857836,444.123565,766.095498,9030.512492
16481.858161,444.123565,1149.143247,9696.697840
16481.858485,-814.226536,766.095498,9548.656652
16481.858809,-370.102971,536.266849,9326.594869
16481.859134,518.144159,306.438199,9622.677246
16481.859458,518.144159,383.047749,9918.759623
16481.859782,222.061783,0.000000,9622.677246
16481.860107,296.082377,-76.609550,9770.718434
16481.860431,888.247130,-306.438199,9400.615463
16481.860756,1406.391290,-383.047749,10214.842000
16481.861080,962.267725,-536.266849,10288.862594
16481.861404,74.020594,-919.314598,9548.656652
16481.861729,518.144159,-766.095498,9622.677246
16481.862053,888.247130,-2221.676944,9770.718434
16481.862378,-148.041188,-1302.362347,9474.636058
16481.862702,-666.185348,-1532.190996,8660.409521
16481.863026,-222.061783,-1378.971896,8808.450710
16481.863351,0.000000,-1302.362347,8660.409521
16481.863675,0.000000,-1608.800546,9252.574275
16481.864000,0.000000,-1302.362347,8808.450710
16481.864324,370.102971,-1532.190996,8438.347739
16481.864648,1258.350101,-1455.581446,9104.533087
16481.864973,1258.350101,-1685.410096,9178.553681
16481.865297,666.185348,-1762.019645,9400.615463
16481.865621,518.144159,-1685.410096,9252.574275
16481.865946,1332.370696,-1532.190996,9474.636058
16481.866270,1036.288319,-1455.581446,9770.718434
16481.866595,888.247130,-1455.581446,10214.842000
16481.866919,370.102971,-842.705048,9474.636058
16481.867243,888.247130,-1072.533697,9992.780217
16481.867568,888.247130,-919.314598,10214.842000
16481.867892,888.247130,-536.266849,10584.944971
16481.868217,370.102971,-153.219100,9770.718434
16481.868541,592.164754,76.609550,10214.842000
16481.868865,1480.411884,306.438199,9844.739029
16481.869190,370.102971,229.828649,9548.656652
16481.869514,-518.144159,459.657299,9400.615463
16481.869839,-518.144159,919.314598,9474.636058
16481.870163,0.000000,689.485948,9474.636058
16481.870487,-888.247130,1072.533697,9326.594869
16481.870812,-1554.432478,1608.800546,9252.574275
16481.871136,-1480.411884,1685.410096,8438.347739
16481.871460,-1036.288319,2145.067394,8364.327145
16481.871785,-518.144159,2451.505594,8808.450710
16481.872109,-1110.308913,3064.381992,8660.409521
16481.872434,-1258.350101,3294.210641,8216.285956
16481.872758,-222.061783,3830.477490,8438.347739
16481.873082,444.123565,3677.258390,9030.512492
16481.873407,-1110.308913,3294.210641,8512.368333
16481.873731,-1628.453072,3217.601092,8216.285956
16481.874056,-888.247130,3140.991542,8290.306550
16481.874380,-518.144159,3370.820191,8882.471304
16481.874704,-1258.350101,2681.334243,8882.471304
16481.875029,-1628.453072,2681.334243,8734.430116
16481.875353,-1036.288319,2374.896044,8364.327145
16481.875678,-592.164754,2374.896044,9326.594869
16481.876002,0.000000,2145.067394,9252.574275
16481.876326,-222.061783,2221.676944,9178.553681
16481.876651,370.102971,2068.457845,9178.553681
16481.876975,1850.514855,2068.457845,9326.594869
16481.877299,1554.432478,1455.581446,9622.677246
16481.877624,518.144159,919.314598,9474.636058
16481.877948,666.185348,766.095498,9326.594869
16481.878273,1332.370696,383.047749,9474.636058
16481.878597,666.185348,306.438199,9770.718434
16481.878921,0.000000,-612.876398,9696.697840
16481.879246,148.041188,-689.485948,9400.615463
16481.879570,592.164754,-1072.533697,9622.677246
16481.879894,592.164754,-1149.143247,10214.842000
16481.880219,592.164754,-1149.143247,10066.800811
16481.880543,518.144159,-689.485948,9252.574275
16481.880868,888.247130,-1149.143247,9474.636058
16481.881192,1776.494261,-612.876398,10066.800811
16481.881516,1110.308913,-1302.362347,9844.739029
16481.881841,592.164754,-1685.410096,9548.656652
16481.882165,814.226536,-1532.190996,9474.636058
16481.882489,962.267725,-1608.800546,9770.718434
16481.882814,74.020594,-2068.457845,9696.697840
16481.883138,-370.102971,-1762.019645,9252.574275
16481.883462,74.020594,-1378.971896,9030.512492
16481.883787,74.020594,-1838.629195,9252.574275
16481.884111,370.102971,-1608.800546,9400.615463
16481.884435,-370.102971,-1225.752797,9400.615463
16481.884760,-148.041188,-1302.362347,9104.533087
16481.885084,740.205942,-766.095498,9326.594869
16481.885408,1036.288319,-612.876398,9400.615463
16481.885733,-962.267725,-612.876398,9474.636058
16481.886057,-1036.288319,-536.266849,9326.594869
16481.886382,0.000000,-383.047749,9326.594869
16481.886706,-296.082377,0.000000,9548.656652
16481.887030,-1332.370696,-153.219100,9548.656652
16481.887355,-1332.370696,0.000000,8956.491898
16481.887679,-444.123565,306.438199,9030.512492
16481.888003,-1036.288319,766.095498,9622.677246
16481.888328,-296.082377,459.657299,9770.718434
16481.888652,-1332.370696,1455.581446,9548.656652
16481.888976,-370.102971,1991.848295,9104.533087
16481.889301,1036.288319,2451.505594,9696.697840
16481.889625,74.020594,2374.896044,9770.718434
16481.889949,-518.144159,2374.896044,9104.533087
16481.890274,-296.082377,3064.381992,8956.491898
16481.890598,222.061783,2911.162892,9252.574275
16481.890922,-592.164754,2987.772442,9326.594869
16481.891247,-962.267725,2987.772442,8808.450710
16481.891571,-1036.288319,3140.991542,8142.265362
16481.891895,-888.247130,2911.162892,8512.368333
16481.892220,-592.164754,3447.429741,8956.491898
16481.892544,-888.247130,2987.772442,8586.388927
16481.892869,-666.185348,2374.896044,8808.450710
16481.893193,-148.041188,3677.258390,8586.388927
16481.893517,592.164754,2987.772442,9104.533087
16481.893842,-740.205942,2911.162892,8956.491898
16481.894166,-888.247130,3294.210641,8956.491898
16481.894490,370.102971,2451.505594,9178.553681
16481.894815,-296.082377,2298.286494,9252.574275
16481.895139,-518.144159,1225.752797,8882.471304
16481.895463,-666.185348,1838.629195,9252.574275
16481.895788,-444.123565,1608.800546,8882.471304
16481.896112,148.041188,1302.362347,9770.718434
16481.896436,592.164754,1072.533697,9844.739029
16481.896761,74.020594,459.657299,9474.636058
16481.897085,1036.288319,995.924147,9474.636058
16481.897409,1998.556043,689.485948,9474.636058
16481.897734,1110.308913,76.609550,9844.739029
16481.898058,148.041188,-459.657299,9844.739029
16481.898382,444.123565,-459.657299,9474.636058
16481.898707,1036.288319,-766.095498,9622.677246
16481.899031,0.000000,-995.924147,9992.780217
16481.899356,-296.082377,-1302.362347,9030.512492
16481.899680,0.000000,-1149.143247,8882.471304
16481.900004,0.000000,-1608.800546,9548.656652
16481.900329,74.020594,-1532.190996,9400.615463
16481.900653,0.000000,-1532.190996,9252.574275
16481.900977,-222.061783,-1532.190996,8734.430116
16481.901302,592.164754,-1072.533697,9030.512492
16481.901626,1554.432478,-1149.143247,9400.615463
16481.901950,370.102971,-1532.190996,9030.512492
16481.902275,-222.061783,-2068.457845,8808.450710
16481.902599,1110.308913,-1762.019645,9474.636058
16481.902923,962.267725,-2221.676944,9548.656652
16481.903248,296.082377,-2221.676944,9474.636058
16481.903572,370.102971,-1838.629195,9474.636058
16481.903896,296.082377,-1608.800546,8808.450710
16481.904221,444.123565,-1532.190996,9548.656652
16481.904545,1332.370696,-1072.533697,9992.780217
16481.904870,740.205942,-919.314598,9918.759623
16481.905194,888.247130,-612.876398,9696.697840
16481.905518,1850.514855,-229.828649,9992.780217
16481.905843,1776.494261,-153.219100,10214.842000
16481.906167,444.123565,-383.047749,10066.800811
16481.906491,296.082377,0.000000,9548.656652
16481.906816,518.144159,306.438199,9474.636058
16481.907140,-222.061783,0.000000,9918.759623
16481.907464,-1036.288319,153.219100,9474.636058
16481.907789,-814.226536,995.924147,8882.471304
16481.908113,-814.226536,1149.143247,8956.491898
16481.908437,-740.205942,1302.362347,9104.533087
16481.908762,-444.123565,2145.067394,8956.491898
16481.909086,-1184.329507,2451.505594,8660.409521
16481.909410,-814.226536,3140.991542,8734.430116
16481.909735,296.082377,3140.991542,8956.491898
16481.910059,-740.205942,3217.601092,8882.471304
16481.910383,-1628.453072,3064.381992,8216.285956
16481.910708,-666.185348,3907.087040,8290.306550
16481.911032,-1036.288319,3600.648841,8290.306550
16481.911357,-1776.494261,2451.505594,8660.409521
16481.911681,-1480.411884,3294.210641,8586.388927
16481.912005,-1184.329507,3217.601092,8364.327145
16481.912330,-1406.391290,3064.381992,8660.409521
16481.912654,-666.185348,2911.162892,8660.409521
16481.912978,-518.144159,2987.772442,8808.450710
16481.913303,-222.061783,2834.553343,8882.471304
16481.913627,444.123565,2451.505594,8882.471304
16481.913951,1332.370696,2374.896044,9326.594869
16481.914276,222.061783,1685.410096,9474.636058
16481.914600,0.000000,1225.752797,9178.553681
16481.914924,1332.370696,536.266849,9400.615463
16481.915249,962.267725,919.314598,9622.677246
16481.915573,-296.082377,229.828649,9178.553681
16481.915897,518.144159,0.000000,9178.553681
16481.916222,888.247130,0.000000,9992.780217
16481.916546,370.102971,-383.047749,9918.759623
16481.916871,888.247130,-306.438199,10066.800811
16481.917195,148.041188,-766.095498,9622.677246
16481.917519,962.267725,-459.657299,9474.636058
16481.917844,1850.514855,-536.266849,10510.924376
16481.918168,592.164754,-536.266849,9696.697840
16481.918492,148.041188,-1378.971896,9178.553681
16481.918817,814.226536,-1302.362347,9696.697840
16481.919141,1110.308913,-1532.190996,9474.636058
16481.919465,0.000000,-1838.629195,9696.697840
16481.919790,0.000000,-1302.362347,9030.512492
16481.920114,148.041188,-1532.190996,9104.533087
16481.920438,0.000000,-1762.019645,8734.430116
16481.920763,296.082377,-2374.896044,9326.594869
16481.921087,518.144159,-1532.190996,9252.574275
16481.921411,148.041188,-1762.019645,9178.553681
16481.921736,814.226536,-1225.752797,9400.615463
16481.922060,1628.453072,-919.314598,9548.656652
16481.922384,222.061783,-1378.971896,9622.677246
16481.922709,-518.144159,-1072.533697,9326.594869
16481.923033,444.123565,-1225.752797,9696.697840
16481.923358,0.000000,-1302.362347,9918.759623
16481.923682,-740.205942,-1072.533697,9918.759623
16481.924006,-814.226536,-459.657299,9474.636058
16481.924331,-814.226536,-459.657299,9326.594869
16481.924655,-666.185348,0.000000,9548.656652
16481.924979,-370.102971,383.047749,9474.636058
16481.925304,-518.144159,153.219100,9474.636058
16481.925628,-814.226536,995.924147,8956.491898
16481.925952,74.020594,1149.143247,9696.697840
16481.926277,0.000000,1225.752797,9474.636058
16481.926601,-962.267725,1149.143247,9474.636058
16481.926925,-666.185348,1762.019645,8808.450710
16481.927250,-74.020594,2451.505594,8660.409521
16481.927574,-1036.288319,2145.067394,9252.574275
16481.927898,-740.205942,2068.457845,9030.512492
16481.928223,-518.144159,2451.505594,8808.450710
16481.928547,-444.123565,2757.943793,8808.450710
16481.928871,-888.247130,2987.772442,9178.553681
16481.929196,-222.061783,3217.601092,8734.430116
16481.929520,0.000000,3677.258390,8586.388927
16481.929845,0.000000,3830.477490,8882.471304
16481.930169,518.144159,3677.258390,9030.512492
16481.930493,-518.144159,3370.820191,9030.512492
16481.930818,-1110.308913,3524.039291,8956.491898
16481.931142,74.020594,3140.991542,9104.533087
16481.931466,0.000000,3140.991542,8808.450710
16481.931791,-1406.391290,2145.067394,8660.409521
16481.932115,-1184.329507,2451.505594,8586.388927
16481.932439,0.000000,2451.505594,8734.430116
16481.932764,-444.123565,2145.067394,9104.533087
16481.933088,148.041188,2145.067394,9326.594869
16481.933412,-148.041188,2221.676944,9104.533087
16481.933737,74.020594,1915.238745,8956.491898
16481.934061,1406.391290,1378.971896,9326.594869
16481.934385,888.247130,766.095498,9474.636058
16481.934710,0.000000,229.828649,9252.574275
16481.935034,148.041188,153.219100,9548.656652
16481.935359,1036.288319,-229.828649,9770.718434
16481.935683,74.020594,-842.705048,9992.780217
16481.936007,-1184.329507,-766.095498,9474.636058
16481.936332,518.144159,-612.876398,9252.574275
16481.936656,370.102971,-1072.533697,9770.718434
16481.936980,74.020594,-1225.752797,10214.842000
16481.937305,296.082377,-1149.143247,9844.739029
16481.937629,222.061783,-1225.752797,9548.656652
16481.937953,666.185348,-1302.362347,9400.615463
16481.938278,1628.453072,-1225.752797,9770.718434
16481.938602,444.123565,-995.924147,9252.574275
16481.938926,-74.020594,-1378.971896,9326.594869
16481.939251,592.164754,-1532.190996,8956.491898
16481.939575,666.185348,-1608.800546,9326.594869
16481.939899,-296.082377,-2068.457845,9178.553681
16481.940224,-370.102971,-1915.238745,8808.450710
16481.940548,74.020594,-1915.238745,8882.471304
16481.940872,370.102971,-1608.800546,8734.430116
16481.941197,740.205942,-1608.800546,9252.574275
16481.941521,370.102971,-1378.971896,9104.533087
16481.941846,148.041188,-1532.190996,8734.430116
16481.942170,1702.473667,-766.095498,9696.697840
16481.942494,1702.473667,-612.876398,10214.842000
16481.942819,370.102971,-1072.533697,9992.780217
16481.943143,444.123565,-842.705048,9400.615463
16481.943467,1184.329507,0.000000,9474.636058
16481.943792,740.205942,-612.876398,10140.821405
16481.944116,-740.205942,-536.266849,9844.739029
16481.944440,-592.164754,76.609550,9326.594869
16481.944765,-296.082377,153.219100,9622.677246
16481.945089,-370.102971,612.876398,9992.780217
16481.945413,-592.164754,1455.581446,9622.677246
16481.945738,-592.164754,1762.019645,9400.615463
16481.946062,148.041188,2451.505594,8956.491898
16481.946386,888.247130,2451.505594,9474.636058
16481.946711,-296.082377,2221.676944,9474.636058
16481.947035,-1110.308913,2528.115143,8808.450710
16481.947360,-370.102971,3064.381992,8808.450710
16481.947684,-592.164754,3064.381992,8586.388927
16481.948008,-1110.308913,2681.334243,8660.409521
16481.948333,-1480.411884,3140.991542,7772.162391
16481.948657,-1332.370696,3064.381992,7698.141797
16481.948981,-1406.391290,3217.601092,8290.306550
16481.949306,-1036.288319,2834.553343,8660.409521
16481.949630,-1258.350101,3217.601092,8290.306550
16481.949954,-1110.308913,3140.991542,7920.203579
16481.950279,0.000000,3370.820191,8734.430116
16481.950603,370.102971,2757.943793,8808.450710
16481.950927,-444.123565,2681.334243,9030.512492
16481.951252,-888.247130,2374.896044,9030.512492
16481.951576,222.061783,1838.629195,9030.512492
16481.951900,370.102971,1685.410096,9622.677246
16481.952225,-296.082377,1225.752797,9252.574275
16481.952549,74.020594,1532.190996,8808.450710
16481.952873,0.000000,612.876398,9252.574275
16481.953198,1332.370696,229.828649,9844.739029
16481.953522,1258.350101,306.438199,10584.944971
16481.953847,814.226536,306.438199,10066.800811
16481.954171,1332.370696,76.609550,9622.677246
16481.954495,2220.617826,766.095498,10584.944971
16481.954820,1480.411884,-306.438199,10288.862594
16481.955144,592.164754,-536.266849,9696.697840
16481.955468,740.205942,-306.438199,9770.718434
16481.955793,1184.329507,-1149.143247,9474.636058
16481.956117,222.061783,-1378.971896,9548.656652
16481.956441,0.000000,-1608.800546,9104.533087
16481.956766,0.000000,-1225.752797,8438.347739
16481.957090,0.000000,-2221.676944,9104.533087
16481.957414,-148.041188,-1685.410096,8808.450710
16481.957739,0.000000,-1455.581446,8956.491898
16481.958063,0.000000,-1685.410096,8808.450710
16481.958387,888.247130,-1532.190996,9252.574275
16481.958712,1036.288319,-1532.190996,9770.718434
16481.959036,-222.061783,-1838.629195,9400.615463
16481.959360,0.000000,-1838.629195,9770.718434
16481.959685,962.267725,-1532.190996,9326.594869
16481.960009,592.164754,-1685.410096,9770.718434
16481.960334,-592.164754,-1838.629195,9400.615463
16481.960658,-592.164754,-1225.752797,9474.636058
16481.960982,-148.041188,-919.314598,9474.636058
16481.961307,-222.061783,-689.485948,9918.759623
16481.961631,74.020594,-459.657299,10066.800811
16481.961955,-370.102971,76.609550,9400.615463
16481.962280,0.000000,459.657299,9400.615463
16481.962604,1110.308913,306.438199,9474.636058
16481.962928,370.102971,76.609550,9918.759623
16481.963253,-740.205942,306.438199,9030.512492
16481.963577,-592.164754,1072.533697,9178.553681
16481.963901,0.000000,919.314598,9104.533087
16481.964226,-962.267725,1225.752797,9252.574275
16481.964550,-888.247130,766.095498,9178.553681
16481.964874,-740.205942,2374.896044,8512.368333
16481.965199,-666.185348,2221.676944,9104.533087
16481.965523,-666.185348,2451.505594,9104.533087
16481.965848,-148.041188,2987.772442,9104.533087
16481.966172,-814.226536,3217.601092,8808.450710
16481.966496,-370.102971,3217.601092,8660.409521
16481.966821,666.185348,3753.867940,9104.533087
16481.967145,74.020594,2911.162892,9178.553681
16481.967469,-592.164754,3140.991542,8734.430116
16481.967794,-370.102971,3140.991542,9252.574275
16481.968118,-370.102971,3064.381992,8882.471304
16481.968442,-740.205942,2987.772442,9252.574275
16481.968767,-1110.308913,2757.943793,8734.430116
16481.969091,-814.226536,3294.210641,8364.327145
16481.969415,-370.102971,2374.896044,8660.409521
16481.969740,-148.041188,2911.162892,8956.491898
16481.970064,-518.144159,2451.505594,9252.574275
16481.970388,-444.123565,2298.286494,8364.327145
16481.970713,740.205942,2298.286494,9104.533087
16481.971037,740.205942,1838.629195,9326.594869
16481.971361,0.000000,1225.752797,8882.471304
16481.971686,0.000000,995.924147,8882.471304
16481.972010,814.226536,153.219100,9326.594869
16481.972335,0.000000,0.000000,9474.636058
16481.972659,-666.185348,-153.219100,9474.636058
16481.972983,-370.102971,-459.657299,9474.636058
16481.973308,148.041188,-459.657299,9696.697840
16481.973632,0.000000,-766.095498,9844.739029
16481.973956,222.061783,-459.657299,9770.718434
16481.974281,222.061783,-766.095498,9696.697840
16481.974605,814.226536,-766.095498,9918.759623
16481.974929,1702.473667,-842.705048,10288.862594
16481.975254,444.123565,-1302.362347,10214.842000
16481.975578,0.000000,-1455.581446,9474.636058
16481.975902,222.061783,-919.314598,9400.615463
16481.976227,1184.329507,-1915.238745,9770.718434
16481.976551,148.041188,-1532.190996,9252.574275
16481.976875,-592.164754,-1762.019645,8956.491898
16481.977200,74.020594,-1302.362347,8734.430116
16481.977524,518.144159,-1455.581446,9104.533087
16481.977848,592.164754,-1685.410096,9474.636058
16481.978173,518.144159,-1225.752797,9030.512492
16481.978497,518.144159,-766.095498,8438.347739
16481.978822,1258.350101,-995.924147,8734.430116
16481.979146,1924.535449,-1378.971896,9474.636058
16481.979470,296.082377,-1378.971896,9400.615463
16481.979795,74.020594,-919.314598,8808.450710
16481.980119,740.205942,-919.314598,9622.677246
16481.980443,888.247130,-1302.362347,9992.780217
16481.980768,222.061783,-766.095498,10066.800811
16481.981092,74.020594,-536.266849,9474.636058
16481.981416,148.041188,-306.438199,9474.636058
16481.981741,0.000000,0.000000,10140.821405
16481.982065,0.000000,153.219100,10066.800811
16481.982389,-518.144159,612.876398,9696.697840
16481.982714,0.000000,1072.533697,9474.636058
16481.983038,1036.288319,1302.362347,9918.759623
16481.983362,148.041188,1378.971896,9622.677246
16481.983687,-592.164754,1608.800546,9474.636058
16481.984011,-148.041188,1838.629195,9326.594869
16481.984335,0.000000,1991.848295,9252.574275
16481.984660,-666.185348,1915.238745,9474.636058
16481.984984,-1258.350101,2298.286494,8512.368333
16481.985308,-1036.288319,2681.334243,8734.430116
16481.985633,-888.247130,2604.724693,8734.430116
16481.985957,-814.226536,2911.162892,8734.430116
16481.986281,-740.205942,3140.991542,8216.285956
16481.986606,-1480.411884,3064.381992,7994.224174
16481.986930,-370.102971,2987.772442,8438.347739
16481.987254,74.020594,3064.381992,8660.409521
16481.987579,-1480.411884,3064.381992,8438.347739
16481.987903,-1110.308913,2757.943793,8290.306550
16481.988227,-518.144159,2757.943793,8512.368333
16481.988552,-666.185348,2145.067394,9030.512492
16481.988876,-1332.370696,1762.019645,9104.533087
16481.989200,-1184.329507,1762.019645,8882.471304
16481.989525,-592.164754,1378.971896,9030.512492
16481.989849,0.000000,1532.190996,9770.718434
16481.990173,1110.308913,1378.971896,9992.780217
16481.990498,518.144159,995.924147,9326.594869
16481.990822,1036.288319,919.314598,9474.636058
16481.991146,2220.617826,1072.533697,9918.759623
16481.991471,1702.473667,306.438199,10214.842000
16481.991795,592.164754,306.438199,9992.780217
16481.992119,1110.308913,0.000000,9474.636058
16481.992444,1480.411884,-1072.533697,9622.677246
16481.992768,666.185348,-919.314598,9844.739029
16481.993092,0.000000,-1072.533697,9622.677246
16481.993417,74.020594,-1302.362347,9178.553681
16481.993741,444.123565,-1455.581446,9474.636058
16481.994065,370.102971,-919.314598,9474.636058
16481.994390,370.102971,-1532.190996,9104.533087
16481.994714,370.102971,-1225.752797,9030.512492
16481.995038,888.247130,-842.705048,8956.491898
16481.995363,1480.411884,-995.924147,9400.615463
16481.995687,148.041188,-1685.410096,9252.574275
16481.996011,-148.041188,-1685.410096,9030.512492
16481.996336,370.102971,-1302.362347,9400.615463
16481.996660,296.082377,-1991.848295,9474.636058
16481.996984,-814.226536,-2145.067394,9326.594869
16481.997309,0.000000,-1225.752797,9178.553681
16481.997633,0.000000,-1378.971896,9548.656652
16481.997957,-222.061783,-1378.971896,9474.636058
16481.998282,222.061783,-919.314598,9770.718434
16481.998606,0.000000,-766.095498,9770.718434
16481.998930,148.041188,-612.876398,9474.636058
16481.999255,888.247130,153.219100,9992.780217
16481.999579,740.205942,459.657299,9474.636058
16481.999903,-518.144159,0.000000,9474.636058
16482.000228,74.020594,306.438199,9770.718434
16482.000552,370.102971,306.438199,9252.574275
16482.000876,-666.185348,229.828649,9474.636058
16482.001201,-1406.391290,612.876398,9178.553681
16482.001525,-888.247130,689.485948,8882.471304
16482.001849,-666.185348,1149.143247,9252.574275
16482.002174,-814.226536,1838.629195,9252.574275
16482.002498,-740.205942,2145.067394,9030.512492
16482.002822,-888.247130,2451.505594,8808.450710
16482.003147,0.000000,2451.505594,8660.409521
16482.003471,296.082377,3064.381992,9400.615463
16482.003795,-1036.288319,2757.943793,9474.636058
16482.004120,-888.247130,2987.772442,8438.347739
16482.004444,-666.185348,3140.991542,8808.450710
16482.004768,-814.226536,2757.943793,9252.574275
16482.005093,-1480.411884,2451.505594,9178.553681
16482.005417,-1628.453072,2681.334243,8660.409521
16482.005741,-1184.329507,2987.772442,8586.388927
16482.006066,-666.185348,2604.724693,8882.471304
16482.006390,-592.164754,3064.381992,9104.533087
16482.006715,-592.164754,2911.162892,8808.450710
16482.007039,-666.185348,2911.162892,9178.553681
16482.007363,592.164754,2757.943793,9104.533087
16482.007688,740.205942,2604.724693,9474.636058
16482.008012,-444.123565,2298.286494,8956.491898
16482.008336,0.000000,2451.505594,8956.491898
16482.008661,518.144159,1838.629195,8586.388927
16482.008985,222.061783,1608.800546,9178.553681
16482.009309,-370.102971,1225.752797,9326.594869
16482.009634,0.000000,919.314598,8956.491898
16482.009958,0.000000,536.266849,9400.615463
16482.010282,0.000000,383.047749,9400.615463
16482.010607,444.123565,0.000000,9918.759623
16482.010931,296.082377,-153.219100,9548.656652
16482.011255,370.102971,76.609550,9474.636058
16482.011580,1332.370696,0.000000,10214.842000
16482.011904,740.205942,-383.047749,9992.780217
16482.012228,0.000000,-1072.533697,9474.636058
16482.012553,370.102971,-842.705048,9548.656652
16482.012877,740.205942,-995.924147,9474.636058
16482.013201,0.000000,-1608.800546,9696.697840
16482.013526,0.000000,-1302.362347,9252.574275
16482.013850,148.041188,-689.485948,8956.491898
16482.014174,74.020594,-1532.190996,9178.553681
16482.014499,370.102971,-1685.410096,9326.594869
16482.014823,518.144159,-1608.800546,9178.553681
16482.015147,666.185348,-1608.800546,9030.512492
16482.015472,1628.453072,-995.924147,9252.574275
16482.015796,1702.473667,-1302.362347,9400.615463
16482.016120,814.226536,-1378.971896,9030.512492
16482.016445,740.205942,-1532.190996,9400.615463
16482.016769,1258.350101,-1608.800546,9474.636058
16482.017093,1110.308913,-1762.019645,9622.677246
16482.017418,74.020594,-1532.190996,9622.677246
16482.017742,74.020594,-1302.362347,9030.512492
16482.018066,444.123565,-766.095498,9548.656652
16482.018391,370.102971,-1302.362347,9696.697840
16482.018715,444.123565,-842.705048,9918.759623
16482.019039,0.000000,-229.828649,9770.718434
16482.019364,222.061783,0.000000,9474.636058
16482.019688,1184.329507,306.438199,9770.718434
16482.020012,-444.123565,612.876398,9918.759623
16482.020337,-1184.329507,919.314598,9400.615463
16482.020661,-296.082377,842.705048,9400.615463
16482.020985,-222.061783,995.924147,9548.656652
16482.021310,-1036.288319,1072.533697,9548.656652
16482.021634,-1332.370696,1072.533697,9474.636058
16482.021958,-814.226536,1455.581446,8808.450710
16482.022283,0.000000,2145.067394,9252.574275
16482.022607,-444.123565,2834.553343,9252.574275
16482.022931,-592.164754,2528.115143,8956.491898
16482.023256,-666.185348,3064.381992,8512.368333
16482.023580,0.000000,3753.867940,8882.471304
16482.023904,370.102971,3524.039291,9178.553681
16482.024229,-814.226536,3370.820191,8808.450710
16482.024553,-1184.329507,3370.820191,8512.368333
16482.024877,-592.164754,4443.353888,8290.306550
16482.025202,-592.164754,3064.381992,8660.409521
16482.025526,-1406.391290,2681.334243,8808.450710
16482.025850,-1554.432478,2834.553343,8216.285956
16482.026175,-1406.391290,2604.724693,8216.285956
16482.026499,-740.205942,2451.505594,8882.471304
16482.026823,148.041188,2604.724693,9104.533087
16482.027148,-814.226536,2145.067394,9474.636058
16482.027472,74.020594,1838.629195,8734.430116
16482.027796,1554.432478,2145.067394,9622.677246
16482.028121,1184.329507,1378.971896,10066.800811
16482.028445,222.061783,919.314598,9548.656652
16482.028769,518.144159,842.705048,9696.697840
16482.029094,1406.391290,459.657299,9474.636058
16482.029418,740.205942,-459.657299,10140.821405
16482.029742,444.123565,-459.657299,9622.677246
16482.030067,1110.308913,-919.314598,9400.615463
16482.030391,1110.308913,-842.705048,9770.718434
16482.030715,1110.308913,-612.876398,10214.842000
16482.031040,1110.308913,-766.095498,9844.739029
16482.031364,962.267725,-153.219100,9474.636058
16482.031688,1850.514855,-306.438199,9770.718434
16482.032013,1924.535449,0.000000,9548.656652
16482.032337,962.267725,-995.924147,9770.718434
16482.032661,296.082377,-1225.752797,9178.553681
16482.032986,666.185348,-1378.971896,9178.553681
16482.033310,518.144159,-1532.190996,9474.636058
16482.033634,-148.041188,-1762.019645,9326.594869
16482.033959,-888.247130,-1838.629195,8808.450710
16482.034283,-444.123565,-1762.019645,8660.409521
16482.034607,0.000000,-2068.457845,9252.574275
16482.034932,-296.082377,-1685.410096,9178.553681
16482.035256,-444.123565,-1762.019645,9400.615463
16482.035580,-444.123565,-1378.971896,8734.430116
16482.035905,814.226536,-842.705048,9400.615463
16482.036229,1036.288319,-919.314598,9770.718434
16482.036553,-444.123565,-1302.362347,9622.677246
16482.036878,-518.144159,-766.095498,8956.491898
16482.037202,814.226536,-383.047749,9548.656652
16482.037526,222.061783,-536.266849,9918.759623
16482.037851,-592.164754,-766.095498,9844.739029
16482.038175,-444.123565,-306.438199,9474.636058
16482.038499,0.000000,229.828649,9474.636058
16482.038824,0.000000,383.047749,9844.739029
16482.039148,-296.082377,1072.533697,9918.759623
16482.039472,-888.247130,1149.143247,9474.636058
16482.039797,0.000000,1762.019645,9474.636058
16482.040121,888.247130,2068.457845,9622.677246
16482.040445,-370.102971,2068.457845,9474.636058
16482.040770,-518.144159,2298.286494,8882.471304
16482.041094,-666.185348,3370.820191,8882.471304
16482.041418,-518.144159,2298.286494,8734.430116
16482.041743,-1184.329507,2987.772442,8660.409521
16482.042067,-1850.514855,2757.943793,8364.327145
16482.042391,-1332.370696,3217.601092,7994.224174
16482.042716,-1332.370696,3217.601092,8438.347739
16482.043040,-592.164754,2911.162892,8734.430116
16482.043365,-962.267725,3830.477490,9030.512492
16482.043689,-888.247130,2681.334243,8216.285956
16482.044013,0.000000,3677.258390,8438.347739
16482.044338,370.102971,3217.601092,8956.491898
16482.044662,-518.144159,2911.162892,9252.574275
16482.044986,-592.164754,2834.553343,9178.553681
16482.045311,0.000000,2451.505594,9326.594869
16482.045635,222.061783,2451.505594,9622.677246
16482.045959,-222.061783,1915.238745,9770.718434
16482.046284,-518.144159,1608.800546,8956.491898
16482.046608,-296.082377,1915.238745,9178.553681
16482.046932,370.102971,1532.190996,9696.697840
16482.047257,296.082377,1455.581446,9770.718434
16482.047581,-444.123565,1149.143247,9400.615463
16482.047905,592.164754,919.314598,9030.512492
16482.048230,962.267725,536.266849,9104.533087
16482.048554,518.144159,842.705048,9548.656652
16482.048878,0.000000,-536.266849,9474.636058
16482.049203,296.082377,0.000000,9252.574275
16482.049527,518.144159,-459.657299,9104.533087
16482.049851,-444.123565,-842.705048,9548.656652
16482.050176,-518.144159,-459.657299,9400.615463
16482.050500,0.000000,-1302.362347,9178.553681
16482.050824,0.000000,-995.924147,9178.553681
16482.051149,148.041188,-1225.752797,9474.636058
16482.051473,222.061783,-1378.971896,9400.615463
16482.051797,0.000000,-1225.752797,8808.450710
16482.052122,962.267725,-1225.752797,9474.636058
16482.052446,1776.494261,-1378.971896,9474.636058
16482.052770,592.164754,-2068.457845,9696.697840
16482.053095,0.000000,-1685.410096,9104.533087
16482.053419,1776.494261,-1608.800546,9622.677246
16482.053743,1036.288319,-2298.286494,9548.656652
16482.054068,148.041188,-2374.896044,9770.718434
16482.054392,370.102971,-1915.238745,9474.636058
16482.054716,666.185348,-1608.800546,9400.615463
16482.055041,740.205942,-1685.410096,9918.759623
16482.055365,1184.329507,-1302.362347,9844.739029
16482.055689,518.144159,-842.705048,9252.574275
16482.056014,444.123565,-919.314598,9104.533087
16482.056338,1628.453072,-536.266849,9918.759623
16482.056662,888.247130,-536.266849,9770.718434
16482.056987,0.000000,-612.876398,9474.636058
16482.057311,148.041188,153.219100,8882.471304
16482.057635,222.061783,-766.095498,9178.553681
16482.057960,-296.082377,0.000000,9770.718434
16482.058284,-962.267725,229.828649,9548.656652
16482.058608,-740.205942,536.266849,9252.574275
16482.058933,-740.205942,919.314598,9252.574275
16482.059257,-518.144159,1532.190996,9474.636058
16482.059581,0.000000,995.924147,9474.636058
16482.059906,-666.185348,2068.457845,8808.450710
16482.060230,0.000000,2681.334243,8882.471304
16482.060554,444.123565,2757.943793,9474.636058
16482.060879,-888.247130,2987.772442,9178.553681
16482.061203,-1258.350101,2987.772442,8956.491898
16482.061527,-592.164754,3524.039291,8808.450710
16482.061852,-814.226536,3217.601092,8438.347739
16482.062176,-1776.494261,3140.991542,8438.347739
16482.062500,-1702.473667,3370.820191,8068.244768
16482.062825,-1554.432478,3370.820191,8142.265362
16482.063149,-1258.350101,3217.601092,8438.347739
16482.063473,-1036.288319,3217.601092,8586.388927
16482.063798,-1332.370696,2681.334243,8586.388927
16482.064122,-814.226536,2221.676944,8142.265362
16482.064446,222.061783,3064.381992,8808.450710
16482.064771,740.205942,3064.381992,9474.636058
16482.065095,-518.144159,1991.848295,8882.471304
16482.065419,-222.061783,1838.629195,8882.471304
16482.065744,888.247130,1608.800546,9326.594869
16482.066068,444.123565,842.705048,9696.697840
16482.066392,0.000000,383.047749,9474.636058
16482.066717,666.185348,0.000000,9252.574275
16482.067041,1036.288319,153.219100,9622.677246
16482.067365,1332.370696,-306.438199,10288.862594
16482.067690,666.185348,0.000000,10066.800811
16482.068014,444.123565,-536.266849,9844.739029
16482.068338,1702.473667,0.000000,10066.800811
16482.068663,2590.720797,0.000000,10214.842000
16482.068987,1258.350101,-612.876398,9992.780217
16482.069311,666.185348,-995.924147,9696.697840
16482.069636,1258.350101,-766.095498,9474.636058
16482.069960,962.267725,-1149.143247,10066.800811
16482.070284,296.082377,-1455.581446,9474.636058
16482.070609,0.000000,-1455.581446,9030.512492
16482.070933,370.102971,-1608.800546,8808.450710
16482.071257,518.144159,-1991.848295,9104.533087
16482.071582,296.082377,-1762.019645,9474.636058
16482.071906,0.000000,-1991.848295,9178.553681
16482.072230,-148.041188,-1608.800546,8882.471304
16482.072555,962.267725,-1225.752797,9178.553681
16482.072879,962.267725,-1455.581446,9622.677246
16482.073203,-148.041188,-1532.190996,9400.615463
16482.073528,0.000000,-1378.971896,9178.553681
16482.073852,0.000000,-1838.629195,9178.553681
16482.074176,0.000000,-1072.533697,9474.636058
16482.074501,-888.247130,-1378.971896,9844.739029
16482.074825,-962.267725,-995.924147,9326.594869
16482.075149,-740.205942,-766.095498,9474.636058
16482.075474,-296.082377,-153.219100,9770.718434
16482.075798,148.041188,-153.219100,9918.759623
16482.076122,-296.082377,229.828649,9992.780217
16482.076447,148.041188,0.000000,9474.636058
16482.076771,888.247130,1149.143247,10214.842000
16482.077095,148.041188,919.314598,10436.903782
16482.077420,-666.185348,995.924147,9696.697840
16482.077744,-296.082377,1685.410096,9474.636058
16482.078068,74.020594,1685.410096,9400.615463
16482.078393,-666.185348,1455.581446,8956.491898
16482.078717,-1036.288319,1991.848295,9400.615463
16482.079042,-962.267725,2834.553343,8068.244768
16482.079366,-962.267725,2681.334243,8586.388927
16482.079690,-740.205942,2911.162892,8438.347739
16482.080015,-740.205942,3140.991542,8438.347739
16482.080341,-1036.288319,3370.820191,7476.080014
16482.080665,-74.020594,2987.772442,7994.224174
16482.080990,518.144159,3294.210641,8734.430116
16482.081314,-592.164754,3447.429741,8660.409521
16482.081638,-814.226536,3140.991542,8734.430116
16482.081963,-148.041188,3064.381992,8882.471304
16482.082287,-296.082377,2987.772442,9252.574275
16482.082611,-1184.329507,2681.334243,9030.512492
16482.082936,-1036.288319,2604.724693,9030.512492
16482.083260,-592.164754,2451.505594,9104.533087
16482.083584,0.000000,2757.943793,9474.636058
16482.083909,0.000000,2068.457845,9696.697840
16482.084233,-222.061783,2221.676944,9400.615463
16482.084557,518.144159,2221.676944,9474.636058
16482.084882,1406.391290,2068.457845,9770.718434
16482.085206,592.164754,1838.629195,9696.697840
16482.085530,296.082377,1455.581446,9696.697840
16482.085855,222.061783,995.924147,9178.553681
16482.086179,666.185348,306.438199,9178.553681
16482.086504,0.000000,-306.438199,9548.656652
16482.086828,-370.102971,-612.876398,9326.594869
16482.087152,-222.061783,-612.876398,8808.450710
16482.087477,-148.041188,-536.266849,9030.512492
16482.087801,0.000000,-919.314598,9400.615463
16482.088125,222.061783,-995.924147,9400.615463
16482.088450,370.102971,-1302.362347,9030.512492
16482.088774,518.144159,-1149.143247,9474.636058
16482.089098,1110.308913,-1378.971896,9622.677246
16482.089423,148.041188,-1532.190996,9622.677246
16482.089747,0.000000,-1762.019645,8956.491898
16482.090071,222.061783,-1838.629195,9400.615463
16482.090396,296.082377,-2604.724693,9696.697840
16482.090720,222.061783,-2068.457845,9474.636058
16482.091044,148.041188,-2298.286494,9474.636058
16482.091369,592.164754,-2145.067394,9326.594869
16482.091693,740.205942,-2145.067394,9548.656652
16482.092017,1110.308913,-1991.848295,9844.739029
16482.092342,1110.308913,-1455.581446,9844.739029
16482.092666,1480.411884,-995.924147,9104.533087
16482.092991,2294.638420,-1072.533697,9844.739029
16482.093315,1850.514855,-1225.752797,9918.759623
16482.093639,518.144159,-1225.752797,9474.636058
16482.093964,666.185348,-919.314598,9622.677246
16482.094288,1258.350101,-919.314598,9474.636058
16482.094612,-518.144159,-995.924147,9622.677246
16482.094937,-1036.288319,-919.314598,9326.594869
16482.095261,-148.041188,-153.219100,9326.594869
16482.095585,-518.144159,-153.219100,9400.615463
16482.095910,-962.267725,153.219100,9548.656652
16482.096234,-740.205942,995.924147,9548.656652
16482.096558,-740.205942,1378.971896,9400.615463
16482.096883,-148.041188,1915.238745,9400.615463
16482.097207,296.082377,2451.505594,9474.636058
16482.097531,-370.102971,2374.896044,9400.615463
16482.097856,-1480.411884,2451.505594,9104.533087
16482.098180,-296.082377,3064.381992,9400.615463
16482.098504,-296.082377,2757.943793,9030.512492
16482.098829,-1406.391290,2911.162892,8808.450710
16482.099153,-1332.370696,3217.601092,8290.306550
16482.099477,-888.247130,3907.087040,8290.306550
16482.099802,-740.205942,3447.429741,8882.471304
16482.100126,-518.144159,3447.429741,8660.409521
16482.100451,-740.205942,3677.258390,8660.409521
16482.100775,-888.247130,3370.820191,8364.327145
16482.101099,222.061783,3677.258390,8660.409521
16482.101424,666.185348,3677.258390,8882.471304
16482.101748,-666.185348,2987.772442,8438.347739
16482.102072,-814.226536,2681.334243,8438.347739
16482.102397,0.000000,2604.724693,8586.388927
16482.102721,-296.082377,1838.629195,9030.512492
16482.103045,-1036.288319,1685.410096,9252.574275
16482.103370,-370.102971,1302.362347,8882.471304
16482.103694,148.041188,919.314598,8808.450710
16482.104018,444.123565,612.876398,9548.656652
16482.104343,370.102971,306.438199,9844.739029
16482.104667,518.144159,842.705048,9474.636058
16482.104991,1258.350101,306.438199,9548.656652
16482.105316,2516.700203,76.609550,10584.944971
16482.105640,1036.288319,-383.047749,10288.862594
16482.105964,592.164754,-842.705048,9622.677246
16482.106289,1110.308913,-612.876398,9622.677246
16482.106613,1332.370696,-995.924147,9992.780217
16482.106937,296.082377,-2145.067394,9622.677246
16482.107262,148.041188,-1532.190996,9622.677246
16482.107586,518.144159,-1532.190996,9178.553681
16482.107911,518.144159,-1762.019645,9474.636058
16482.108235,814.226536,-1149.143247,9696.697840
16482.108559,814.226536,-1225.752797,9104.533087
16482.108884,74.020594,-1532.190996,8364.327145
16482.109208,1184.329507,-1225.752797,9178.553681
16482.109532,1554.432478,-1608.800546,9400.615463
16482.109857,0.000000,-1685.410096,9252.574275
16482.110181,-592.164754,-2068.457845,8808.450710
16482.110505,444.123565,-1378.971896,9326.594869
16482.110830,0.000000,-1762.019645,9474.636058
16482.111154,-814.226536,-2068.457845,9104.533087
16482.111478,-814.226536,-1608.800546,9104.533087
16482.111803,-518.144159,-1302.362347,9178.553681
16482.112127,-296.082377,-919.314598,9770.718434
16482.112451,74.020594,-612.876398,9992.780217
16482.112776,-888.247130,0.000000,9474.636058
16482.113100,0.000000,76.609550,9178.553681
16482.113424,814.226536,153.219100,10066.800811
16482.113749,0.000000,229.828649,9844.739029
16482.114073,-370.102971,153.219100,9696.697840
16482.114397,-296.082377,459.657299,9770.718434
16482.114722,0.000000,536.266849,9770.718434
16482.115046,-814.226536,689.485948,10066.800811
16482.115371,-296.082377,612.876398,9104.533087
16482.115695,-888.247130,1915.238745,8586.388927
16482.116019,-740.205942,2068.457845,8660.409521
16482.116344,-592.164754,2528.115143,9030.512492
16482.116668,0.000000,2911.162892,8660.409521
16482.116992,-888.247130,3140.991542,8512.368333
16482.117317,0.000000,3370.820191,8586.388927
16482.117641,888.247130,3753.867940,8882.471304
16482.117965,-888.247130,3294.210641,8734.430116
16482.118290,-814.226536,4136.915689,8068.244768
16482.118614,-518.144159,3600.648841,8808.450710
16482.118938,-1184.329507,3294.210641,8512.368333
16482.119263,-1776.494261,3064.381992,9104.533087
16482.119587,-1332.370696,3140.991542,8438.347739
16482.119911,-1184.329507,3294.210641,8364.327145
16482.120236,-888.247130,3064.381992,8882.471304
16482.120560,0.000000,3140.991542,9548.656652
16482.120884,-814.226536,2911.162892,9030.512492
16482.121209,-296.082377,2681.334243,8882.471304
16482.121533,1110.308913,2528.115143,9622.677246
16482.121858,666.185348,2528.115143,9474.636058
16482.122182,-444.123565,1762.019645,9400.615463
16482.122506,666.185348,842.705048,9474.636058
16482.122831,1258.350101,1302.362347,9252.574275
16482.123155,370.102971,689.485948,9400.615463
16482.123479,-296.082377,383.047749,9252.574275
16482.123804,148.041188,0.000000,9030.512492
16482.124128,148.041188,0.000000,9252.574275
16482.124452,814.226536,0.000000,9696.697840
16482.124777,592.164754,229.828649,9474.636058
16482.125101,222.061783,-306.438199,9622.677246
16482.125425,962.267725,-306.438199,9548.656652
16482.125750,1702.473667,-689.485948,9992.780217
16482.126074,148.041188,-995.924147,9770.718434
16482.126398,0.000000,-1532.190996,9252.574275
16482.126723,518.144159,-612.876398,9622.677246
16482.127047,296.082377,-1608.800546,9548.656652
16482.127371,-222.061783,-1991.848295,9696.697840
16482.127696,-222.061783,-2068.457845,9178.553681
16482.128020,-222.061783,-2451.505594,8956.491898
16482.128344,148.041188,-2451.505594,9326.594869
16482.128669,888.247130,-2068.457845,9474.636058
16482.128993,444.123565,-2145.067394,9474.636058
16482.129318,740.205942,-1991.848295,8734.430116
16482.129642,2590.720797,-1302.362347,9622.677246
16482.129966,2294.638420,-1915.238745,9622.677246
16482.130291,1036.288319,-2221.676944,9326.594869
16482.130615,1184.329507,-1378.971896,9622.677246
16482.130939,1850.514855,-1225.752797,9770.718434
16482.131264,666.185348,-1608.800546,9622.677246
16482.131588,370.102971,-1072.533697,9918.759623
16482.131912,74.020594,-689.485948,9104.533087
16482.132237,0.000000,-689.485948,9474.636058
16482.132561,518.144159,-766.095498,10140.821405
16482.132885,0.000000,-229.828649,9770.718434
16482.133210,-814.226536,0.000000,9400.615463
16482.133534,-444.123565,1072.533697,9474.636058
16482.133858,148.041188,1762.019645,9992.780217
16482.134183,-444.123565,1532.190996,9770.718434
16482.134507,-1184.329507,1225.752797,9104.533087
16482.134831,-888.247130,1762.019645,9252.574275
16482.135156,-962.267725,1685.410096,9400.615463
16482.135480,-1554.432478,2298.286494,9178.553681
16482.135804,-1480.411884,2145.067394,8808.450710
16482.136129,-1332.370696,2834.553343,8438.347739
16482.136453,-1184.329507,2604.724693,8512.368333
16482.136778,-444.123565,3524.039291,8290.306550
16482.137102,-962.267725,2987.772442,8142.265362
16482.137426,-888.247130,3294.210641,8290.306550
16482.137751,74.020594,3830.477490,8586.388927
16482.138075,518.144159,3524.039291,8956.491898
16482.138399,-814.226536,3370.820191,8586.388927
16482.138724,-592.164754,3600.648841,8586.388927
16482.139048,222.061783,2911.162892,8364.327145
16482.139372,0.000000,2528.115143,9030.512492
16482.139697,-1110.308913,2374.896044,8734.430116
16482.140021,-814.226536,2451.505594,8660.409521
16482.140345,-444.123565,2298.286494,8660.409521
16482.140670,74.020594,2068.457845,9326.594869
16482.140994,296.082377,2374.896044,9326.594869
16482.141318,74.020594,1915.238745,8956.491898
16482.141643,814.226536,1149.143247,9252.574275
16482.141967,1776.494261,1302.362347,9844.739029
16482.142291,962.267725,689.485948,9844.739029
16482.142616,0.000000,76.609550,9696.697840
16482.142940,888.247130,0.000000,9622.677246
16482.143264,1184.329507,-459.657299,9770.718434
16482.143589,444.123565,-1302.362347,10140.821405
16482.143913,518.144159,-612.876398,9992.780217
16482.144238,888.247130,-919.314598,9252.574275
16482.144562,444.123565,-1302.362347,9696.697840
16482.144886,888.247130,-1149.143247,9770.718434
16482.145211,814.226536,-1378.971896,9770.718434
16482.145535,444.123565,-1685.410096,9400.615463
16482.145859,1406.391290,-1302.362347,9400.615463
16482.146184,2294.638420,-1378.971896,9844.739029
16482.146508,888.247130,-1532.190996,9326.594869
16482.146832,74.020594,-1608.800546,9104.533087
16482.147157,888.247130,-1378.971896,9252.574275
16482.147481,518.144159,-2068.457845,9474.636058
16482.147805,-296.082377,-1455.581446,9326.594869
16482.148130,0.000000,-1608.800546,8808.450710
16482.148454,-296.082377,-1608.800546,9030.512492
16482.148778,0.000000,-1302.362347,9400.615463
16482.149103,-222.061783,-1378.971896,9696.697840
16482.149427,-740.205942,-995.924147,9030.512492
16482.149751,-296.082377,-766.095498,9252.574275
16482.150076,814.226536,-459.657299,9474.636058
16482.150400,-222.061783,-842.705048,9474.636058
16482.150725,-1110.308913,-1225.752797,9326.594869
16482.151049,-148.041188,-306.438199,9474.636058
16482.151373,0.000000,-229.828649,9622.677246
16482.151698,-1184.329507,-459.657299,9918.759623
16482.152022,-1258.350101,153.219100,9622.677246
16482.152346,-740.205942,842.705048,9030.512492
16482.152671,-370.102971,383.047749,9474.636058
16482.152995,-222.061783,612.876398,9622.677246
16482.153319,-148.041188,1302.362347,9326.594869
16482.153644,-518.144159,2145.067394,9178.553681
16482.153968,296.082377,2604.724693,9252.574275
16482.154292,1184.329507,2681.334243,9474.636058
16482.154617,-222.061783,3064.381992,9030.512492
16482.154941,-814.226536,3294.210641,8438.347739
16482.155265,-74.020594,3370.820191,8586.388927
16482.155590,74.020594,3600.648841,8438.347739
16482.155914,-1332.370696,3294.210641,8438.347739
16482.156238,-1628.453072,3370.820191,8290.306550
16482.156563,-962.267725,3524.039291,8142.265362
16482.156887,-1036.288319,3140.991542,8660.409521
16482.157211,-740.205942,3217.601092,8734.430116
16482.157536,-814.226536,3753.867940,8512.368333
16482.157860,-1184.329507,2987.772442,8142.265362
16482.158185,666.185348,3600.648841,8808.450710
16482.158509,518.144159,2987.772442,9474.636058
16482.158833,-1110.308913,2451.505594,9030.512492
16482.159158,-740.205942,2221.676944,8882.471304
16482.159482,814.226536,2528.115143,9326.594869
16482.159806,-592.164754,1685.410096,9474.636058
16482.160131,-518.144159,1072.533697,9030.512492
16482.160455,-148.041188,1378.971896,9030.512492
16482.160779,0.000000,689.485948,9400.615463
16482.161104,296.082377,536.266849,9844.739029
16482.161428,740.205942,536.266849,10214.842000
16482.161752,296.082377,306.438199,9400.615463
16482.162077,444.123565,0.000000,9400.615463
16482.162401,1628.453072,0.000000,10288.862594
16482.162725,740.205942,-766.095498,10066.800811
16482.163050,0.000000,-766.095498,9622.677246
16482.163374,444.123565,-689.485948,9696.697840
16482.163698,370.102971,-842.705048,9844.739029
16482.164023,-148.041188,-1455.581446,9548.656652
16482.164347,-148.041188,-1608.800546,8956.491898
16482.164671,-370.102971,-995.924147,8734.430116
16482.164996,0.000000,-1838.629195,9178.553681
16482.165320,222.061783,-1378.971896,9326.594869
16482.165645,148.041188,-1455.581446,8734.430116
16482.165969,0.000000,-1685.410096,8512.368333
16482.166293,1110.308913,-1532.190996,9104.533087
16482.166618,1628.453072,-1532.190996,9770.718434
16482.166942,592.164754,-1532.190996,9326.594869
16482.167266,666.185348,-1915.238745,9326.594869
16482.167591,1184.329507,-1838.629195,9622.677246
16482.167915,814.226536,-1991.848295,9622.677246
16482.168239,0.000000,-2145.067394,9918.759623
16482.168564,518.144159,-1532.190996,9326.594869
16482.168888,1110.308913,-1302.362347,9696.697840
16482.169212,888.247130,-1378.971896,10436.903782
16482.169537,1036.288319,-1072.533697,9992.780217
16482.169861,888.247130,-306.438199,10214.842000
16482.170185,1406.391290,0.000000,9844.739029
16482.170510,1776.494261,229.828649,10214.842000
16482.170834,666.185348,0.000000,10214.842000
16482.171158,0.000000,229.828649,9474.636058
16482.171483,370.102971,919.314598,9474.636058
16482.171807,0.000000,842.705048,9400.615463
16482.172131,-962.267725,842.705048,9326.594869
16482.172456,-1184.329507,1378.971896,8808.450710
16482.172780,-1258.350101,1762.019645,8734.430116
16482.173105,-1480.411884,1608.800546,8956.491898
16482.173429,-1258.350101,2145.067394,8586.388927
16482.173753,-888.247130,2451.505594,8142.265362
16482.174078,-1480.411884,2834.553343,8068.244768
16482.174402,-296.082377,3064.381992,8364.327145
16482.174726,148.041188,3140.991542,8808.450710
16482.175051,-1406.391290,3140.991542,8660.409521
16482.175375,-1406.391290,3140.991542,8586.388927
16482.175699,-592.164754,2987.772442,8808.450710
16482.176024,-740.205942,2681.334243,8882.471304
16482.176348,-1110.308913,2834.553343,8660.409521
16482.176672,-1110.308913,2911.162892,8808.450710
16482.176997,-592.164754,2604.724693,9104.533087
16482.177321,-444.123565,2528.115143,9252.574275
16482.177645,-296.082377,2911.162892,9474.636058
16482.177970,-148.041188,2451.505594,9252.574275
16482.178294,370.102971,1915.238745,8956.491898
16482.178618,1702.473667,2374.896044,9252.574275
16482.178943,1036.288319,2298.286494,9622.677246
16482.179267,148.041188,1455.581446,9104.533087
16482.179592,666.185348,1072.533697,9178.553681
16482.179916,1110.308913,612.876398,9548.656652
16482.180240,0.000000,-153.219100,9474.636058
16482.180565,-222.061783,-459.657299,9474.636058
16482.180889,518.144159,-383.047749,8956.491898
16482.181213,-222.061783,-919.314598,9474.636058
16482.181537,444.123565,-689.485948,10140.821405
16482.181862,592.164754,-919.314598,9548.656652
16482.182186,444.123565,-1072.533697,9178.553681
16482.182510,1406.391290,-1072.533697,9474.636058
16482.182835,1924.535449,-842.705048,9622.677246
16482.183159,592.164754,-1072.533697,9400.615463
16482.183483,518.144159,-995.924147,9326.594869
16482.183808,1110.308913,-919.314598,9548.656652
16482.184132,1036.288319,-1378.971896,9622.677246
16482.184456,0.000000,-1838.629195,9622.677246
16482.184780,0.000000,-1762.019645,9326.594869
16482.185105,370.102971,-1532.190996,9400.615463
16482.185429,74.020594,-1072.533697,9400.615463
16482.185753,740.205942,-1302.362347,9474.636058
16482.186078,222.061783,-842.705048,9178.553681
16482.186402,-296.082377,-995.924147,8956.491898
16482.186726,1036.288319,-612.876398,9548.656652
16482.187051,592.164754,-995.924147,9770.718434
16482.187375,-814.226536,-1532.190996,9104.533087
16482.187699,-518.144159,-612.876398,9326.594869
16482.188023,370.102971,-1838.629195,9252.574275
16482.188348,-740.205942,-689.485948,9770.718434
16482.188672,-1406.391290,-612.876398,9622.677246
16482.188996,-962.267725,-306.438199,8882.471304
16482.189321,-962.267725,0.000000,9548.656652
16482.189645,-814.226536,0.000000,9696.697840
16482.189969,-666.185348,842.705048,9770.718434
16482.190294,-444.123565,919.314598,9400.615463
16482.190618,0.000000,1608.800546,9474.636058
16482.190942,666.185348,1762.019645,9622.677246
16482.191266,222.061783,2298.286494,9844.739029
16482.191591,-296.082377,2298.286494,9474.636058
16482.191915,222.061783,2451.505594,9400.615463
16482.192239,0.000000,2374.896044,9474.636058
16482.192564,-592.164754,2451.505594,8956.491898
16482.192888,-740.205942,2834.553343,8734.430116
16482.193212,-666.185348,2834.553343,9104.533087
16482.193537,-814.226536,3217.601092,8882.471304
16482.193861,-888.247130,2911.162892,8660.409521
16482.194185,-666.185348,3524.039291,8660.409521
16482.194509,-740.205942,3370.820191,8142.265362
16482.194834,0.000000,3524.039291,8734.430116
16482.195158,74.020594,3524.039291,8808.450710
16482.195482,-962.267725,3217.601092,8290.306550
16482.195807,-1406.391290,2987.772442,8364.327145
16482.196131,0.000000,2604.724693,9178.553681
16482.196455,-888.247130,2451.505594,9178.553681
16482.196780,-1406.391290,1762.019645,8808.450710
16482.197104,-518.144159,2145.067394,8734.430116
16482.197428,0.000000,1838.629195,8808.450710
16482.197752,-444.123565,1762.019645,9474.636058
16482.198077,74.020594,1532.190996,9548.656652
16482.198401,148.041188,1225.752797,9104.533087
16482.198725,814.226536,1225.752797,9474.636058
16482.199050,1850.514855,1072.533697,10066.800811
16482.199374,814.226536,766.095498,9992.780217
16482.199698,-222.061783,0.000000,9252.574275
16482.200023,1184.329507,0.000000,9770.718434
16482.200347,1110.308913,-919.314598,10066.800811
16482.200671,0.000000,-919.314598,9918.759623
16482.200995,0.000000,-919.314598,9548.656652
16482.201320,148.041188,-766.095498,9326.594869
16482.201644,0.000000,-1225.752797,9770.718434
16482.201968,518.144159,-995.924147,9252.574275
16482.202293,370.102971,-1225.752797,9252.574275
16482.202617,148.041188,-1378.971896,8808.450710
16482.202941,1036.288319,-1225.752797,9104.533087
16482.203266,1332.370696,-1532.190996,9474.636058
16482.203590,148.041188,-2145.067394,9252.574275
16482.203914,222.061783,-2221.676944,8808.450710
16482.204238,666.185348,-1762.019645,8956.491898
16482.204563,888.247130,-2451.505594,9992.780217
16482.204887,0.000000,-2374.896044,9474.636058
16482.205211,222.061783,-2374.896044,9252.574275
16482.205536,518.144159,-2068.457845,9474.636058
16482.205860,666.185348,-1991.848295,9844.739029
16482.206184,740.205942,-1915.238745,10066.800811
16482.206509,888.247130,-995.924147,9622.677246
16482.206833,1406.391290,-842.705048,9844.739029
16482.207157,2072.576638,-306.438199,10066.800811
16482.207481,1406.391290,-383.047749,10140.821405
16482.207806,222.061783,-383.047749,9622.677246
16482.208130,592.164754,0.000000,9844.739029
16482.208454,740.205942,0.000000,9770.718434
16482.208779,0.000000,306.438199,9622.677246
16482.209103,-814.226536,76.609550,9252.574275
16482.209427,-370.102971,766.095498,9474.636058
16482.209752,-888.247130,766.095498,9104.533087
16482.210076,-740.205942,1378.971896,9326.594869
16482.210400,-1110.308913,1915.238745,9178.553681
16482.210724,-1036.288319,2298.286494,8586.388927
16482.211049,-444.123565,2681.334243,8660.409521
16482.211373,148.041188,2374.896044,8882.471304
16482.211697,-1480.411884,3064.381992,8660.409521
16482.212022,-1554.432478,3370.820191,8290.306550
16482.212346,-814.226536,3447.429741,8660.409521
16482.212670,-1184.329507,3294.210641,8734.430116
16482.212995,-2146.597232,3217.601092,8660.409521
16482.213319,-1850.514855,3600.648841,8216.285956
16482.213643,-1036.288319,3294.210641,8364.327145
16482.213967,-814.226536,2604.724693,8808.450710
16482.214292,-296.082377,3600.648841,8734.430116
16482.214616,-740.205942,3217.601092,8808.450710
16482.214940,-444.123565,2911.162892,8586.388927
16482.215265,1036.288319,2834.553343,9474.636058
16482.215589,518.144159,2528.115143,9326.594869
16482.215913,-370.102971,1762.019645,8882.471304
16482.216238,814.226536,2145.067394,8882.471304
16482.216562,1184.329507,1378.971896,9104.533087
16482.216886,222.061783,766.095498,9474.636058
16482.217210,518.144159,536.266849,9252.574275
16482.217535,592.164754,76.609550,8956.491898
16482.217859,740.205942,153.219100,9474.636058
16482.218183,1258.350101,0.000000,10066.800811
16482.218508,740.205942,-689.485948,9474.636058
16482.218832,518.144159,-536.266849,9548.656652
16482.219156,1036.288319,-612.876398,9770.718434
16482.219481,1776.494261,-459.657299,9844.739029
16482.219805,740.205942,-995.924147,9844.739029
16482.220129,444.123565,-995.924147,9104.533087
16482.220453,518.144159,-1532.190996,9622.677246
16482.220778,592.164754,-1608.800546,9992.780217
16482.221102,0.000000,-1378.971896,9252.574275
16482.221426,-222.061783,-1685.410096,9326.594869
16482.221751,-148.041188,-1915.238745,9326.594869
16482.222075,0.000000,-1762.019645,9474.636058
16482.222399,370.102971,-1915.238745,9400.615463
16482.222724,-370.102971,-1762.019645,9252.574275
16482.223048,518.144159,-1532.190996,8808.450710
16482.223372,1036.288319,-995.924147,9252.574275
16482.223696,1110.308913,-1225.752797,9474.636058
16482.224021,148.041188,-1608.800546,9474.636058
16482.224345,148.041188,-1225.752797,9252.574275
16482.224669,296.082377,-1225.752797,9548.656652
16482.224994,-740.205942,-1149.143247,9622.677246
16482.225318,-666.185348,-842.705048,9400.615463
16482.225642,-592.164754,-919.314598,8882.471304
16482.225967,-740.205942,-536.266849,9548.656652
16482.226291,-962.267725,-306.438199,9548.656652
16482.226615,-592.164754,0.000000,9548.656652
16482.226939,-962.267725,0.000000,9622.677246
16482.227264,-148.041188,612.876398,9548.656652
16482.227588,0.000000,1302.362347,9548.656652
16482.227912,-370.102971,919.314598,9474.636058
16482.228237,-814.226536,1302.362347,9326.594869
16482.228561,-222.061783,1685.410096,9474.636058
16482.228885,0.000000,1532.190996,9252.574275
16482.229210,-740.205942,1532.190996,9474.636058
16482.229534,-592.164754,2604.724693,8882.471304
16482.229858,-370.102971,2911.162892,8808.450710
16482.230182,-370.102971,2451.505594,9030.512492
16482.230507,74.020594,2528.115143,9326.594869
16482.230831,-370.102971,3370.820191,9030.512492
16482.231155,-296.082377,3677.258390,8364.327145
16482.231480,740.205942,3524.039291,8734.430116
16482.231804,370.102971,3524.039291,8734.430116
16482.232128,-740.205942,3370.820191,8438.347739
16482.232453,-888.247130,3753.867940,8068.244768
16482.232777,0.000000,3217.601092,8512.368333
16482.233101,-962.267725,2757.943793,8734.430116
16482.233425,-1332.370696,2681.334243,8956.491898
16482.233750,-1480.411884,2681.334243,8438.347739
16482.234074,-740.205942,2068.457845,8660.409521
16482.234398,-444.123565,2451.505594,9252.574275
16482.234723,-296.082377,2451.505594,9400.615463
16482.235047,-592.164754,2068.457845,8808.450710
16482.235371,74.020594,2068.457845,8882.471304
16482.235695,888.247130,1838.629195,9622.677246
16482.236020,296.082377,1532.190996,9696.697840
16482.236344,-444.123565,766.095498,9474.636058
16482.236668,962.267725,459.657299,9400.615463
16482.236993,518.144159,76.609550,9770.718434
16482.237317,0.000000,-383.047749,10140.821405
16482.237641,-222.061783,-689.485948,9622.677246
16482.237966,0.000000,-842.705048,9474.636058
16482.238290,222.061783,-689.485948,9622.677246
16482.238614,444.123565,-995.924147,9918.759623
16482.238938,222.061783,-1072.533697,9178.553681
16482.239263,296.082377,-842.705048,9178.553681
16482.239587,1406.391290,-536.266849,9474.636058
16482.239911,1406.391290,-1149.143247,9844.739029
16482.240236,222.061783,-1608.800546,9252.574275
16482.240560,74.020594,-1532.190996,9030.512492
16482.240884,518.144159,-1685.410096,9030.512492
16482.241209,666.185348,-1915.238745,9696.697840
16482.241533,0.000000,-2145.067394,9400.615463
16482.241857,74.020594,-2374.896044,8734.430116
16482.242181,740.205942,-2145.067394,9104.533087
16482.242506,740.205942,-2068.457845,9326.594869
16482.242830,518.144159,-1915.238745,9474.636058
16482.243154,148.041188,-1302.362347,9178.553681
16482.243479,1480.411884,-1149.143247,9548.656652
16482.243803,2442.679609,-995.924147,9918.759623
16482.244127,1258.350101,-689.485948,10140.821405
16482.244452,222.061783,-766.095498,9474.636058
16482.244776,1036.288319,-383.047749,9918.759623
16482.245100,1480.411884,-612.876398,10066.800811
16482.245424,222.061783,-842.705048,9992.780217
16482.245749,-444.123565,-766.095498,9548.656652
16482.246073,740.205942,0.000000,9844.739029
16482.246397,-370.102971,-689.485948,9252.574275
16482.246722,0.000000,76.609550,9696.697840
16482.247046,-296.082377,766.095498,9622.677246
16482.247370,-518.144159,842.705048,9252.574275
16482.247695,148.041188,1991.848295,9400.615463
16482.248019,888.247130,2145.067394,9622.677246
16482.248343,-740.205942,2374.896044,9030.512492
16482.248667,-1554.432478,2451.505594,8882.471304
16482.248992,-296.082377,2911.162892,8586.388927
16482.249316,-740.205942,2451.505594,9252.574275
16482.249640,-1628.453072,2834.553343,8808.450710
16482.249965,-1924.535449,3140.991542,8290.306550
16482.250289,-1924.535449,2987.772442,7772.162391
16482.250613,-1258.350101,2451.505594,8956.491898
16482.250938,-666.185348,3217.601092,8956.491898
16482.251262,-1480.411884,3294.210641,8142.265362
16482.251586,-1184.329507,3294.210641,8364.327145
16482.251910,296.082377,3217.601092,8586.388927
16482.252235,0.000000,3140.991542,9400.615463
16482.252559,-1184.329507,2528.115143,8586.388927
16482.252883,-444.123565,2681.334243,8512.368333
16482.253208,444.123565,2451.505594,9770.718434
16482.253532,74.020594,1838.629195,9696.697840
16482.253856,-666.185348,1532.190996,9178.553681
16482.254181,74.020594,1532.190996,8956.491898
16482.254505,444.123565,1149.143247,9474.636058
16482.254829,888.247130,1072.533697,9844.739029
16482.255153,1184.329507,919.314598,9326.594869
16482.255478,1184.329507,536.266849,9622.677246
16482.255802,1406.391290,459.657299,9844.739029
16482.256126,2368.659014,0.000000,10362.883188
16482.256451,814.226536,-459.657299,9992.780217
16482.256775,370.102971,-459.657299,9696.697840
16482.257099,1036.288319,-229.828649,9696.697840
16482.257424,1036.288319,-536.266849,9622.677246
16482.257748,0.000000,-995.924147,9400.615463
16482.258072,74.020594,-995.924147,9104.533087
16482.258396,148.041188,-995.924147,9104.533087
16482.258721,222.061783,-1302.362347,9326.594869
16482.259045,444.123565,-1302.362347,9548.656652
16482.259369,296.082377,-1149.143247,9474.636058
16482.259694,370.102971,-1225.752797,8882.471304
16482.260018,1258.350101,-1072.533697,9252.574275
16482.260342,1110.308913,-1149.143247,9252.574275
16482.260667,-222.061783,-1838.629195,9030.512492
16482.260991,0.000000,-1532.190996,9104.533087
16482.261315,814.226536,-1608.800546,9474.636058
16482.261639,-370.102971,-2221.676944,9548.656652
16482.261964,-814.226536,-1991.848295,9104.533087
16482.262288,0.000000,-2145.067394,9252.574275
16482.262612,74.020594,-1608.800546,9918.759623
16482.262937,74.020594,-1072.533697,10362.883188
16482.263261,0.000000,-919.314598,9770.718434
16482.263585,-370.102971,-459.657299,9474.636058
16482.263910,148.041188,0.000000,9918.759623
16482.264234,1036.288319,0.000000,9770.718434
16482.264558,-74.020594,153.219100,9770.718434
16482.264882,-888.247130,383.047749,9326.594869
16482.265207,0.000000,766.095498,9548.656652
16482.265531,-518.144159,383.047749,9918.759623
16482.265855,-1110.308913,689.485948,9474.636058
16482.266180,-1258.350101,1455.581446,9178.553681
16482.266504,-962.267725,1685.410096,9030.512492
16482.266828,-1110.308913,1915.238745,8808.450710
16482.267153,-370.102971,2374.896044,8734.430116
16482.267477,-148.041188,2451.505594,8660.409521
16482.267801,-888.247130,2757.943793,8512.368333
16482.268125,148.041188,3140.991542,9030.512492
16482.268450,370.102971,3294.210641,8808.450710
16482.268774,-888.247130,2911.162892,8956.491898
16482.269098,-1184.329507,3830.477490,8364.327145
16482.269423,-296.082377,3524.039291,8364.327145
16482.269747,-666.185348,3064.381992,8882.471304
16482.270071,-1258.350101,2987.772442,8956.491898
16482.270396,-1110.308913,3217.601092,8660.409521
16482.270720,-592.164754,3064.381992,8734.430116
16482.271044,-444.123565,3064.381992,9252.574275
16482.271368,-148.041188,2451.505594,9474.636058
16482.271693,-1036.288319,2681.334243,8956.491898
16482.272017,0.000000,3217.601092,9030.512492
16482.272341,1184.329507,3064.381992,9400.615463
16482.272666,148.041188,2451.505594,9474.636058
16482.272990,-740.205942,1915.238745,8882.471304
16482.273314,370.102971,1608.800546,9104.533087
16482.273639,370.102971,1378.971896,9178.553681
16482.273963,0.000000,1072.533697,9326.594869
16482.274287,-740.205942,153.219100,8956.491898
16482.274611,-296.082377,0.000000,8660.409521
16482.274936,0.000000,0.000000,9548.656652
16482.275260,444.123565,-536.266849,9992.780217
16482.275584,148.041188,-536.266849,9548.656652
16482.275909,148.041188,-766.095498,9326.594869
16482.276233,1628.453072,-842.705048,9622.677246
16482.276557,1480.411884,-842.705048,9918.759623
16482.276882,518.144159,-1149.143247,10288.862594
16482.277206,74.020594,-1149.143247,9474.636058
16482.277530,1258.350101,-1225.752797,9696.697840
16482.277854,518.144159,-1532.190996,9844.739029
16482.278179,0.000000,-1838.629195,9474.636058
16482.278503,0.000000,-1455.581446,9474.636058
16482.278827,0.000000,-1838.629195,9104.533087
16482.279152,222.061783,-2374.896044,9770.718434
16482.279476,592.164754,-1762.019645,9548.656652
16482.279800,370.102971,-1532.190996,9252.574275
16482.280125,666.185348,-1532.190996,8882.471304
16482.280449,1406.391290,-1225.752797,9400.615463
16482.280773,1406.391290,-842.705048,9326.594869
16482.281097,370.102971,-1608.800546,8882.471304
16482.281422,592.164754,-1378.971896,9400.615463
16482.281746,888.247130,-1378.971896,9474.636058
16482.282070,296.082377,-1532.190996,9622.677246
16482.282395,-222.061783,-1225.752797,9474.636058
16482.282719,74.020594,-306.438199,8956.491898
16482.283043,0.000000,-459.657299,9474.636058
16482.283368,296.082377,-842.705048,9548.656652
16482.283692,592.164754,0.000000,9548.656652
16482.284016,-444.123565,-306.438199,9178.553681
16482.284341,222.061783,459.657299,9770.718434
16482.284665,1406.391290,459.657299,10214.842000
16482.284990,-370.102971,842.705048,9844.739029
16482.285314,-888.247130,1685.410096,9474.636058
16482.285638,-148.041188,1762.019645,9770.718434
16482.285963,0.000000,1762.019645,9326.594869
16482.286287,-1110.308913,1838.629195,9474.636058
16482.286611,-1184.329507,2221.676944,9030.512492
16482.286936,-962.267725,2451.505594,8808.450710
16482.287260,-814.226536,2528.115143,9178.553681
16482.287584,-888.247130,3447.429741,9400.615463
16482.287909,-1110.308913,3217.601092,8438.347739
16482.288233,-740.205942,3753.867940,8068.244768
16482.288557,0.000000,3677.258390,8290.306550
16482.288882,0.000000,3524.039291,8734.430116
16482.289206,-1554.432478,3217.601092,8068.244768
16482.289530,-1332.370696,3064.381992,7772.162391
16482.289855,0.000000,3370.820191,8364.327145
16482.290179,-962.267725,2911.162892,8438.347739
16482.290503,-1332.370696,2221.676944,8364.327145
16482.290828,-444.123565,2221.676944,8734.430116
16482.291152,-296.082377,2145.067394,8882.471304
16482.291476,0.000000,1838.629195,9400.615463
16482.291801,518.144159,1762.019645,9474.636058
16482.292125,518.144159,1915.238745,9178.553681
16482.292449,888.247130,1455.581446,9474.636058
16482.292774,2146.597232,995.924147,9918.759623
16482.293098,888.247130,612.876398,9918.759623
16482.293422,296.082377,76.609550,9844.739029
16482.293747,1110.308913,229.828649,10140.821405
16482.294071,1258.350101,-383.047749,10510.924376
16482.294395,444.123565,-842.705048,10436.903782
16482.294720,222.061783,-919.314598,9622.677246
16482.295044,222.061783,-766.095498,9548.656652
16482.295368,740.205942,-919.314598,10066.800811
16482.295693,962.267725,-842.705048,9696.697840
16482.296017,740.205942,-842.705048,9622.677246
16482.296341,370.102971,-1225.752797,8882.471304
16482.296666,1184.329507,-842.705048,9178.553681
16482.296990,1480.411884,-612.876398,9326.594869
16482.297314,370.102971,-1838.629195,8808.450710
16482.297639,-296.082377,-1378.971896,8660.409521
16482.297963,592.164754,-1685.410096,8808.450710
16482.298287,-222.061783,-2145.067394,9178.553681
16482.298612,-1184.329507,-2298.286494,9252.574275
16482.298936,0.000000,-1302.362347,8586.388927
16482.299260,-444.123565,-2374.896044,9104.533087
16482.299585,-296.082377,-1608.800546,9252.574275
16482.299909,0.000000,-1532.190996,9474.636058
16482.300233,0.000000,-689.485948,9548.656652
16482.300558,518.144159,-919.314598,9696.697840
16482.300882,1184.329507,-459.657299,10510.924376
16482.301206,222.061783,0.000000,10362.883188
16482.301531,74.020594,-612.876398,9770.718434
16482.301855,592.164754,612.876398,9622.677246
16482.302179,370.102971,0.000000,9844.739029
16482.302504,-592.164754,0.000000,9770.718434
16482.302828,-740.205942,76.609550,9548.656652
16482.303152,-370.102971,766.095498,9474.636058
16482.303477,-666.185348,1072.533697,9474.636058
16482.303801,-666.185348,1378.971896,9178.553681
16482.304125,-370.102971,1915.238745,8512.368333
16482.304450,-222.061783,2451.505594,8290.306550
16482.304774,0.000000,2528.115143,8808.450710
16482.305098,370.102971,2681.334243,9252.574275
16482.305423,-962.267725,2834.553343,8586.388927
16482.305747,-1036.288319,2757.943793,8586.388927
16482.306071,-370.102971,2834.553343,8364.327145
16482.306396,-1332.370696,2987.772442,8660.409521
16482.306720,-1776.494261,3064.381992,8734.430116
16482.307044,-1406.391290,2834.553343,8438.347739
16482.307369,-814.226536,2987.772442,8660.409521
16482.307693,-888.247130,3064.381992,9252.574275
16482.308018,-518.144159,3217.601092,9178.553681
16482.308342,-962.267725,3294.210641,9252.574275
16482.308666,-74.020594,3370.820191,8808.450710
16482.308991,592.164754,3753.867940,9178.553681
16482.309315,148.041188,3217.601092,9548.656652
16482.309639,-592.164754,2451.505594,9030.512492
16482.309964,0.000000,2451.505594,9622.677246
16482.310288,222.061783,1991.848295,9326.594869
16482.310612,-296.082377,1302.362347,9548.656652
16482.310937,-518.144159,1378.971896,9548.656652
16482.311261,148.041188,995.924147,8808.450710
16482.311585,0.000000,842.705048,9030.512492
16482.311910,0.000000,612.876398,9326.594869
16482.312234,0.000000,459.657299,9474.636058
16482.312558,0.000000,383.047749,8882.471304
16482.312883,814.226536,383.047749,9474.636058
16482.313207,1554.432478,76.609550,9992.780217
16482.313531,0.000000,-612.876398,9474.636058
16482.313856,-370.102971,-536.266849,9696.697840
16482.314180,962.267725,-689.485948,9474.636058
16482.314504,444.123565,-1225.752797,9622.677246
16482.314829,-592.164754,-1455.581446,9474.636058
16482.315153,-370.102971,-1608.800546,9400.615463
16482.315477,740.205942,-995.924147,9400.615463
16482.315802,740.205942,-1149.143247,9770.718434
16482.316126,740.205942,-1302.362347,9770.718434
16482.316450,222.061783,-1378.971896,9474.636058
16482.316775,814.226536,-1072.533697,9400.615463
16482.317099,2146.597232,-1149.143247,9844.739029
16482.317423,1332.370696,-2221.676944,9622.677246
16482.317748,222.061783,-1225.752797,9104.533087
16482.318072,1258.350101,-1455.581446,9474.636058
16482.318396,1480.411884,-2298.286494,9252.574275
16482.318721,222.061783,-2145.067394,9844.739029
16482.319045,-222.061783,-2145.067394,9326.594869
16482.319369,296.082377,-1762.019645,9178.553681
16482.319694,518.144159,-1455.581446,9474.636058
16482.320018,444.123565,-1455.581446,9992.780217
16482.320342,444.123565,-1225.752797,9622.677246
16482.320667,296.082377,-919.314598,9252.574275
16482.320991,518.144159,-536.266849,9548.656652
16482.321315,1184.329507,-306.438199,9918.759623
16482.321640,-296.082377,0.000000,10066.800811
16482.321964,-444.123565,536.266849,9548.656652
16482.322288,148.041188,76.609550,9696.697840
16482.322613,222.061783,536.266849,10140.821405
16482.322937,-888.247130,383.047749,9622.677246
16482.323261,-888.247130,1302.362347,9400.615463
16482.323586,-814.226536,1378.971896,9030.512492
16482.323910,-666.185348,1608.800546,9622.677246
16482.324234,-296.082377,2681.334243,9474.636058
16482.324559,-592.164754,2987.772442,8956.491898
16482.324883,-888.247130,3217.601092,8438.347739
16482.325207,592.164754,3600.648841,8660.409521
16482.325532,74.020594,3447.429741,9030.512492
16482.325856,-1332.370696,3064.381992,8142.265362
16482.326180,-1258.350101,3294.210641,8068.244768
16482.326505,-370.102971,3370.820191,8290.306550
16482.326829,-1110.308913,2834.553343,8660.409521
16482.327153,-1850.514855,3370.820191,8068.244768
16482.327478,-1480.411884,2528.115143,7846.182985
16482.327802,-1036.288319,2911.162892,8364.327145
16482.328126,-740.205942,2911.162892,8808.450710
16482.328451,-666.185348,2834.553343,9104.533087
16482.328775,-518.144159,2298.286494,8808.450710
16482.329099,592.164754,2451.505594,8882.471304
16482.329424,1628.453072,2451.505594,10214.842000
16482.329748,814.226536,1072.533697,9252.574275
16482.330072,370.102971,842.705048,9918.759623
16482.330397,1258.350101,1072.533697,9770.718434
16482.330721,1554.432478,459.657299,10140.821405
16482.331045,592.164754,-229.828649,10214.842000
16482.331370,518.144159,-229.828649,9474.636058
16482.331694,666.185348,0.000000,9992.780217
16482.332019,814.226536,-459.657299,10140.821405
16482.332343,814.226536,-842.705048,10288.862594
16482.332667,222.061783,-689.485948,9696.697840
16482.332992,814.226536,-689.485948,9474.636058
16482.333316,1998.556043,-536.266849,9548.656652
16482.333640,1406.391290,-1072.533697,9548.656652
16482.333965,-222.061783,-919.314598,8882.471304
16482.334289,444.123565,-1378.971896,8512.368333
16482.334613,1406.391290,-995.924147,8956.491898
16482.334938,370.102971,-1838.629195,9030.512492
16482.335262,-370.102971,-1991.848295,9030.512492
16482.335586,-370.102971,-1532.190996,8586.388927
16482.335911,222.061783,-1455.581446,9178.553681
16482.336235,-222.061783,-2068.457845,9178.553681
16482.336559,-444.123565,-1149.143247,9400.615463
16482.336884,0.000000,-842.705048,9252.574275
16482.337208,666.185348,-1149.143247,9326.594869
16482.337532,888.247130,-1225.752797,9622.677246
16482.337857,0.000000,-1149.143247,10066.800811
16482.338181,-444.123565,-766.095498,9696.697840
16482.338505,444.123565,-995.924147,9844.739029
16482.338830,-148.041188,-1149.143247,9770.718434
16482.339154,-296.082377,-995.924147,10140.821405
16482.339478,-1110.308913,-459.657299,9400.615463
16482.339803,-888.247130,-536.266849,9474.636058
16482.340127,-666.185348,0.000000,9622.677246
16482.340451,0.000000,0.000000,9770.718434
16482.340776,-740.205942,229.828649,9622.677246
16482.341100,-370.102971,1225.752797,9326.594869
16482.341424,518.144159,1302.362347,9104.533087
16482.341749,814.226536,1762.019645,9696.697840
16482.342073,-518.144159,1762.019645,9030.512492
16482.342397,-518.144159,2374.896044,8882.471304
16482.342722,0.000000,2451.505594,8808.450710
16482.343046,-666.185348,2528.115143,9104.533087
16482.343370,-1184.329507,2298.286494,8956.491898
16482.343695,-1480.411884,2911.162892,8068.244768
16482.344019,-1036.288319,2604.724693,7920.203579
16482.344343,-666.185348,3064.381992,8882.471304
16482.344668,-740.205942,3217.601092,9030.512492
16482.344992,-1776.494261,3370.820191,8364.327145
16482.345316,-666.185348,3370.820191,8512.368333
16482.345641,814.226536,3830.477490,9326.594869
16482.345965,-148.041188,3600.648841,9326.594869
16482.346289,-962.267725,3064.381992,8660.409521
16482.346614,-222.061783,3294.210641,8734.430116
16482.346938,0.000000,2681.334243,9326.594869
16482.347262,-740.205942,2298.286494,9400.615463
16482.347587,-666.185348,2298.286494,9030.512492
16482.347911,-444.123565,2221.676944,8956.491898
16482.348235,-296.082377,1915.238745,9030.512492
16482.348560,666.185348,1762.019645,9548.656652
16482.348884,222.061783,1685.410096,9548.656652
16482.349208,222.061783,1455.581446,8956.491898
16482.349533,1332.370696,1378.971896,9178.553681
16482.349857,1628.453072,919.314598,9548.656652
16482.350181,74.020594,229.828649,9400.615463
16482.350506,-592.164754,536.266849,9178.553681
16482.350830,592.164754,-306.438199,9178.553681
16482.351154,592.164754,-612.876398,9622.677246
16482.351479,-296.082377,-995.924147,9474.636058
16482.351803,-518.144159,-1072.533697,9252.574275
16482.352127,0.000000,-1455.581446,9400.615463
16482.352452,592.164754,-1149.143247,10362.883188
16482.352776,296.082377,-1072.533697,9918.759623
16482.353100,74.020594,-1762.019645,9622.677246
16482.353425,592.164754,-1149.143247,9474.636058
16482.353749,1850.514855,-1378.971896,9844.739029
16482.354073,1258.350101,-1838.629195,10214.842000
16482.354398,0.000000,-2298.286494,9474.636058
16482.354722,888.247130,-1532.190996,9178.553681
16482.355046,1258.350101,-2451.505594,9252.574275
16482.355371,592.164754,-2298.286494,9474.636058
16482.355695,518.144159,-2221.676944,9252.574275
16482.356020,592.164754,-1915.238745,9252.574275
16482.356344,814.226536,-2145.067394,9622.677246
16482.356668,1110.308913,-1915.238745,9696.697840
16482.356993,592.164754,-1302.362347,9474.636058
16482.357317,740.205942,-919.314598,9178.553681
16482.357641,1036.288319,-689.485948,9178.553681
16482.357966,1554.432478,-536.266849,9696.697840
16482.358290,0.000000,-842.705048,9770.718434
16482.358614,-444.123565,-459.657299,9474.636058
16482.358939,0.000000,-229.828649,9252.574275
16482.359263,0.000000,0.000000,9474.636058
16482.359587,-1110.308913,-306.438199,9622.677246
16482.359912,-1554.432478,0.000000,9104.533087
16482.360236,-592.164754,229.828649,9400.615463
16482.360560,-666.185348,1072.533697,9696.697840
16482.360885,-666.185348,1455.581446,9696.697840
16482.361209,-962.267725,1838.629195,9474.636058
16482.361533,-592.164754,2528.115143,9104.533087
16482.361858,518.144159,2987.772442,9992.780217
16482.362182,148.041188,2298.286494,9622.677246
16482.362506,-1110.308913,2987.772442,8734.430116
16482.362831,-1036.288319,3217.601092,8660.409521
16482.363155,-74.020594,3524.039291,8734.430116
16482.363479,-1258.350101,2911.162892,8660.409521
16482.363804,-1776.494261,3294.210641,8364.327145
16482.364128,-1036.288319,3217.601092,8068.244768
16482.364452,-1110.308913,2987.772442,7846.182985
16482.364777,-814.226536,3294.210641,8216.285956
16482.365101,-592.164754,3447.429741,8586.388927
16482.365425,-888.247130,3447.429741,8216.285956
16482.365750,-370.102971,3217.601092,8586.388927
16482.366074,740.205942,3294.210641,8956.491898
16482.366398,-148.041188,2451.505594,9252.574275
16482.366723,-296.082377,2451.505594,8364.327145
16482.367047,74.020594,1838.629195,8808.450710
16482.367371,814.226536,1455.581446,9474.636058
16482.367696,0.000000,1225.752797,9696.697840
16482.368020,0.000000,536.266849,9252.574275
16482.368344,148.041188,459.657299,9252.574275
16482.368669,592.164754,0.000000,10066.800811
16482.368993,1628.453072,-306.438199,10066.800811
16482.369317,888.247130,383.047749,9696.697840
16482.369642,962.267725,-536.266849,10066.800811
16482.369966,2072.576638,-689.485948,10214.842000
16482.370290,2072.576638,-842.705048,10214.842000
16482.370615,666.185348,-1455.581446,9770.718434
16482.370939,1036.288319,-1532.190996,9474.636058
16482.371263,1554.432478,-919.314598,9548.656652
16482.371588,888.247130,-1455.581446,9548.656652
16482.371912,74.020594,-1838.629195,9178.553681
16482.372236,0.000000,-1762.019645,8734.430116
16482.372561,148.041188,-1608.800546,9030.512492
16482.372885,74.020594,-1915.238745,9400.615463
16482.373209,592.164754,-1915.238745,9474.636058
16482.373534,-296.082377,-1455.581446,9030.512492
16482.373858,296.082377,-1991.848295,8734.430116
16482.374182,1184.329507,-1302.362347,9474.636058
16482.374507,0.000000,-1685.410096,9548.656652
16482.374831,-666.185348,-1608.800546,9178.553681
16482.375155,0.000000,-1302.362347,9474.636058
16482.375480,0.000000,-1225.752797,9400.615463
16482.375804,-666.185348,-842.705048,9474.636058
16482.376128,-666.185348,-1072.533697,9400.615463
16482.376453,-1036.288319,-689.485948,8808.450710
16482.376777,-666.185348,-689.485948,9400.615463
16482.377101,0.000000,-383.047749,9918.759623
16482.377426,-222.061783,-229.828649,9770.718434
16482.377750,-444.123565,612.876398,9400.615463
16482.378074,814.226536,459.657299,9622.677246
16482.378399,1258.350101,383.047749,10066.800811
16482.378723,-296.082377,919.314598,9770.718434
16482.379048,-370.102971,1072.533697,9770.718434
16482.379372,444.123565,1455.581446,9548.656652
16482.379696,0.000000,1762.019645,9326.594869
16482.380021,-740.205942,1532.190996,9400.615463
16482.380345,-592.164754,2451.505594,8290.306550
16482.380669,-592.164754,2681.334243,8586.388927
16482.380994,-148.041188,2145.067394,9104.533087
16482.381318,-592.164754,3294.210641,8956.491898
16482.381642,-1184.329507,3294.210641,8586.388927
16482.381967,-444.123565,3983.696590,8068.244768
16482.382291,0.000000,3907.087040,8734.430116
16482.382615,-370.102971,3983.696590,9326.594869
16482.382940,-1184.329507,2987.772442,7994.224174
16482.383264,-296.082377,3983.696590,8364.327145
16482.383588,-666.185348,3294.210641,8734.430116
16482.383913,-1036.288319,2757.943793,8882.471304
16482.384237,-888.247130,2834.553343,8734.430116
16482.384561,-888.247130,2451.505594,8734.430116
16482.384886,-518.144159,2681.334243,9104.533087
16482.385210,296.082377,2298.286494,9252.574275
16482.385534,74.020594,2374.896044,9548.656652
16482.385859,148.041188,2451.505594,9030.512492
16482.386183,1110.308913,1838.629195,9770.718434
16482.386507,1184.329507,1302.362347,9770.718434
16482.386832,74.020594,842.705048,9844.739029
16482.387156,0.000000,1378.971896,9474.636058
16482.387481,592.164754,612.876398,9622.677246
16482.387805,0.000000,-919.314598,9474.636058
16482.388129,-444.123565,-612.876398,9696.697840
16482.388454,-592.164754,-153.219100,9548.656652
16482.388778,0.000000,-919.314598,9474.636058
16482.389102,148.041188,-842.705048,9992.780217
16482.389427,0.000000,-842.705048,9178.553681
16482.389751,-370.102971,-766.095498,8882.471304
16482.390075,-370.102971,-612.876398,9104.533087
16482.390400,1628.453072,-383.047749,9326.594869
16482.390724,592.164754,-1532.190996,9622.677246
16482.391048,-370.102971,-1302.362347,9252.574275
16482.391373,592.164754,-1838.629195,9030.512492
16482.391697,888.247130,-1915.238745,9474.636058
16482.392021,-296.082377,-1991.848295,9622.677246
16482.392346,74.020594,-2374.896044,9326.594869
16482.392670,370.102971,-2221.676944,9030.512492
16482.392995,444.123565,-2068.457845,9474.636058
16482.393319,962.267725,-1838.629195,9400.615463
16482.393643,814.226536,-1838.629195,9474.636058
16482.393968,666.185348,-1532.190996,8808.450710
16482.394292,1924.535449,-612.876398,9326.594869
16482.394616,2368.659014,-995.924147,9992.780217
16482.394941,592.164754,-536.266849,9622.677246
16482.395265,592.164754,-995.924147,9474.636058
16482.395589,1110.308913,-842.705048,9770.718434
16482.395914,444.123565,-995.924147,10140.821405
16482.396238,-222.061783,-536.266849,9622.677246
16482.396562,-444.123565,-536.266849,9474.636058
16482.396887,-296.082377,153.219100,9474.636058
16482.397211,-370.102971,842.705048,9622.677246
16482.397535,0.000000,153.219100,9918.759623
16482.397860,-592.164754,536.266849,9474.636058
16482.398184,-518.144159,1149.143247,9030.512492
16482.398509,740.205942,2145.067394,9474.636058
16482.398833,370.102971,1302.362347,9696.697840
16482.399157,-370.102971,612.876398,9326.594869
16482.399482,-444.123565,2604.724693,8882.471304
16482.399806,74.020594,2451.505594,9178.553681
16482.400130,-962.267725,2298.286494,9252.574275
16482.400455,-1406.391290,2451.505594,8438.347739
16482.400779,-1036.288319,3064.381992,8290.306550
16482.401103,-1036.288319,2681.334243,8290.306550
16482.401428,-518.144159,2911.162892,8512.368333
16482.401752,-740.205942,3447.429741,8808.450710
16482.402076,-1258.350101,2987.772442,7920.203579
16482.402401,-296.082377,3524.039291,8660.409521
16482.402725,74.020594,3294.210641,8882.471304
16482.403049,-666.185348,3064.381992,9104.533087
16482.403374,-962.267725,3217.601092,8512.368333
16482.403698,-444.123565,2451.505594,8956.491898
16482.404023,-518.144159,2068.457845,9474.636058
16482.404347,-518.144159,1608.800546,9030.512492
16482.404671,-592.164754,2068.457845,9104.533087
16482.404996,-518.144159,1685.410096,8956.491898
16482.405320,0.000000,1302.362347,9548.656652
16482.405644,444.123565,1455.581446,9326.594869
16482.405969,666.185348,766.095498,9326.594869
16482.406293,666.185348,766.095498,8882.471304
16482.406617,1998.556043,612.876398,9474.636058
16482.406942,1554.432478,0.000000,9918.759623
16482.407266,592.164754,-459.657299,9548.656652
16482.407590,814.226536,-459.657299,9696.697840
16482.407915,1554.432478,-995.924147,9770.718434
16482.408239,592.164754,-1302.362347,9918.759623
16482.408563,222.061783,-1378.971896,9696.697840
16482.408888,592.164754,-1072.533697,9178.553681
16482.409212,888.247130,-1532.190996,9474.636058
16482.409537,740.205942,-1455.581446,9770.718434
16482.409861,814.226536,-1378.971896,9770.718434
16482.410185,518.144159,-1302.362347,9252.574275
16482.410510,1110.308913,-1378.971896,9104.533087
16482.410834,1628.453072,-1302.362347,9622.677246
16482.411158,518.144159,-1838.629195,9770.718434
16482.411483,0.000000,-1838.629195,9030.512492
16482.411807,592.164754,-1532.190996,9474.636058
16482.412131,222.061783,-1685.410096,9474.636058
16482.412456,-740.205942,-2145.067394,9104.533087
16482.412780,-666.185348,-1532.190996,8956.491898
16482.413104,-74.020594,-689.485948,9326.594869
16482.413429,-666.185348,-1302.362347,8956.491898
16482.413753,-592.164754,-842.705048,9474.636058
16482.414077,-222.061783,-383.047749,9252.574275
16482.414402,0.000000,-229.828649,9400.615463
16482.414726,740.205942,0.000000,9474.636058
16482.415051,666.185348,153.219100,9622.677246
16482.415375,-370.102971,536.266849,9770.718434
16482.415699,-222.061783,-383.047749,9844.739029
16482.416024,74.020594,229.828649,9548.656652
16482.416348,-518.144159,306.438199,9992.780217
16482.416672,-1258.350101,612.876398,9548.656652
16482.416997,-814.226536,1072.533697,9474.636058
16482.417321,-740.205942,1149.143247,9622.677246
16482.417645,-296.082377,1838.629195,9622.677246
16482.417970,-296.082377,2604.724693,9474.636058
16482.418294,-1036.288319,2451.505594,8882.471304
16482.418618,-222.061783,3140.991542,8956.491898
16482.418943,444.123565,3294.210641,9030.512492
16482.419267,-222.061783,3217.601092,9104.533087
16482.419591,-1036.288319,3217.601092,8290.306550
16482.419916,-888.247130,3753.867940,8438.347739
16482.420240,-666.185348,3677.258390,8216.285956
16482.420565,-1480.411884,2757.943793,8734.430116
16482.420889,-1924.535449,3064.381992,8142.265362
16482.421213,-1036.288319,2911.162892,8364.327145
16482.421538,-962.267725,2681.334243,8882.471304
16482.421862,-592.164754,2681.334243,9030.512492
16482.422186,-518.144159,2757.943793,9474.636058
16482.422511,-370.102971,2451.505594,8808.450710
16482.422835,444.123565,2451.505594,8956.491898
16482.423159,1406.391290,2068.457845,9844.739029
16482.423484,0.000000,1915.238745,9622.677246
16482.423808,-148.041188,1991.848295,9474.636058
16482.424132,888.247130,1762.019645,9918.759623
16482.424457,518.144159,1302.362347,9696.697840
16482.424781,0.000000,0.000000,9696.697840
16482.425105,0.000000,766.095498,9178.553681
16482.425430,222.061783,383.047749,9548.656652
16482.425754,592.164754,76.609550,9918.759623
16482.426078,666.185348,0.000000,10140.821405
16482.426403,0.000000,0.000000,9622.677246
16482.426727,444.123565,0.000000,9252.574275
16482.427052,1998.556043,229.828649,9770.718434
16482.427376,1332.370696,-842.705048,9622.677246
16482.427700,0.000000,-766.095498,9400.615463
16482.428025,222.061783,-766.095498,9104.533087
16482.428349,444.123565,-1378.971896,9548.656652
16482.428673,-370.102971,-1991.848295,9252.574275
16482.428998,0.000000,-2298.286494,8956.491898
16482.429322,0.000000,-1532.190996,8660.409521
16482.429646,-370.102971,-2068.457845,9474.636058
16482.429971,148.041188,-1838.629195,9622.677246
16482.430295,222.061783,-1378.971896,9252.574275
16482.430619,74.020594,-1838.629195,9178.553681
16482.430944,1110.308913,-1915.238745,9474.636058
16482.431268,1850.514855,-1991.848295,9770.718434
16482.431592,666.185348,-1378.971896,9622.677246
16482.431917,222.061783,-1838.629195,9178.553681
16482.432241,1110.308913,-1225.752797,9326.594869
16482.432566,814.226536,-1532.190996,9992.780217
16482.432890,74.020594,-1532.190996,9770.718434
16482.433214,222.061783,-1149.143247,9622.677246
16482.433539,0.000000,-1072.533697,9474.636058
16482.433863,222.061783,-689.485948,9992.780217
16482.434187,740.205942,-306.438199,9992.780217
16482.434512,0.000000,306.438199,9474.636058
16482.434836,0.000000,0.000000,9400.615463
16482.435160,592.164754,459.657299,9474.636058
16482.435485,296.082377,689.485948,10066.800811
16482.435809,-962.267725,689.485948,9326.594869
16482.436133,-444.123565,1225.752797,8808.450710
16482.436458,444.123565,1378.971896,9992.780217
16482.436782,-666.185348,612.876398,9030.512492
16482.437106,-1332.370696,1455.581446,9030.512492
16482.437431,-814.226536,2145.067394,8364.327145
16482.437755,-1184.329507,2451.505594,8956.491898
16482.438080,-1110.308913,2681.334243,9104.533087
16482.438404,-444.123565,2604.724693,8586.388927
16482.438728,-888.247130,3447.429741,8216.285956
16482.439053,-296.082377,3447.429741,8882.471304
16482.439377,740.205942,3677.258390,9104.533087
16482.439701,-444.123565,3524.039291,8882.471304
16482.440026,-962.267725,2987.772442,8660.409521
16482.440350,-74.020594,3524.039291,8808.450710
16482.440674,-444.123565,3294.210641,8956.491898
16482.440999,-740.205942,3064.381992,9178.553681
16482.441323,-1110.308913,3064.381992,8734.430116
16482.441647,-1110.308913,2528.115143,8290.306550
16482.441972,-296.082377,2451.505594,9104.533087
16482.442296,148.041188,1991.848295,9030.512492
16482.442620,0.000000,2068.457845,8660.409521
16482.442945,74.020594,1685.410096,8882.471304
16482.443269,1184.329507,1762.019645,8956.491898
16482.443594,1480.411884,995.924147,9474.636058
16482.443918,518.144159,383.047749,9474.636058
16482.444242,0.000000,306.438199,9474.636058
16482.444567,1110.308913,0.000000,9474.636058
16482.444891,222.061783,-306.438199,9992.780217
16482.445215,0.000000,-459.657299,9770.718434
16482.445540,148.041188,-1149.143247,9770.718434
16482.445864,444.123565,-1378.971896,9474.636058
16482.446188,518.144159,-1225.752797,10214.842000
16482.446513,666.185348,-1072.533697,9992.780217
16482.446837,296.082377,-1149.143247,9696.697840
16482.447161,888.247130,-919.314598,9696.697840
16482.447486,2072.576638,-766.095498,9696.697840
16482.447810,740.205942,-995.924147,9770.718434
16482.448134,592.164754,-1838.629195,9104.533087
16482.448459,962.267725,-1838.629195,9252.574275
16482.448783,814.226536,-1838.629195,9474.636058
16482.449108,-444.123565,-1838.629195,9474.636058
16482.449432,-592.164754,-1915.238745,9104.533087
16482.449756,370.102971,-1838.629195,8734.430116
16482.450081,0.000000,-1072.533697,9252.574275
16482.450405,444.123565,-919.314598,8882.471304
16482.450729,0.000000,-1455.581446,8882.471304
16482.451054,-296.082377,-1225.752797,8808.450710
16482.451378,592.164754,-766.095498,9548.656652
16482.451702,814.226536,-689.485948,9548.656652
16482.452027,-666.185348,-842.705048,9474.636058
16482.452351,-962.267725,-383.047749,9252.574275
16482.452675,222.061783,-153.219100,9326.594869
16482.453000,0.000000,-536.266849,10288.862594
16482.453324,-1184.329507,-459.657299,9696.697840
16482.453648,-1258.350101,0.000000,9474.636058
16482.453973,-666.185348,153.219100,9844.739029
16482.454297,-444.123565,306.438199,10362.883188
16482.454622,0.000000,1225.752797,9844.739029
16482.454946,-370.102971,2221.676944,9622.677246
16482.455270,148.041188,2068.457845,9326.594869
16482.455595,1036.288319,2834.553343,9400.615463
16482.455919,296.082377,2528.115143,9474.636058
16482.456243,-814.226536,2757.943793,8808.450710
16482.456568,-296.082377,3064.381992,8512.368333
16482.456892,148.041188,3140.991542,8586.388927
16482.457216,-962.267725,3524.039291,8438.347739
16482.457541,-1332.370696,3294.210641,7994.224174
16482.457865,-1258.350101,2911.162892,7846.182985
16482.458189,-1406.391290,3064.381992,8068.244768
16482.458514,-962.267725,3140.991542,8438.347739
16482.458838,-962.267725,3447.429741,8512.368333
16482.459162,-1480.411884,3294.210641,7994.224174
16482.459487,0.000000,3140.991542,8290.306550
16482.459811,370.102971,2911.162892,8956.491898
16482.460136,-814.226536,3140.991542,9104.533087
16482.460460,-962.267725,2604.724693,8956.491898
16482.460784,-296.082377,2451.505594,9252.574275
16482.461109,0.000000,2221.676944,9548.656652
16482.461433,-666.185348,1685.410096,9696.697840
16482.461757,-148.041188,1302.362347,9548.656652
16482.462082,370.102971,766.095498,9178.553681
16482.462406,518.144159,1838.629195,9622.677246
16482.462730,666.185348,919.314598,9474.636058
16482.463055,370.102971,612.876398,9622.677246
16482.463379,888.247130,459.657299,9474.636058
16482.463703,1776.494261,459.657299,9844.739029
16482.464028,1406.391290,0.000000,9992.780217
16482.464352,148.041188,0.000000,9622.677246
16482.464676,592.164754,-306.438199,9400.615463
16482.465001,1036.288319,-689.485948,9696.697840
16482.465325,370.102971,-1302.362347,10066.800811
16482.465649,-962.267725,-1378.971896,9252.574275
16482.465974,148.041188,-1378.971896,8956.491898
16482.466298,-222.061783,-1532.190996,8956.491898
16482.466623,0.000000,-1608.800546,9400.615463
16482.466947,148.041188,-1685.410096,8808.450710
16482.467271,74.020594,-1608.800546,8512.368333
16482.467596,666.185348,-1532.190996,9178.553681
16482.467920,1110.308913,-1685.410096,10066.800811
16482.468244,444.123565,-1991.848295,9474.636058
16482.468569,222.061783,-1915.238745,9178.553681
16482.468893,888.247130,-2298.286494,9474.636058
16482.469217,1036.288319,-2451.505594,9992.780217
16482.469542,222.061783,-2068.457845,9622.677246
16482.469866,444.123565,-1455.581446,9474.636058
16482.470190,666.185348,-1608.800546,9622.677246
16482.470515,1406.391290,-1608.800546,10140.821405
16482.470839,1036.288319,-1072.533697,10214.842000
16482.471163,740.205942,-919.314598,9770.718434
16482.471488,518.144159,-306.438199,9474.636058
16482.471812,1332.370696,0.000000,9622.677246
16482.472137,1184.329507,-229.828649,9992.780217
16482.472461,-370.102971,-306.438199,9622.677246
16482.472785,-666.185348,0.000000,9326.594869
16482.473110,0.000000,0.000000,9474.636058
16482.473434,-592.164754,536.266849,9770.718434
16482.473758,-1480.411884,459.657299,9030.512492
16482.474083,-1332.370696,1149.143247,8586.388927
16482.474407,-1036.288319,1149.143247,8512.368333
16482.474731,-1110.308913,1838.629195,9326.594869
16482.475056,-962.267725,2451.505594,9030.512492
16482.475380,-1184.329507,2528.115143,8586.388927
16482.475704,-1036.288319,2681.334243,8660.409521
16482.476029,222.061783,2911.162892,9104.533087
16482.476353,0.000000,3524.039291,9104.533087
16482.476677,-814.226536,2987.772442,8586.388927
16482.477002,-518.144159,3294.210641,8660.409521
16482.477326,-296.082377,3600.648841,9104.533087
16482.477651,-1184.329507,2681.334243,8956.491898
16482.477975,-1480.411884,3370.820191,8512.368333
16482.478299,-518.144159,2681.334243,8438.347739
16482.478624,-888.247130,3064.381992,8586.388927
16482.478948,-444.123565,2757.943793,8512.368333
16482.479272,0.000000,2834.553343,9178.553681
16482.479597,-148.041188,2604.724693,8586.388927
16482.479921,1184.329507,2604.724693,8882.471304
16482.480245,1480.411884,2374.896044,9400.615463
16482.480570,296.082377,1455.581446,8882.471304
16482.480894,148.041188,1302.362347,9030.512492
16482.481218,1554.432478,919.314598,9104.533087
16482.481543,518.144159,383.047749,9548.656652
16482.481867,-592.164754,-229.828649,9474.636058
16482.482191,0.000000,0.000000,9104.533087
16482.482516,518.144159,-612.876398,10214.842000
16482.482840,370.102971,-689.485948,9918.759623
16482.483164,444.123565,-229.828649,10140.821405
16482.483489,666.185348,-536.266849,9696.697840
16482.483813,1110.308913,-995.924147,9844.739029
16482.484137,1998.556043,-842.705048,10436.903782
16482.484462,1036.288319,-995.924147,10288.862594
16482.484786,74.020594,-1455.581446,9474.636058
16482.485110,814.226536,-1149.143247,9622.677246
16482.485435,1406.391290,-842.705048,9252.574275
16482.485759,0.000000,-1378.971896,9474.636058
16482.486083,222.061783,-2068.457845,9030.512492
16482.486407,444.123565,-1915.238745,8808.450710
16482.486732,222.061783,-2221.676944,9252.574275
16482.487056,518.144159,-1762.019645,9474.636058
16482.487380,518.144159,-1762.019645,8956.491898
16482.487705,444.123565,-1532.190996,8586.388927
16482.488029,1332.370696,-1149.143247,9474.636058
16482.488353,888.247130,-1225.752797,9252.574275
16482.488678,-148.041188,-1532.190996,9400.615463
16482.489002,-592.164754,-1302.362347,9400.615463
16482.489326,0.000000,-766.095498,9474.636058
16482.489650,-370.102971,-842.705048,9474.636058
16482.489975,-1110.308913,-1149.143247,9548.656652
16482.490299,-1702.473667,-459.657299,9326.594869
16482.490623,-1110.308913,-306.438199,9326.594869
16482.490948,-888.247130,0.000000,9770.718434
16482.491272,-740.205942,229.828649,9770.718434
16482.491596,-888.247130,689.485948,9770.718434
16482.491921,-888.247130,1302.362347,9326.594869
16482.492245,1110.308913,1915.238745,9844.739029
16482.492569,592.164754,1915.238745,9918.759623
16482.492894,-518.144159,1991.848295,9104.533087
16482.493218,0.000000,2298.286494,9252.574275
16482.493542,814.226536,2451.505594,9252.574275
16482.493866,-370.102971,2528.115143,9104.533087
16482.494191,-962.267725,2451.505594,9252.574275
16482.494515,-222.061783,3064.381992,8142.265362
16482.494839,-666.185348,2987.772442,8438.347739
16482.495164,-814.226536,3217.601092,8438.347739
16482.495488,-962.267725,3677.258390,8808.450710
16482.495812,-1110.308913,3294.210641,8364.327145
16482.496137,-296.082377,3753.867940,8660.409521
16482.496461,0.000000,3600.648841,9030.512492
16482.496785,-1332.370696,3140.991542,8586.388927
16482.497110,-1554.432478,3294.210641,8364.327145
16482.497434,-592.164754,2757.943793,8734.430116
16482.497758,-666.185348,2451.505594,9326.594869
16482.498082,-1480.411884,2298.286494,9400.615463
16482.498407,-1406.391290,2451.505594,8956.491898
16482.498731,-740.205942,2451.505594,9030.512492
16482.499055,-444.123565,2298.286494,9548.656652
16482.499380,-592.164754,1608.800546,9474.636058
16482.499704,222.061783,1762.019645,9326.594869
16482.500028,740.205942,1685.410096,9104.533087
16482.500353,1628.453072,1072.533697,9770.718434
16482.500677,1406.391290,612.876398,9696.697840
16482.501001,222.061783,459.657299,9474.636058
16482.501325,592.164754,-536.266849,9548.656652
16482.501650,1184.329507,-536.266849,9622.677246
16482.501974,-148.041188,-536.266849,9622.677246
16482.502298,0.000000,-995.924147,9474.636058
16482.502623,148.041188,-1225.752797,9400.615463
16482.502947,0.000000,-1455.581446,9474.636058
16482.503271,74.020594,-1378.971896,9770.718434
16482.503596,592.164754,-1149.143247,9474.636058
16482.503920,370.102971,-1072.533697,9030.512492
16482.504244,1036.288319,-1302.362347,9104.533087
16482.504569,1332.370696,-1455.581446,9622.677246
16482.504893,444.123565,-1532.190996,9548.656652
16482.505217,444.123565,-2145.067394,9178.553681
16482.505541,592.164754,-1838.629195,9326.594869
16482.505866,962.267725,-1915.238745,9548.656652
16482.506190,222.061783,-1838.629195,9548.656652
16482.506514,74.020594,-2145.067394,9104.533087
16482.506839,740.205942,-1608.800546,8882.471304
16482.507163,444.123565,-1915.238745,9548.656652
16482.507487,888.247130,-1915.238745,9622.677246
16482.507812,666.185348,-1762.019645,9844.739029
16482.508136,1332.370696,-766.095498,9474.636058
16482.508460,2368.659014,-229.828649,9844.739029
16482.508784,1480.411884,-995.924147,9622.677246
16482.509109,148.041188,0.000000,9474.636058
16482.509433,296.082377,-459.657299,9474.636058
16482.509757,1036.288319,-383.047749,9474.636058
16482.510082,0.000000,-689.485948,9844.739029
16482.510406,-740.205942,-76.609550,9400.615463
16482.510730,-740.205942,229.828649,9030.512492
16482.511055,222.061783,383.047749,9770.718434
16482.511379,-370.102971,459.657299,9474.636058
16482.511703,-814.226536,1455.581446,9474.636058
16482.512028,-740.205942,1915.238745,9030.512492
16482.512352,-296.082377,2451.505594,9178.553681
16482.512676,-370.102971,3064.381992,9474.636058
16482.513000,-740.205942,2757.943793,9326.594869
16482.513325,-1480.411884,3294.210641,8068.244768
16482.513649,-1554.432478,3447.429741,8512.368333
16482.513973,-1036.288319,2911.162892,8882.471304
16482.514298,-1776.494261,2911.162892,8586.388927
16482.514622,-2072.576638,3217.601092,8142.265362
16482.514946,-1702.473667,3370.820191,7846.182985
16482.515271,-1184.329507,2528.115143,8586.388927
16482.515595,-962.267725,3370.820191,8438.347739
16482.515919,-666.185348,3524.039291,8660.409521
16482.516243,-666.185348,3064.381992,8290.306550
16482.516568,518.144159,3217.601092,9104.533087
16482.516892,1036.288319,2604.724693,9252.574275
16482.517216,0.000000,2451.505594,9030.512492
16482.517541,0.000000,2145.067394,8586.388927
16482.517865,1036.288319,2298.286494,9178.553681
16482.518189,740.205942,1455.581446,9696.697840
16482.518514,74.020594,766.095498,9474.636058
16482.518838,0.000000,766.095498,9252.574275
16482.519162,444.123565,766.095498,9178.553681
16482.519487,518.144159,76.609550,9770.718434
16482.519811,296.082377,229.828649,9696.697840
16482.520135,148.041188,-229.828649,9474.636058
16482.520459,740.205942,76.609550,9400.615463
16482.520784,1258.350101,-306.438199,10140.821405
16482.521108,518.144159,-842.705048,9992.780217
16482.521432,296.082377,-1072.533697,9474.636058
16482.521757,814.226536,-995.924147,9622.677246
16482.522081,1184.329507,-1532.190996,9770.718434
16482.522405,0.000000,-1302.362347,9696.697840
16482.522730,0.000000,-1225.752797,9030.512492
16482.523054,222.061783,-1838.629195,8808.450710
16482.523378,518.144159,-1991.848295,9252.574275
16482.523703,666.185348,-1838.629195,9474.636058
16482.524027,222.061783,-1608.800546,9104.533087
16482.524351,444.123565,-1838.629195,8586.388927
16482.524675,1258.350101,-1302.362347,9252.574275
16482.525000,1628.453072,-1455.581446,9770.718434
16482.525324,148.041188,-1991.848295,9622.677246
16482.525648,74.020594,-1685.410096,9326.594869
16482.525973,518.144159,-1302.362347,9400.615463
16482.526297,222.061783,-1302.362347,9622.677246
16482.526621,-740.205942,-919.314598,9400.615463
16482.526946,-1036.288319,-766.095498,9030.512492
16482.527270,-592.164754,-689.485948,9326.594869
16482.527594,0.000000,-842.705048,9844.739029
16482.527918,-518.144159,-536.266849,9918.759623
16482.528243,-962.267725,229.828649,9400.615463
16482.528567,-518.144159,229.828649,9474.636058
16482.528891,592.164754,995.924147,9474.636058
16482.529216,0.000000,919.314598,9770.718434
16482.529540,-1480.411884,1225.752797,8734.430116
16482.529864,-666.185348,1378.971896,9030.512492
16482.530189,296.082377,1455.581446,9474.636058
16482.530513,-444.123565,1532.190996,9326.594869
16482.530837,-1332.370696,1608.800546,9030.512492
16482.531162,-518.144159,2528.115143,8438.347739
16482.531486,-518.144159,2681.334243,8512.368333
16482.531810,-592.164754,2528.115143,8956.491898
16482.532134,0.000000,2757.943793,8660.409521
16482.532459,-592.164754,3370.820191,8734.430116
16482.532783,222.061783,3447.429741,8808.450710
16482.533107,740.205942,3294.210641,9252.574275
16482.533432,-296.082377,3600.648841,9400.615463
16482.533756,-740.205942,3140.991542,8734.430116
16482.534080,-592.164754,3830.477490,7920.203579
16482.534405,-518.144159,3064.381992,8808.450710
16482.534729,-1406.391290,2757.943793,8882.471304
16482.535053,-1258.350101,2911.162892,8660.409521
16482.535377,-962.267725,2681.334243,8660.409521
16482.535702,-888.247130,2911.162892,9252.574275
16482.536026,-296.082377,3064.381992,9400.615463
16482.536350,-370.102971,2528.115143,9326.594869
16482.536675,0.000000,2987.772442,8512.368333
16482.536999,1184.329507,2145.067394,9474.636058
16482.537323,740.205942,1685.410096,9326.594869
16482.537648,-370.102971,1072.533697,9104.533087
16482.537972,0.000000,842.705048,9104.533087
16482.538296,814.226536,0.000000,9252.574275
16482.538621,0.000000,0.000000,9770.718434
16482.538945,-444.123565,0.000000,9326.594869
16482.539269,-296.082377,-689.485948,9326.594869
16482.539593,444.123565,-1072.533697,9844.739029
16482.539918,518.144159,-766.095498,9992.780217
16482.540242,444.123565,-689.485948,9992.780217
16482.540566,296.082377,-919.314598,9696.697840
16482.540891,1332.370696,-306.438199,9918.759623
16482.541215,2146.597232,-842.705048,10214.842000
16482.541539,222.061783,-1302.362347,9770.718434
16482.541864,-222.061783,-1302.362347,9104.533087
16482.542188,666.185348,-1455.581446,9104.533087
16482.542512,814.226536,-1762.019645,9622.677246
16482.542837,-444.123565,-1991.848295,8956.491898
16482.543161,-370.102971,-1915.238745,8438.347739
16482.543485,148.041188,-1915.238745,8882.471304
16482.543809,444.123565,-1915.238745,9474.636058
16482.544134,740.205942,-2221.676944,9474.636058
16482.544458,296.082377,-1991.848295,9400.615463
16482.544782,518.144159,-1532.190996,9030.512492
16482.545107,2294.638420,-995.924147,9474.636058
16482.545431,1924.535449,-1608.800546,10140.821405
16482.545755,444.123565,-1608.800546,9400.615463
16482.546080,962.267725,-1072.533697,9622.677246
16482.546404,1332.370696,-1149.143247,9844.739029
16482.546728,666.185348,-1455.581446,10214.842000
16482.547052,-444.123565,-1149.143247,9622.677246
16482.547377,0.000000,0.000000,9252.574275
16482.547701,740.205942,0.000000,9844.739029
16482.548025,74.020594,76.609550,9992.780217
16482.548350,-222.061783,919.314598,9474.636058
16482.548674,-148.041188,842.705048,9474.636058
16482.548998,444.123565,1302.362347,9474.636058
16482.549323,1332.370696,1685.410096,10066.800811
16482.549647,0.000000,2145.067394,9770.718434
16482.549971,-1036.288319,1991.848295,9030.512492
16482.550296,0.000000,2528.115143,9178.553681
16482.550620,-592.164754,2834.553343,9178.553681
16482.550944,-1332.370696,2528.115143,9178.553681
16482.551268,-1850.514855,3140.991542,8364.327145
16482.551593,-1332.370696,3294.210641,8068.244768
16482.551917,-1480.411884,2834.553343,8142.265362
16482.552241,-1258.350101,3447.429741,8586.388927
16482.552566,-1406.391290,3524.039291,8290.306550
16482.552890,-1406.391290,3447.429741,7254.018232
16482.553214,-592.164754,3370.820191,8512.368333
16482.553539,0.000000,3370.820191,8734.430116
16482.553863,-1184.329507,2911.162892,8734.430116
16482.554187,-666.185348,2834.553343,8808.450710
16482.554511,814.226536,2068.457845,9252.574275
16482.554836,-444.123565,2528.115143,8882.471304
16482.555160,-740.205942,1991.848295,9474.636058
16482.555484,-370.102971,1838.629195,9030.512492
16482.555809,518.144159,1685.410096,9400.615463
16482.556133,518.144159,1455.581446,9770.718434
16482.556457,518.144159,1302.362347,9696.697840
16482.556782,74.020594,1225.752797,9400.615463
16482.557106,1036.288319,536.266849,9548.656652
16482.557430,2516.700203,995.924147,10214.842000
16482.557755,1110.308913,76.609550,10066.800811
16482.558079,148.041188,-383.047749,9548.656652
16482.558403,962.267725,-612.876398,9548.656652
16482.558727,1036.288319,-919.314598,9548.656652
16482.559052,296.082377,-1302.362347,9844.739029
16482.559376,-222.061783,-1072.533697,9326.594869
16482.559700,518.144159,-1149.143247,8364.327145
16482.560025,222.061783,-1532.190996,9474.636058
16482.560349,444.123565,-1532.190996,9474.636058
16482.560673,592.164754,-1532.190996,9030.512492
16482.560998,296.082377,-1532.190996,8734.430116
16482.561322,1332.370696,-1455.581446,9252.574275
16482.561646,2072.576638,-1225.752797,9844.739029
16482.561971,740.205942,-1838.629195,9474.636058
16482.562295,222.061783,-1915.238745,9696.697840
16482.562619,740.205942,-2068.457845,9474.636058
16482.562943,666.185348,-2221.676944,9992.780217
16482.563268,-444.123565,-2145.067394,9622.677246
16482.563592,0.000000,-1532.190996,9400.615463
16482.563916,-148.041188,-1608.800546,9474.636058
16482.564241,0.000000,-1378.971896,9622.677246
16482.564565,0.000000,-1225.752797,9992.780217
16482.564889,-370.102971,-766.095498,9622.677246
16482.565214,74.020594,-536.266849,9548.656652
16482.565538,888.247130,153.219100,9770.718434
16482.565862,444.123565,76.609550,9918.759623
16482.566186,-518.144159,153.219100,9104.533087
16482.566511,-370.102971,229.828649,8956.491898
16482.566835,222.061783,459.657299,9548.656652
16482.567159,-962.267725,459.657299,9696.697840
16482.567484,-1702.473667,459.657299,9178.553681
16482.567808,-1036.288319,1072.533697,8956.491898
16482.568132,-592.164754,1532.190996,9326.594869
16482.568457,-962.267725,1685.410096,8808.450710
16482.568781,-740.205942,1838.629195,8660.409521
16482.569105,-666.185348,2604.724693,8882.471304
16482.569430,0.000000,3064.381992,8734.430116
16482.569754,814.226536,3524.039291,9770.718434
16482.570078,-740.205942,3294.210641,9326.594869
16482.570402,-1036.288319,3140.991542,8586.388927
16482.570727,-222.061783,4290.134789,8956.491898
16482.571051,0.000000,3370.820191,9104.533087
16482.571375,-1480.411884,2911.162892,8956.491898
16482.571700,-1554.432478,3370.820191,8586.388927
16482.572024,-814.226536,3600.648841,8586.388927
16482.572348,-888.247130,3524.039291,8882.471304
16482.572673,-370.102971,3907.087040,9030.512492
16482.572997,-814.226536,3294.210641,8512.368333
16482.573321,-296.082377,3294.210641,8364.327145
16482.573645,888.247130,2987.772442,8956.491898
16482.573970,444.123565,2681.334243,9252.574275
16482.574294,-814.226536,2298.286494,8808.450710
16482.574618,-222.061783,2145.067394,8808.450710
16482.574943,1036.288319,1532.190996,8956.491898
16482.575267,74.020594,842.705048,9474.636058
16482.575591,-740.205942,689.485948,9400.615463
16482.575916,-222.061783,459.657299,8512.368333
16482.576240,148.041188,0.000000,9400.615463
16482.576564,0.000000,-306.438199,9992.780217
16482.576889,74.020594,0.000000,9844.739029
16482.577213,0.000000,-383.047749,9474.636058
16482.577537,1184.329507,-689.485948,9992.780217
16482.577861,1776.494261,-766.095498,10140.821405
16482.578186,666.185348,-689.485948,10140.821405
16482.578510,0.000000,-1225.752797,9548.656652
16482.578834,888.247130,-1072.533697,9770.718434
16482.579159,740.205942,-1685.410096,10214.842000
16482.579483,-222.061783,-1838.629195,9696.697840
16482.579807,-296.082377,-2145.067394,9178.553681
16482.580132,0.000000,-1915.238745,8882.471304
16482.580456,296.082377,-1608.800546,9104.533087
16482.580780,666.185348,-1915.238745,9326.594869
16482.581104,74.020594,-1608.800546,8586.388927
16482.581429,444.123565,-1915.238745,8734.430116
16482.581753,1776.494261,-1532.190996,9178.553681
16482.582077,1554.432478,-2068.457845,8956.491898
16482.582402,444.123565,-1685.410096,9252.574275
16482.582726,592.164754,-1608.800546,9030.512492
16482.583050,1480.411884,-2221.676944,9400.615463
16482.583375,518.144159,-1991.848295,10140.821405
16482.583699,0.000000,-1991.848295,9474.636058
16482.584023,148.041188,-1225.752797,9326.594869
16482.584348,74.020594,-1302.362347,9622.677246
16482.584672,74.020594,-536.266849,9622.677246
16482.584996,74.020594,-536.266849,9992.780217
16482.585320,-148.041188,-153.219100,9918.759623
16482.585645,518.144159,0.000000,9992.780217
16482.585969,1332.370696,306.438199,10584.944971
16482.586293,148.041188,536.266849,10140.821405
16482.586618,-740.205942,306.438199,9548.656652
16482.586942,74.020594,1225.752797,9696.697840
16482.587266,962.267725,995.924147,9770.718434
16482.587591,-962.267725,1685.410096,9252.574275
16482.587915,-1332.370696,1762.019645,9030.512492
16482.588239,-592.164754,2528.115143,8586.388927
16482.588564,-814.226536,2451.505594,8808.450710
16482.588888,-740.205942,3140.991542,8586.388927
16482.589212,-666.185348,4060.306139,7994.224174
16482.589537,-1036.288319,3600.648841,7328.038826
16482.589861,-296.082377,3677.258390,8438.347739
16482.590185,0.000000,3677.258390,8734.430116
16482.590510,-1110.308913,3447.429741,8290.306550
16482.590834,-1406.391290,3524.039291,8586.388927
16482.591158,-740.205942,2757.943793,7920.203579
16482.591483,-962.267725,2681.334243,8660.409521
16482.591807,-1258.350101,2681.334243,8808.450710
16482.592131,-1332.370696,2987.772442,8512.368333
16482.592456,-888.247130,2298.286494,8438.347739
16482.592780,-222.061783,2298.286494,9474.636058
16482.593104,296.082377,2451.505594,9474.636058
16482.593429,-222.061783,2221.676944,9030.512492
16482.593753,814.226536,2451.505594,9400.615463
16482.594077,2146.597232,2145.067394,9918.759623
16482.594402,1554.432478,1608.800546,10140.821405
16482.594726,888.247130,1532.190996,9474.636058
16482.595050,962.267725,689.485948,9696.697840
16482.595374,1406.391290,76.609550,10140.821405
16482.595699,370.102971,-306.438199,10214.842000
16482.596023,222.061783,-536.266849,9548.656652
16482.596347,74.020594,-229.828649,9326.594869
16482.596672,74.020594,-1302.362347,9400.615463
16482.596996,592.164754,-612.876398,9474.636058
16482.597320,444.123565,-1149.143247,9474.636058
16482.597645,0.000000,-1225.752797,8882.471304
16482.597969,1184.329507,-1072.533697,9326.594869
16482.598293,1924.535449,-842.705048,9474.636058
16482.598618,296.082377,-1378.971896,9104.533087
16482.598942,0.000000,-995.924147,8956.491898
16482.599266,1110.308913,-1762.019645,9252.574275
16482.599591,592.164754,-2145.067394,9474.636058
16482.599915,-148.041188,-2451.505594,9548.656652
16482.600239,-370.102971,-2221.676944,9326.594869
16482.600564,222.061783,-2298.286494,9252.574275
16482.600888,592.164754,-1762.019645,9918.759623
16482.601212,740.205942,-1762.019645,10436.903782
16482.601537,0.000000,-1915.238745,9622.677246
16482.601861,444.123565,-1225.752797,9474.636058
16482.602185,1332.370696,-842.705048,10066.800811
16482.602510,740.205942,-1149.143247,10140.821405
16482.602834,-740.205942,-766.095498,9548.656652
16482.603158,0.000000,-766.095498,9474.636058
16482.603483,222.061783,229.828649,9030.512492
16482.603807,-888.247130,-536.266849,9622.677246
16482.604131,-1628.453072,0.000000,9030.512492
16482.604456,-1258.350101,229.828649,8882.471304
16482.604780,-1036.288319,229.828649,9178.553681
16482.605104,-888.247130,766.095498,9474.636058
16482.605429,-888.247130,1532.190996,9474.636058
16482.605753,-888.247130,1991.848295,8956.491898
16482.606077,0.000000,2145.067394,8734.430116
16482.606402,740.205942,2604.724693,9252.574275
16482.606726,-296.082377,2834.553343,9474.636058
16482.607050,-740.205942,3140.991542,8956.491898
16482.607375,-444.123565,2834.553343,8882.471304
16482.607699,-296.082377,3677.258390,9104.533087
16482.608023,-814.226536,3064.381992,9104.533087
16482.608347,-1554.432478,3217.601092,8438.347739
16482.608672,-1184.329507,3370.820191,8364.327145
16482.608996,-1332.370696,3447.429741,8956.491898
16482.609320,-666.185348,3524.039291,9252.574275
16482.609645,-1110.308913,3447.429741,8734.430116
16482.609969,-1036.288319,3524.039291,8512.368333
16482.610293,296.082377,3294.210641,9030.512492
16482.610618,814.226536,3753.867940,9178.553681
16482.610942,-370.102971,3140.991542,8882.471304
16482.611266,-740.205942,2681.334243,8808.450710
16482.611591,444.123565,2604.724693,9252.574275
16482.611915,0.000000,2068.457845,9252.574275
16482.612239,-444.123565,1991.848295,9400.615463
16482.612564,-518.144159,1378.971896,8586.388927
16482.612888,222.061783,1532.190996,8956.491898
16482.613212,296.082377,919.314598,9474.636058
16482.613537,444.123565,919.314598,9474.636058
16482.613861,0.000000,383.047749,9326.594869
16482.614185,592.164754,536.266849,9474.636058
16482.614510,1480.411884,689.485948,10066.800811
16482.614834,518.144159,0.000000,9992.780217
16482.615158,370.102971,-689.485948,9622.677246
16482.615483,1110.308913,0.000000,9252.574275
16482.615807,814.226536,-995.924147,9844.739029
16482.616131,0.000000,-1302.362347,9844.739029
16482.616456,-370.102971,-1302.362347,9474.636058
16482.616780,148.041188,-1378.971896,9474.636058
16482.617104,518.144159,-1302.362347,9474.636058
16482.617429,518.144159,-1608.800546,9252.574275
16482.617753,444.123565,-1455.581446,9400.615463
16482.618077,296.082377,-1608.800546,8956.491898
16482.618402,1406.391290,-1532.190996,9252.574275
16482.618726,1480.411884,-1991.848295,9622.677246
16482.619050,222.061783,-2068.457845,9400.615463
16482.619375,74.020594,-1838.629195,9104.533087
16482.619699,1110.308913,-1762.019645,8586.388927
16482.620023,666.185348,-2451.505594,9474.636058
16482.620348,-222.061783,-2451.505594,9400.615463
16482.620672,-222.061783,-2145.067394,9252.574275
16482.620996,0.000000,-1991.848295,9252.574275
16482.621320,148.041188,-1685.410096,9548.656652
16482.621645,370.102971,-919.314598,9622.677246
16482.621969,296.082377,-459.657299,9400.615463
16482.622293,888.247130,-383.047749,9400.615463
16482.622618,1628.453072,0.000000,10066.800811
16482.622942,518.144159,-306.438199,10214.842000
16482.623266,-296.082377,-153.219100,9696.697840
16482.623591,74.020594,612.876398,9548.656652
16482.623915,296.082377,229.828649,9622.677246
16482.624239,-740.205942,612.876398,9992.780217
16482.624564,-296.082377,766.095498,9622.677246
16482.624888,-444.123565,1302.362347,9400.615463
16482.625212,-518.144159,1455.581446,9252.574275
16482.625537,-370.102971,1762.019645,9474.636058
16482.625861,-518.144159,2528.115143,8882.471304
16482.626185,-666.185348,2681.334243,8586.388927
16482.626510,0.000000,3217.601092,8586.388927
16482.626834,592.164754,3600.648841,8734.430116
16482.627158,-962.267725,3064.381992,8290.306550
16482.627483,-1406.391290,3294.210641,8142.265362
16482.627807,-518.144159,3524.039291,8364.327145
16482.628131,-740.205942,2987.772442,8586.388927
16482.628456,-1776.494261,3217.601092,8216.285956
16482.628780,-1628.453072,3753.867940,8290.306550
16482.629104,-1406.391290,2834.553343,8364.327145
16482.629429,-962.267725,2298.286494,8438.347739
16482.629753,-888.247130,2987.772442,9030.512492
16482.630077,-814.226536,2911.162892,8660.409521
16482.630402,-592.164754,2681.334243,8290.306550
16482.630726,1184.329507,2757.943793,9326.594869
16482.631050,962.267725,2604.724693,9918.759623
16482.631375,74.020594,1991.848295,9400.615463
16482.631699,518.144159,1455.581446,9326.594869
16482.632023,1406.391290,1072.533697,9770.718434
16482.632348,148.041188,459.657299,9992.780217
16482.632672,0.000000,153.219100,9548.656652
16482.632996,740.205942,76.609550,9548.656652
16482.633321,296.082377,-536.266849,9696.697840
16482.633645,148.041188,-919.314598,10066.800811
16482.633969,296.082377,-689.485948,9696.697840
16482.634293,296.082377,-536.266849,9474.636058
16482.634618,814.226536,-383.047749,9770.718434
16482.634942,1628.453072,-612.876398,9844.739029
16482.635266,888.247130,-995.924147,9400.615463
16482.635591,0.000000,-919.314598,9178.553681
16482.635915,1258.350101,-842.705048,9104.533087
16482.636239,814.226536,-1455.581446,9474.636058
16482.636564,-148.041188,-2221.676944,9326.594869
16482.636888,-296.082377,-1838.629195,8660.409521
16482.637212,148.041188,-1991.848295,8808.450710
16482.637537,0.000000,-2068.457845,9252.574275
16482.637861,592.164754,-2145.067394,9622.677246
16482.638185,444.123565,-1685.410096,9252.574275
16482.638510,0.000000,-1532.190996,9030.512492
16482.638834,1332.370696,-1225.752797,9992.780217
16482.639158,1110.308913,-1532.190996,10140.821405
16482.639483,-296.082377,-1915.238745,9622.677246
16482.639807,74.020594,-1455.581446,9770.718434
16482.640131,962.267725,-1072.533697,9844.739029
16482.640456,0.000000,-1225.752797,9844.739029
16482.640780,-592.164754,-1225.752797,9622.677246
16482.641104,-148.041188,-766.095498,9178.553681
16482.641429,-222.061783,-689.485948,9474.636058
16482.641753,-222.061783,-306.438199,9844.739029
16482.642077,-296.082377,306.438199,9770.718434
16482.642402,-222.061783,919.314598,9474.636058
16482.642726,444.123565,1072.533697,9474.636058
16482.643050,1036.288319,1455.581446,9548.656652
16482.643375,74.020594,1378.971896,9696.697840
16482.643699,-592.164754,1762.019645,9178.553681
16482.644023,-148.041188,2145.067394,8882.471304
16482.644348,0.000000,2374.896044,9252.574275
16482.644672,-1110.308913,2145.067394,9030.512492
16482.644996,-1480.411884,1991.848295,8438.347739
16482.645321,-814.226536,3064.381992,8290.306550
16482.645645,-740.205942,2528.115143,9104.533087
16482.645969,-1184.329507,2911.162892,8956.491898
16482.646294,-1480.411884,3600.648841,8438.347739
16482.646618,-1628.453072,3294.210641,8290.306550
16482.646942,74.020594,3753.867940,8512.368333
16482.647266,0.000000,3524.039291,9178.553681
16482.647591,-1184.329507,2681.334243,8660.409521
16482.647915,-1184.329507,3447.429741,8734.430116
16482.648239,-222.061783,3140.991542,9030.512492
16482.648564,-370.102971,3064.381992,9252.574275
16482.648888,-1406.391290,2757.943793,9400.615463
16482.649212,-814.226536,2528.115143,8512.368333
16482.649537,-222.061783,2221.676944,8734.430116
16482.649861,74.020594,2757.943793,9474.636058
16482.650185,0.000000,2604.724693,9400.615463
16482.650510,0.000000,1915.238745,9252.574275
16482.650834,666.185348,1991.848295,9326.594869
16482.651158,1776.494261,1455.581446,9844.739029
16482.651483,444.123565,1302.362347,9770.718434
16482.651807,-222.061783,383.047749,8956.491898
16482.652131,444.123565,-306.438199,9178.553681
16482.652456,592.164754,0.000000,9326.594869
16482.652780,0.000000,-689.485948,9770.718434
16482.653104,0.000000,-919.314598,9178.553681
16482.653429,-222.061783,-612.876398,8956.491898
16482.653753,0.000000,-1532.190996,9696.697840
16482.654077,666.185348,-919.314598,9326.594869
16482.654402,740.205942,-1225.752797,9326.594869
16482.654726,740.205942,-1532.190996,9400.615463
16482.655050,1110.308913,-1455.581446,9474.636058
16482.655375,2146.597232,-1685.410096,9622.677246
16482.655699,740.205942,-2068.457845,9474.636058
16482.656023,296.082377,-1915.238745,9474.636058
16482.656348,1406.391290,-2374.896044,9622.677246
16482.656672,1184.329507,-1991.848295,9252.574275
16482.656996,666.185348,-2604.724693,9696.697840
16482.657321,296.082377,-2834.553343,9400.615463
16482.657645,814.226536,-2298.286494,9474.636058
16482.657969,888.247130,-2451.505594,9696.697840
16482.658294,888.247130,-2145.067394,10066.800811
16482.658618,444.123565,-2221.676944,9548.656652
16482.658942,814.226536,-995.924147,9030.512492
16482.659267,1850.514855,-536.266849,10140.821405
16482.659591,1036.288319,-1225.752797,9696.697840
16482.659915,-370.102971,-1072.533697,9474.636058
16482.660239,74.020594,-536.266849,9252.574275
16482.660564,740.205942,-612.876398,9400.615463
16482.660888,-1036.288319,-612.876398,9474.636058
16482.661212,-1184.329507,0.000000,9104.533087
16482.661537,-592.164754,0.000000,9104.533087
16482.661861,-666.185348,459.657299,9252.574275
16482.662185,-666.185348,459.657299,9770.718434
16482.662510,-592.164754,1072.533697,9326.594869
16482.662834,-814.226536,1608.800546,9104.533087
16482.663158,-222.061783,2068.457845,9252.574275
16482.663483,1110.308913,1915.238745,10214.842000
16482.663807,-814.226536,2757.943793,9104.533087
16482.664131,-1258.350101,2757.943793,8512.368333
16482.664456,-370.102971,3294.210641,8808.450710
16482.664780,-592.164754,3140.991542,9104.533087
16482.665104,-1184.329507,3370.820191,8956.491898
16482.665429,-888.247130,3140.991542,7994.224174
16482.665753,-1184.329507,3677.258390,7772.162391
16482.666077,-1036.288319,3524.039291,8586.388927
16482.666402,-888.247130,3524.039291,8364.327145
16482.666726,-1110.308913,3447.429741,8290.306550
16482.667050,-814.226536,3447.429741,8142.265362
16482.667375,518.144159,3677.258390,8586.388927
16482.667699,-148.041188,3294.210641,8882.471304
16482.668023,-222.061783,1915.238745,8882.471304
16482.668348,-148.041188,2528.115143,8882.471304
16482.668672,296.082377,2298.286494,9326.594869
16482.668996,-148.041188,1455.581446,9474.636058
16482.669321,-222.061783,1378.971896,9252.574275
16482.669645,296.082377,1302.362347,9178.553681
16482.669969,222.061783,919.314598,9474.636058
16482.670294,814.226536,536.266849,10066.800811
16482.670618,1036.288319,306.438199,10288.862594
16482.670942,740.205942,76.609550,9696.697840
16482.671267,1628.453072,-153.219100,10362.883188
16482.671591,2072.576638,0.000000,10658.965565
16482.671915,888.247130,-536.266849,10214.842000
16482.672240,444.123565,-153.219100,9992.780217
16482.672564,1406.391290,-766.095498,9474.636058
16482.672888,1406.391290,-842.705048,9474.636058
16482.673212,444.123565,-1915.238745,9548.656652
16482.673537,0.000000,-1455.581446,9252.574275
16482.673861,222.061783,-1532.190996,8956.491898
16482.674185,148.041188,-1838.629195,8956.491898
16482.674510,592.164754,-1685.410096,9178.553681
16482.674834,0.000000,-1378.971896,8660.409521
16482.675158,0.000000,-2145.067394,8586.388927
16482.675483,1406.391290,-1149.143247,9474.636058
16482.675807,1110.308913,-1991.848295,9474.636058
16482.676131,-518.144159,-2221.676944,9326.594869
16482.676456,-296.082377,-1915.238745,9400.615463
16482.676780,740.205942,-2068.457845,9622.677246
16482.677104,-740.205942,-2068.457845,9622.677246
16482.677429,-888.247130,-2221.676944,9178.553681
16482.677753,-592.164754,-1608.800546,9400.615463
16482.678077,-296.082377,-1532.190996,9474.636058
16482.678402,-148.041188,-1532.190996,10140.821405
16482.678726,0.000000,-766.095498,9844.739029
16482.679050,-444.123565,0.000000,9474.636058
16482.679375,0.000000,0.000000,9622.677246
16482.679699,1184.329507,842.705048,9992.780217
16482.680023,0.000000,76.609550,10362.883188
16482.680348,-370.102971,689.485948,9474.636058
16482.680672,0.000000,995.924147,9696.697840
16482.680996,-74.020594,1072.533697,9548.656652
16482.681321,-740.205942,1072.533697,9400.615463
16482.681645,-592.164754,2068.457845,9326.594869
16482.681969,-444.123565,3294.210641,7994.224174
16482.682294,-666.185348,2528.115143,8660.409521
16482.682618,-666.185348,2834.553343,8438.347739
16482.682942,-740.205942,3524.039291,8512.368333
16482.683267,-888.247130,3370.820191,8290.306550
16482.683591,-222.061783,3677.258390,8438.347739
16482.683915,0.000000,3907.087040,8364.327145
16482.684239,-1184.329507,3524.039291,8216.285956
16482.684564,-1776.494261,2911.162892,8216.285956
16482.684888,-370.102971,3524.039291,8512.368333
16482.685212,-740.205942,3217.601092,9178.553681
16482.685537,-1776.494261,3294.210641,8586.388927
16482.685861,-1258.350101,3447.429741,8586.388927
16482.686185,-518.144159,3064.381992,8808.450710
16482.686510,-888.247130,2757.943793,9252.574275
16482.686834,-370.102971,3294.210641,9548.656652
16482.687158,0.000000,2911.162892,9548.656652
16482.687482,370.102971,2681.334243,9178.553681
16482.687807,1776.494261,2604.724693,9918.759623
16482.688131,1110.308913,2221.676944,9918.759623
16482.688455,0.000000,1378.971896,9178.553681
16482.688780,888.247130,1378.971896,9474.636058
16482.689104,1480.411884,1072.533697,9474.636058
16482.689428,-222.061783,689.485948,9696.697840
16482.689753,-592.164754,-536.266849,9474.636058
16482.690077,148.041188,-229.828649,9030.512492
16482.690401,-222.061783,-689.485948,9178.553681
16482.690725,0.000000,-995.924147,9474.636058
16482.691050,-148.041188,-766.095498,9030.512492
16482.691374,-666.185348,-766.095498,8734.430116
16482.691698,666.185348,-1149.143247,9326.594869
16482.692023,1406.391290,-1225.752797,9844.739029
16482.692347,0.000000,-1762.019645,9474.636058
16482.692671,-74.020594,-1838.629195,9400.615463
16482.692996,888.247130,-1838.629195,9696.697840
16482.693320,444.123565,-2145.067394,9696.697840
16482.693644,-296.082377,-2374.896044,9696.697840
16482.693969,296.082377,-1762.019645,9326.594869
16482.694293,666.185348,-2451.505594,9178.553681
16482.694617,740.205942,-2528.115143,9770.718434
16482.694941,1184.329507,-2145.067394,9770.718434
16482.695266,1184.329507,-1915.238745,9548.656652
16482.695590,1406.391290,-1762.019645,9030.512492
16482.695914,2294.638420,-1072.533697,9622.677246
16482.696239,1776.494261,-1378.971896,9696.697840
16482.696563,296.082377,-1378.971896,9474.636058
16482.696887,592.164754,-1225.752797,9104.533087
16482.697212,666.185348,-1378.971896,9326.594869
16482.697536,-148.041188,-1532.190996,9548.656652
16482.697860,-444.123565,-1149.143247,9622.677246
16482.698184,-518.144159,-306.438199,8808.450710
16482.698509,0.000000,-229.828649,9326.594869
16482.698833,-592.164754,-612.876398,9474.636058
16482.699157,-592.164754,459.657299,9474.636058
16482.699482,-888.247130,459.657299,9474.636058
16482.699806,0.000000,1072.533697,9622.677246
16482.700130,740.205942,1532.190996,9696.697840
16482.700455,222.061783,1838.629195,9770.718434
16482.700779,-740.205942,1608.800546,8882.471304
16482.701103,0.000000,2604.724693,9474.636058
16482.701427,222.061783,2451.505594,9844.739029
16482.701752,-1332.370696,2451.505594,9326.594869
16482.702076,-962.267725,2528.115143,8734.430116
16482.702400,-592.164754,3677.258390,8734.430116
16482.702725,-814.226536,3524.039291,8586.388927
16482.703049,-1036.288319,3524.039291,8586.388927
16482.703373,-740.205942,3217.601092,8438.347739
16482.703698,-1258.350101,3677.258390,7772.162391
16482.704022,222.061783,3907.087040,8660.409521
16482.704346,0.000000,3447.429741,8512.368333
16482.704670,-1628.453072,3600.648841,8142.265362
16482.704995,-1258.350101,3294.210641,8290.306550
16482.705319,148.041188,3753.867940,8438.347739
16482.705643,-814.226536,2528.115143,8808.450710
16482.705968,-1628.453072,2145.067394,8808.450710
16482.706292,-666.185348,2221.676944,8660.409521
16482.706616,-148.041188,1762.019645,9178.553681
16482.706941,-296.082377,1915.238745,9474.636058
16482.707265,222.061783,1608.800546,8882.471304
16482.707589,370.102971,1072.533697,9474.636058
16482.707913,1258.350101,1225.752797,9400.615463
16482.708238,2072.576638,919.314598,10362.883188
16482.708562,1258.350101,153.219100,10510.924376
16482.708886,888.247130,0.000000,9844.739029
16482.709211,1184.329507,-459.657299,10288.862594
16482.709535,1554.432478,-1378.971896,10214.842000
16482.709859,518.144159,-842.705048,10140.821405
16482.710184,814.226536,-1149.143247,9548.656652
16482.710508,518.144159,-1608.800546,9548.656652
16482.710832,592.164754,-1685.410096,9474.636058
16482.711156,962.267725,-1378.971896,9474.636058
16482.711481,888.247130,-1762.019645,9400.615463
16482.711805,666.185348,-1608.800546,8808.450710
16482.712129,1332.370696,-1915.238745,8364.327145
16482.712454,1776.494261,-1225.752797,9104.533087
16482.712778,148.041188,-1991.848295,9252.574275
16482.713102,0.000000,-2298.286494,8956.491898
16482.713427,666.185348,-2221.676944,9400.615463
16482.713751,74.020594,-2451.505594,9474.636058
16482.714075,-296.082377,-3140.991542,9252.574275
16482.714399,-370.102971,-2221.676944,9178.553681
16482.714724,0.000000,-1991.848295,9326.594869
16482.715048,-296.082377,-1991.848295,9844.739029
16482.715372,0.000000,-1149.143247,10288.862594
16482.715697,-740.205942,-842.705048,9474.636058
16482.716021,74.020594,-536.266849,9844.739029
16482.716345,222.061783,153.219100,9622.677246
16482.716670,518.144159,-306.438199,10288.862594
16482.716994,-370.102971,-76.609550,9622.677246
16482.717318,0.000000,-153.219100,9770.718434
16482.717642,0.000000,459.657299,9844.739029
16482.717967,-888.247130,383.047749,9696.697840
16482.718291,-1110.308913,612.876398,9400.615463
16482.718615,-888.247130,1302.362347,8882.471304
16482.718940,-222.061783,1685.410096,8660.409521
16482.719264,-296.082377,2451.505594,9030.512492
16482.719588,-814.226536,3064.381992,8438.347739
16482.719913,-740.205942,3064.381992,8512.368333
16482.720237,148.041188,3600.648841,8586.388927
16482.720561,296.082377,3753.867940,8808.450710
16482.720886,-1258.350101,3677.258390,8364.327145
16482.721210,-962.267725,4213.525239,8216.285956
16482.721534,-592.164754,3677.258390,8364.327145
16482.721858,-888.247130,2528.115143,8512.368333
16482.722183,-2368.659014,2987.772442,8290.306550
16482.722507,-2220.617826,3524.039291,8142.265362
16482.722831,-1480.411884,3524.039291,8438.347739
16482.723156,-1184.329507,3447.429741,8586.388927
16482.723480,-740.205942,3677.258390,9326.594869
16482.723804,-1184.329507,3370.820191,9252.574275
16482.724129,0.000000,3064.381992,8882.471304
16482.724453,1110.308913,3217.601092,9918.759623
16482.724777,740.205942,2987.772442,9918.759623
16482.725101,0.000000,2374.896044,9474.636058
16482.725426,740.205942,2374.896044,9400.615463
16482.725750,1258.350101,2068.457845,9474.636058
16482.726074,370.102971,1225.752797,9992.780217
16482.726399,444.123565,229.828649,9252.574275
16482.726723,518.144159,383.047749,9178.553681
16482.727047,444.123565,0.000000,9326.594869
16482.727372,518.144159,0.000000,9622.677246
16482.727696,370.102971,612.876398,9474.636058
16482.728020,148.041188,-536.266849,8734.430116
16482.728344,814.226536,-766.095498,9326.594869
16482.728669,1480.411884,-612.876398,9548.656652
16482.728993,296.082377,-1225.752797,9474.636058
16482.729317,-148.041188,-1608.800546,9474.636058
16482.729642,370.102971,-1455.581446,9474.636058
16482.729966,74.020594,-1991.848295,9770.718434
16482.730290,-592.164754,-2068.457845,9474.636058
16482.730615,-296.082377,-2068.457845,9400.615463
16482.730939,-444.123565,-2221.676944,9030.512492
16482.731263,0.000000,-2451.505594,9622.677246
16482.731587,444.123565,-2374.896044,10140.821405
16482.731912,296.082377,-1762.019645,9622.677246
16482.732236,592.164754,-1991.848295,9326.594869
16482.732560,1924.535449,-1685.410096,9622.677246
16482.732885,2072.576638,-2068.457845,9844.739029
16482.733209,888.247130,-1838.629195,9326.594869
16482.733533,962.267725,-1302.362347,9548.656652
16482.733858,1702.473667,-1608.800546,9252.574275
16482.734182,740.205942,-1838.629195,9696.697840
16482.734506,296.082377,-1991.848295,9400.615463
16482.734830,888.247130,-766.095498,9326.594869
16482.735155,666.185348,-1072.533697,9474.636058
16482.735479,-148.041188,-383.047749,9844.739029
16482.735803,296.082377,0.000000,9548.656652
16482.736128,0.000000,153.219100,9474.636058
16482.736452,222.061783,383.047749,9474.636058
16482.736776,666.185348,689.485948,9918.759623
16482.737101,-370.102971,536.266849,9992.780217
16482.737425,-1036.288319,383.047749,9474.636058
16482.737749,-740.205942,1532.190996,9400.615463
16482.738073,-444.123565,1532.190996,9696.697840
16482.738398,-1332.370696,1762.019645,9400.615463
16482.738722,-1702.473667,1838.629195,9030.512492
16482.739046,-1036.288319,2528.115143,8808.450710
16482.739371,-740.205942,2834.553343,9326.594869
16482.739695,-444.123565,3753.867940,9030.512492
16482.740019,-888.247130,3753.867940,8364.327145
16482.740344,-592.164754,3600.648841,7772.162391
16482.740668,296.082377,4060.306139,8734.430116
16482.740992,592.164754,4136.915689,8734.430116
16482.741316,-370.102971,3600.648841,8438.347739
16482.741641,-666.185348,3524.039291,8364.327145
16482.741965,592.164754,3600.648841,8586.388927
16482.742289,0.000000,2987.772442,8660.409521
16482.742614,-962.267725,2528.115143,8290.306550
16482.742938,-888.247130,2911.162892,8364.327145
16482.743262,-666.185348,2451.505594,8512.368333
16482.743587,-296.082377,2451.505594,9252.574275
16482.743911,-370.102971,2528.115143,9178.553681
16482.744235,-148.041188,1762.019645,8882.471304
16482.744559,444.123565,1455.581446,8956.491898
16482.744884,740.205942,1685.410096,9326.594869
16482.745208,370.102971,842.705048,9474.636058
16482.745532,74.020594,536.266849,9548.656652
16482.745857,592.164754,306.438199,9474.636058
16482.746181,888.247130,0.000000,9918.759623
16482.746505,222.061783,-766.095498,10066.800811
16482.746830,0.000000,-1225.752797,9770.718434
16482.747154,592.164754,-995.924147,9696.697840
16482.747478,592.164754,-1762.019645,10214.842000
16482.747803,518.144159,-1532.190996,10140.821405
16482.748127,592.164754,-1302.362347,9844.739029
16482.748451,518.144159,-1532.190996,9474.636058
16482.748775,1554.432478,-1608.800546,9400.615463
16482.749100,1776.494261,-995.924147,9548.656652
16482.749424,666.185348,-1532.190996,9474.636058
16482.749748,370.102971,-1685.410096,8956.491898
16482.750073,814.226536,-1915.238745,9326.594869
16482.750397,518.144159,-1915.238745,9252.574275
16482.750721,-518.144159,-2374.896044,9252.574275
16482.751046,-370.102971,-2145.067394,9030.512492
16482.751370,0.000000,-1762.019645,8734.430116
16482.751694,148.041188,-1378.971896,9326.594869
16482.752018,444.123565,-1378.971896,9400.615463
16482.752343,-370.102971,-1149.143247,9030.512492
16482.752667,296.082377,-766.095498,9178.553681
16482.752991,1406.391290,-306.438199,9844.739029
16482.753316,814.226536,-229.828649,9992.780217
16482.753640,-296.082377,-306.438199,9104.533087
16482.753964,74.020594,-229.828649,9252.574275
16482.754289,518.144159,0.000000,9844.739029
16482.754613,-592.164754,-306.438199,10140.821405
16482.754937,-1332.370696,-306.438199,9326.594869
16482.755261,-962.267725,76.609550,9178.553681
16482.755586,-962.267725,229.828649,9474.636058
16482.755910,-888.247130,689.485948,9770.718434
16482.756234,-296.082377,1685.410096,9918.759623
16482.756559,370.102971,1838.629195,9622.677246
16482.756883,518.144159,2451.505594,9474.636058
16482.757207,1110.308913,2528.115143,9548.656652
16482.757532,148.041188,2911.162892,9326.594869
16482.757856,-592.164754,2987.772442,8438.347739
16482.758180,148.041188,3370.820191,8660.409521
16482.758504,592.164754,2911.162892,9474.636058
16482.758829,-1036.288319,3524.039291,8660.409521
16482.759153,-1480.411884,3447.429741,8438.347739
16482.759477,-1258.350101,3524.039291,8290.306550
16482.759802,-1332.370696,3370.820191,8364.327145
16482.760126,-1776.494261,3294.210641,8956.491898
16482.760450,-1702.473667,3447.429741,8142.265362
16482.760775,-1776.494261,3677.258390,7994.224174
16482.761099,148.041188,2374.896044,9104.533087
16482.761423,-592.164754,2757.943793,9252.574275
16482.761747,-1332.370696,2757.943793,9178.553681
16482.762072,-814.226536,2757.943793,8956.491898
16482.762396,74.020594,2145.067394,9400.615463
16482.762720,-148.041188,2145.067394,10140.821405
16482.763045,-888.247130,2145.067394,9252.574275
16482.763369,0.000000,1762.019645,8882.471304
16482.763693,518.144159,1225.752797,9474.636058
16482.764018,296.082377,919.314598,9918.759623
16482.764342,444.123565,919.314598,9474.636058
16482.764666,222.061783,612.876398,9326.594869
16482.764990,1258.350101,689.485948,9548.656652
16482.765315,1850.514855,76.609550,9992.780217
16482.765639,740.205942,76.609550,9770.718434
16482.765963,222.061783,-306.438199,9474.636058
16482.766288,888.247130,-383.047749,9474.636058
16482.766612,444.123565,-1072.533697,9474.636058
16482.766936,-148.041188,-1378.971896,9474.636058
16482.767261,-222.061783,-1455.581446,9178.553681
16482.767585,0.000000,-1225.752797,9030.512492
16482.767909,-148.041188,-1378.971896,9474.636058
16482.768233,222.061783,-1608.800546,9548.656652
16482.768558,222.061783,-1762.019645,9252.574275
16482.768882,74.020594,-1915.238745,9104.533087
16482.769206,1332.370696,-1762.019645,9474.636058
16482.769531,1628.453072,-1991.848295,9844.739029
16482.769855,370.102971,-2451.505594,9326.594869
16482.770179,962.267725,-1378.971896,9400.615463
16482.770504,1554.432478,-2374.896044,9622.677246
16482.770828,1184.329507,-2451.505594,10140.821405
16482.771152,444.123565,-2298.286494,9474.636058
16482.771476,1036.288319,-1915.238745,9474.636058
16482.771801,1036.288319,-1685.410096,9622.677246
16482.772125,1406.391290,-1532.190996,9992.780217
16482.772449,1332.370696,-1225.752797,9992.780217
16482.772774,888.247130,-459.657299,9326.594869
16482.773098,1332.370696,-612.876398,9844.739029
16482.773422,1998.556043,-383.047749,10436.903782
16482.773747,592.164754,-229.828649,10288.862594
16482.774071,-592.164754,76.609550,9622.677246
16482.774395,0.000000,0.000000,9252.574275
16482.774720,0.000000,0.000000,9548.656652
16482.775044,-1406.391290,919.314598,9770.718434
16482.775368,-1850.514855,842.705048,8956.491898
16482.775692,-1480.411884,1302.362347,8660.409521
16482.776017,-1406.391290,1225.752797,8956.491898
16482.776341,-1406.391290,1991.848295,8956.491898
16482.776665,-1110.308913,2681.334243,9030.512492
16482.776990,-1406.391290,1762.019645,8438.347739
16482.777314,-444.123565,3447.429741,8586.388927
16482.777638,-74.020594,3140.991542,8882.471304
16482.777963,-1332.370696,3294.210641,8586.388927
16482.778287,-1406.391290,3294.210641,8364.327145
16482.778611,-370.102971,3524.039291,8660.409521
16482.778935,-666.185348,2987.772442,8142.265362
16482.779260,-1480.411884,3064.381992,8438.347739
16482.779584,-1036.288319,3064.381992,8734.430116
16482.779908,-518.144159,2834.553343,8512.368333
16482.780233,-296.082377,2987.772442,9252.574275
16482.780557,-148.041188,3140.991542,9400.615463
16482.780881,-740.205942,2987.772442,9030.512492
16482.781206,296.082377,2987.772442,9030.512492
16482.781530,1702.473667,2528.115143,9696.697840
16482.781854,518.144159,2451.505594,9474.636058
16482.782178,-370.102971,1378.971896,9030.512492
16482.782503,222.061783,1532.190996,9104.533087
16482.782827,1406.391290,689.485948,9400.615463
16482.783151,296.082377,383.047749,9770.718434
16482.783476,0.000000,153.219100,9178.553681
16482.783800,740.205942,-536.266849,9326.594869
16482.784124,888.247130,-919.314598,9400.615463
16482.784448,518.144159,-383.047749,9770.718434
16482.784773,592.164754,-612.876398,9992.780217
16482.785097,740.205942,-842.705048,9548.656652
16482.785421,1628.453072,-612.876398,9844.739029
16482.785746,2220.617826,-919.314598,9918.759623
16482.786070,1110.308913,-995.924147,10288.862594
16482.786394,222.061783,-383.047749,9474.636058
16482.786718,1406.391290,-1532.190996,9252.574275
16482.787043,1406.391290,-1608.800546,10066.800811
16482.787367,222.061783,-1685.410096,9548.656652
16482.787691,0.000000,-1685.410096,9252.574275
16482.788016,148.041188,-1915.238745,8956.491898
16482.788340,666.185348,-1838.629195,9696.697840
16482.788664,740.205942,-1685.410096,9770.718434
16482.788988,-370.102971,-1991.848295,9178.553681
16482.789313,0.000000,-1532.190996,9104.533087
16482.789637,1332.370696,-919.314598,9474.636058
16482.789961,592.164754,-1225.752797,9844.739029
16482.790286,-814.226536,-1225.752797,9252.574275
16482.790610,-444.123565,-536.266849,9178.553681
16482.790934,-518.144159,-1072.533697,9252.574275
16482.791258,-962.267725,-766.095498,9474.636058
16482.791583,-1406.391290,-842.705048,9326.594869
16482.791907,-1184.329507,-459.657299,8882.471304
16482.792231,-962.267725,-689.485948,9474.636058
16482.792555,-814.226536,-153.219100,9770.718434
16482.792880,-222.061783,0.000000,9918.759623
16482.793204,-1258.350101,766.095498,9252.574275
16482.793528,0.000000,612.876398,9696.697840
16482.793853,740.205942,1378.971896,10214.842000
16482.794177,0.000000,1455.581446,9918.759623
16482.794501,-518.144159,1838.629195,9400.615463
16482.794825,0.000000,2451.505594,9474.636058
16482.795150,222.061783,2451.505594,9030.512492
16482.795474,-518.144159,2681.334243,9030.512492
16482.795798,-666.185348,3294.210641,8512.368333
16482.796123,-518.144159,3524.039291,8586.388927
16482.796447,-518.144159,3064.381992,8660.409521
16482.796771,-222.061783,3600.648841,8882.471304
16482.797095,-888.247130,3753.867940,8438.347739
16482.797420,-666.185348,3524.039291,7994.224174
16482.797744,0.000000,3370.820191,8364.327145
16482.798068,296.082377,3524.039291,8586.388927
16482.798392,-962.267725,2987.772442,8956.491898
16482.798717,-814.226536,3294.210641,8364.327145
16482.799041,-148.041188,2834.553343,8734.430116
16482.799365,-1036.288319,2451.505594,9178.553681
16482.799690,-1258.350101,2604.724693,8734.430116
16482.800014,-740.205942,2298.286494,9030.512492
16482.800338,-592.164754,1991.848295,8290.306550
16482.800662,-296.082377,2298.286494,9326.594869
16482.800987,74.020594,1915.238745,9326.594869
16482.801311,148.041188,1838.629195,9326.594869
16482.801635,1036.288319,1378.971896,9474.636058
16482.801960,1628.453072,1149.143247,9548.656652
16482.802284,1110.308913,1149.143247,9474.636058
16482.802608,592.164754,76.609550,9474.636058
16482.802932,1036.288319,229.828649,9696.697840
16482.803257,1110.308913,0.000000,10140.821405
16482.803581,148.041188,-383.047749,10066.800811
16482.803905,148.041188,-766.095498,9696.697840
16482.804229,296.082377,-995.924147,9622.677246
16482.804554,148.041188,-919.314598,9252.574275
16482.804878,0.000000,-1532.190996,9696.697840
16482.805202,-444.123565,-1149.143247,9622.677246
16482.805527,0.000000,-1608.800546,9178.553681
16482.805851,740.205942,-1532.190996,9400.615463
16482.806175,518.144159,-1532.190996,9474.636058
16482.806499,-222.061783,-1991.848295,8882.471304
16482.806824,-296.082377,-1532.190996,8956.491898
16482.807148,518.144159,-1838.629195,9104.533087
16482.807472,296.082377,-2528.115143,9178.553681
16482.807797,-740.205942,-2145.067394,8586.388927
16482.808121,0.000000,-2374.896044,8808.450710
16482.808445,1184.329507,-1762.019645,9326.594869
16482.808769,1036.288319,-1838.629195,9548.656652
16482.809094,1110.308913,-1532.190996,9844.739029
16482.809418,1258.350101,-1225.752797,9622.677246
16482.809742,1850.514855,-842.705048,9696.697840
16482.810067,2294.638420,-689.485948,9992.780217
16482.810391,1406.391290,-766.095498,10362.883188
16482.810715,296.082377,-766.095498,9992.780217
16482.811039,814.226536,-459.657299,9992.780217
16482.811364,1258.350101,-459.657299,10140.821405
16482.811688,-296.082377,0.000000,10066.800811
16482.812012,-666.185348,76.609550,9474.636058
16482.812336,-666.185348,229.828649,9030.512492
16482.812661,-296.082377,76.609550,9474.636058
16482.812985,-888.247130,689.485948,9474.636058
16482.813309,-740.205942,1302.362347,9178.553681
16482.813634,-962.267725,1915.238745,8808.450710
16482.813958,0.000000,1762.019645,8882.471304
16482.814282,444.123565,2681.334243,9400.615463
16482.814606,-740.205942,2298.286494,8808.450710
16482.814931,-1184.329507,2757.943793,8808.450710
16482.815255,0.000000,2987.772442,8734.430116
16482.815579,-592.164754,3140.991542,8660.409521
16482.815904,-1480.411884,2834.553343,8660.409521
16482.816228,-1184.329507,3907.087040,8216.285956
16482.816552,-962.267725,3677.258390,8364.327145
16482.816876,-592.164754,3524.039291,8364.327145
16482.817201,-740.205942,3140.991542,9178.553681
16482.817525,-1110.308913,3447.429741,8660.409521
16482.817849,-296.082377,3140.991542,8512.368333
16482.818173,666.185348,3140.991542,9400.615463
16482.818498,0.000000,2604.724693,9400.615463
16482.818822,-814.226536,2987.772442,9104.533087
16482.819146,0.000000,2451.505594,8808.450710
16482.819471,444.123565,2298.286494,8956.491898
16482.819795,-222.061783,1685.410096,9474.636058
16482.820119,-888.247130,1378.971896,9030.512492
16482.820443,0.000000,995.924147,8586.388927
16482.820768,222.061783,919.314598,9326.594869
16482.821092,444.123565,229.828649,9400.615463
16482.821416,74.020594,459.657299,9326.594869
16482.821741,148.041188,-612.876398,9400.615463
16482.822065,1332.370696,0.000000,9696.697840
16482.822389,1628.453072,-306.438199,10436.903782
16482.822713,444.123565,-919.314598,9918.759623
16482.823038,222.061783,-766.095498,9474.636058
16482.823362,1628.453072,-919.314598,9474.636058
16482.823686,1184.329507,-689.485948,9918.759623
16482.824010,0.000000,-1838.629195,9548.656652
16482.824335,0.000000,-1532.190996,9252.574275
16482.824659,666.185348,-1532.190996,9252.574275
16482.824983,888.247130,-1608.800546,9696.697840
16482.825308,888.247130,-1608.800546,9474.636058
16482.825632,518.144159,-1302.362347,9326.594869
16482.825956,444.123565,-1378.971896,8808.450710
16482.826280,2072.576638,-1991.848295,9696.697840
16482.826605,1184.329507,-1991.848295,9844.739029
16482.826929,0.000000,-1915.238745,9474.636058
16482.827253,148.041188,-1685.410096,9400.615463
16482.827578,814.226536,-1608.800546,9474.636058
16482.827902,-148.041188,-1685.410096,9918.759623
16482.828226,-740.205942,-1608.800546,9104.533087
16482.828550,-296.082377,-1378.971896,9030.512492
16482.828875,-370.102971,-1225.752797,9400.615463
16482.829199,-296.082377,-995.924147,9992.780217
16482.829523,-592.164754,-306.438199,9252.574275
16482.829847,-518.144159,0.000000,9178.553681
16482.830172,0.000000,919.314598,9474.636058
16482.830496,518.144159,1149.143247,9844.739029
16482.830820,0.000000,1072.533697,10140.821405
16482.831145,-962.267725,1225.752797,9252.574275
16482.831469,-444.123565,1149.143247,9548.656652
16482.831793,0.000000,995.924147,9696.697840
16482.832117,-962.267725,1302.362347,9622.677246
16482.832442,-1480.411884,1838.629195,8882.471304
16482.832766,-296.082377,2681.334243,8512.368333
16482.833090,-444.123565,2451.505594,9474.636058
16482.833415,-444.123565,3217.601092,9178.553681
16482.833739,-962.267725,3140.991542,8882.471304
16482.834063,-740.205942,3370.820191,8438.347739
16482.834387,222.061783,3830.477490,8882.471304
16482.834712,444.123565,3370.820191,8734.430116
16482.835036,-1628.453072,3447.429741,8216.285956
16482.835360,-1480.411884,2911.162892,8364.327145
16482.835685,-444.123565,3294.210641,8438.347739
16482.836009,-1184.329507,2987.772442,8956.491898
16482.836333,-1924.535449,2987.772442,8734.430116
16482.836657,-1332.370696,2987.772442,8364.327145
16482.836982,-814.226536,3064.381992,8660.409521
16482.837306,-888.247130,2528.115143,9104.533087
16482.837630,-888.247130,3140.991542,9030.512492
16482.837954,-962.267725,2528.115143,8512.368333
16482.838279,370.102971,2451.505594,9400.615463
16482.838603,1406.391290,2221.676944,9548.656652
16482.838927,296.082377,1838.629195,9770.718434
16482.839252,0.000000,1225.752797,8956.491898
16482.839576,888.247130,1378.971896,9548.656652
16482.839900,1258.350101,766.095498,9992.780217
16482.840224,148.041188,76.609550,9770.718434
16482.840549,0.000000,-306.438199,9474.636058
16482.840873,222.061783,-229.828649,9400.615463
16482.841197,666.185348,-612.876398,9844.739029
16482.841522,592.164754,-919.314598,9992.780217
16482.841846,592.164754,0.000000,9622.677246
16482.842170,1036.288319,-689.485948,9474.636058
16482.842494,1184.329507,-766.095498,9770.718434
16482.842819,1702.473667,-995.924147,10066.800811
16482.843143,222.061783,-1532.190996,9400.615463
16482.843467,-148.041188,-1378.971896,9252.574275
16482.843791,962.267725,-1532.190996,9104.533087
16482.844116,370.102971,-2145.067394,8956.491898
16482.844440,-592.164754,-1532.190996,8882.471304
16482.844764,-296.082377,-2145.067394,8734.430116
16482.845089,0.000000,-1991.848295,8882.471304
16482.845413,222.061783,-1991.848295,9474.636058
16482.845737,592.164754,-1762.019645,9400.615463
16482.846061,74.020594,-1378.971896,9400.615463
16482.846386,888.247130,-1608.800546,9252.574275
16482.846710,2294.638420,-1302.362347,9474.636058
16482.847034,1332.370696,-842.705048,9696.697840
16482.847359,74.020594,-1378.971896,9474.636058
16482.847683,888.247130,-1072.533697,9548.656652
16482.848007,1406.391290,-1149.143247,9992.780217
16482.848331,0.000000,-1225.752797,9844.739029
16482.848656,-74.020594,-1072.533697,9474.636058
16482.848980,0.000000,-612.876398,9178.553681
16482.849304,148.041188,-919.314598,9474.636058
16482.849628,0.000000,-153.219100,10066.800811
16482.849953,-370.102971,76.609550,9548.656652
16482.850277,-740.205942,536.266849,9474.636058
16482.850601,74.020594,995.924147,9548.656652
16482.850926,962.267725,1302.362347,9770.718434
16482.851250,-518.144159,536.266849,9696.697840
16482.851574,-962.267725,2374.896044,8882.471304
16482.851898,-518.144159,2451.505594,8734.430116
16482.852223,-296.082377,2221.676944,9030.512492
16482.852547,-1184.329507,2451.505594,9104.533087
16482.852871,-1110.308913,2834.553343,8438.347739
16482.853196,-740.205942,2757.943793,8216.285956
16482.853520,-444.123565,3600.648841,8734.430116
16482.853844,-296.082377,3370.820191,9030.512492
16482.854168,-962.267725,3370.820191,8364.327145
16482.854493,-740.205942,3600.648841,8068.244768
16482.854817,518.144159,3600.648841,8734.430116
16482.855141,74.020594,3294.210641,8660.409521
16482.855466,-1554.432478,2987.772442,8660.409521
16482.855790,0.000000,3140.991542,8586.388927
16482.856114,74.020594,2528.115143,8808.450710
16482.856438,-814.226536,2145.067394,9252.574275
16482.856763,-814.226536,1991.848295,9400.615463
16482.857087,-370.102971,1838.629195,8660.409521
16482.857411,0.000000,1302.362347,9326.594869
16482.857735,74.020594,1991.848295,9252.574275
16482.858060,444.123565,1225.752797,9474.636058
16482.858384,296.082377,459.657299,9252.574275
16482.858708,1258.350101,689.485948,9474.636058
16482.859033,1776.494261,536.266849,9844.739029
16482.859357,814.226536,0.000000,10288.862594
16482.859681,444.123565,-153.219100,9844.739029
16482.860005,1036.288319,-153.219100,10140.821405
16482.860330,518.144159,-842.705048,9622.677246
16482.860654,148.041188,-919.314598,9918.759623
16482.860978,-370.102971,-1072.533697,9030.512492
16482.861303,0.000000,-1302.362347,9326.594869
16482.861627,222.061783,-1302.362347,9548.656652
16482.861951,740.205942,-1225.752797,9548.656652
16482.862275,296.082377,-1225.752797,9178.553681
16482.862600,444.123565,-1378.971896,8882.471304
16482.862924,1850.514855,-1455.581446,9178.553681
16482.863248,1554.432478,-1838.629195,9326.594869
16482.863572,148.041188,-1991.848295,9326.594869
16482.863897,74.020594,-1685.410096,8956.491898
16482.864221,1036.288319,-1838.629195,9474.636058
16482.864545,444.123565,-2451.505594,9548.656652
16482.864870,-296.082377,-2221.676944,9474.636058
16482.865194,222.061783,-1685.410096,9548.656652
16482.865518,0.000000,-1455.581446,9104.533087
16482.865842,222.061783,-1608.800546,9844.739029
16482.866167,222.061783,-1225.752797,9844.739029
16482.866491,-74.020594,-536.266849,9474.636058
16482.866815,222.061783,306.438199,9474.636058
16482.867140,1332.370696,0.000000,9844.739029
16482.867464,0.000000,153.219100,9548.656652
16482.867788,-592.164754,229.828649,9548.656652
16482.868112,-296.082377,383.047749,9474.636058
16482.868437,-370.102971,153.219100,9548.656652
16482.868761,-1258.350101,229.828649,9548.656652
16482.869085,-1332.370696,766.095498,9252.574275
16482.869409,-814.226536,1455.581446,8660.409521
16482.869734,-740.205942,1455.581446,9326.594869
16482.870058,-222.061783,1762.019645,8882.471304
16482.870382,-518.144159,2528.115143,8586.388927
16482.870707,-666.185348,2834.553343,8364.327145
16482.871031,370.102971,3294.210641,8660.409521
16482.871355,518.144159,3600.648841,9252.574275
16482.871679,-740.205942,2451.505594,9104.533087
16482.872004,-888.247130,3907.087040,8364.327145
16482.872328,-370.102971,3907.087040,8808.450710
16482.872652,-666.185348,2681.334243,9252.574275
16482.872977,-1850.514855,2911.162892,9030.512492
16482.873301,-1850.514855,3064.381992,8438.347739
16482.873625,-1110.308913,3140.991542,8808.450710
16482.873949,-888.247130,3140.991542,8956.491898
16482.874274,-666.185348,3370.820191,9104.533087
16482.874598,-1110.308913,3294.210641,8808.450710
16482.874922,-444.123565,3140.991542,8586.388927
16482.875247,740.205942,3294.210641,9400.615463
16482.875571,222.061783,2834.553343,9400.615463
16482.875895,-518.144159,2374.896044,8882.471304
16482.876219,0.000000,2374.896044,8808.450710
16482.876544,962.267725,1915.238745,9400.615463
16482.876868,0.000000,1302.362347,9252.574275
16482.877192,-148.041188,459.657299,9178.553681
16482.877516,0.000000,383.047749,8660.409521
16482.877841,148.041188,0.000000,9104.533087
16482.878165,370.102971,-306.438199,9770.718434
16482.878489,592.164754,-306.438199,9918.759623
16482.878814,592.164754,306.438199,9030.512492
16482.879138,1036.288319,-306.438199,9622.677246
16482.879462,1702.473667,-766.095498,9770.718434
16482.879786,592.164754,-842.705048,9844.739029
16482.880111,74.020594,-1302.362347,9622.677246
16482.880435,1036.288319,-1149.143247,9770.718434
16482.880759,888.247130,-1455.581446,9992.780217
16482.881084,296.082377,-1685.410096,9918.759623
16482.881408,222.061783,-1991.848295,9400.615463
16482.881732,222.061783,-1608.800546,9104.533087
16482.882056,592.164754,-1532.190996,9474.636058
16482.882381,444.123565,-1532.190996,9548.656652
16482.882705,-148.041188,-1915.238745,9178.553681
16482.883029,666.185348,-2068.457845,8734.430116
16482.883353,1554.432478,-919.314598,9104.533087
16482.883678,1332.370696,-1532.190996,9622.677246
16482.884002,370.102971,-1915.238745,9030.512492
16482.884326,370.102971,-1685.410096,9400.615463
16482.884651,1406.391290,-1608.800546,9474.636058
16482.884975,222.061783,-1991.848295,9844.739029
16482.885299,74.020594,-1762.019645,9474.636058
16482.885624,0.000000,-1225.752797,8808.450710
16482.885948,0.000000,-1378.971896,9030.512492
16482.886272,444.123565,-612.876398,9622.677246
16482.886596,370.102971,-612.876398,9548.656652
16482.886921,-296.082377,153.219100,9474.636058
16482.887245,444.123565,536.266849,9474.636058
16482.887569,1184.329507,536.266849,10362.883188
16482.887894,-222.061783,459.657299,9844.739029
16482.888218,-592.164754,1302.362347,9474.636058
16482.888542,0.000000,1378.971896,9474.636058
16482.888867,-148.041188,1302.362347,9474.636058
16482.889191,-666.185348,1685.410096,9844.739029
16482.889515,-1110.308913,2068.457845,8956.491898
16482.889840,-1110.308913,2068.457845,8734.430116
16482.890164,-962.267725,2834.553343,8882.471304
16482.890488,-740.205942,3370.820191,8808.450710
16482.890812,-666.185348,3370.820191,8660.409521
16482.891137,-814.226536,3370.820191,7772.162391
16482.891461,0.000000,3677.258390,8290.306550
16482.891785,-222.061783,3524.039291,8512.368333
16482.892110,-1332.370696,3753.867940,8290.306550
16482.892434,-1258.350101,3217.601092,7920.203579
16482.892758,-518.144159,3140.991542,7920.203579
16482.893083,-1184.329507,2911.162892,8660.409521
16482.893407,-1480.411884,2451.505594,8734.430116
16482.893731,-1110.308913,2298.286494,8586.388927
16482.894056,-740.205942,2451.505594,8808.450710
16482.894380,-518.144159,2145.067394,9548.656652
16482.894704,-148.041188,2528.115143,9252.574275
16482.895028,-814.226536,2221.676944,8734.430116
16482.895353,1184.329507,1762.019645,9474.636058
16482.895677,1702.473667,1762.019645,9770.718434
16482.896001,1258.350101,842.705048,10140.821405
16482.896326,518.144159,689.485948,9770.718434
16482.896650,1480.411884,459.657299,9918.759623
16482.896974,1406.391290,-536.266849,10140.821405
16482.897299,444.123565,-306.438199,10140.821405
16482.897623,-222.061783,-766.095498,9844.739029
16482.897947,0.000000,-1225.752797,9622.677246
16482.898272,296.082377,-995.924147,9770.718434
16482.898596,518.144159,-1225.752797,9770.718434
16482.898920,74.020594,-1072.533697,9400.615463
16482.899244,0.000000,-1378.971896,8734.430116
16482.899569,1480.411884,-1532.190996,9178.553681
16482.899893,1554.432478,-1378.971896,9400.615463
16482.900217,74.020594,-1762.019645,8956.491898
16482.900542,0.000000,-1378.971896,8660.409521
16482.900866,740.205942,-1685.410096,9104.533087
16482.901190,370.102971,-2068.457845,9400.615463
16482.901515,-740.205942,-1991.848295,9104.533087
16482.901839,370.102971,-1608.800546,9104.533087
16482.902163,0.000000,-1685.410096,9030.512492
16482.902488,148.041188,-1991.848295,9474.636058
16482.902812,592.164754,-1455.581446,9992.780217
16482.903136,74.020594,-1455.581446,9622.677246
16482.903460,370.102971,-995.924147,9474.636058
16482.903785,1184.329507,-536.266849,10436.903782
16482.904109,518.144159,-689.485948,10066.800811
16482.904433,-370.102971,-383.047749,9548.656652
16482.904758,148.041188,0.000000,9992.780217
16482.905082,0.000000,-306.438199,9622.677246
16482.905406,-814.226536,-459.657299,9696.697840
16482.905731,-1332.370696,-229.828649,8956.491898
16482.906055,-1406.391290,153.219100,8660.409521
16482.906379,-1554.432478,612.876398,9252.574275
16482.906704,-666.185348,766.095498,9104.533087
16482.907028,-444.123565,842.705048,9326.594869
16482.907352,-888.247130,1225.752797,8956.491898
16482.907676,148.041188,2221.676944,9178.553681
16482.908001,888.247130,2221.676944,9474.636058
16482.908325,-222.061783,2528.115143,8808.450710
16482.908649,-814.226536,2987.772442,8364.327145
16482.908974,222.061783,3064.381992,8660.409521
16482.909298,0.000000,2528.115143,9104.533087
16482.909622,-962.267725,2834.553343,9104.533087
16482.909947,-1184.329507,3447.429741,9030.512492
16482.910271,-1332.370696,2834.553343,8734.430116
16482.910595,-592.164754,3140.991542,8882.471304
16482.910920,-370.102971,3753.867940,9474.636058
16482.911244,-1406.391290,3447.429741,8364.327145
16482.911568,-592.164754,3064.381992,8364.327145
16482.911892,444.123565,3524.039291,9030.512492
16482.912217,0.000000,3217.601092,9474.636058
16482.912541,-1332.370696,2528.115143,8882.471304
16482.912865,-740.205942,2604.724693,8660.409521
16482.913190,222.061783,2604.724693,9326.594869
16482.913514,-518.144159,2374.896044,8956.491898
16482.913838,-962.267725,1685.410096,9030.512492
16482.914163,-148.041188,1838.629195,8808.450710
16482.914487,0.000000,1302.362347,9178.553681
16482.914811,148.041188,842.705048,9400.615463
16482.915136,666.185348,842.705048,9474.636058
16482.915460,148.041188,689.485948,8808.450710
16482.915784,1036.288319,153.219100,9770.718434
16482.916108,1480.411884,383.047749,9770.718434
16482.916433,74.020594,-536.266849,9844.739029
16482.916757,-148.041188,-766.095498,9844.739029
16482.917081,740.205942,-536.266849,9992.780217
16482.917406,370.102971,-1225.752797,9992.780217
16482.917730,-592.164754,-1455.581446,9844.739029
16482.918054,-222.061783,-919.314598,9474.636058
16482.918379,-444.123565,-1149.143247,9030.512492
16482.918703,0.000000,-1915.238745,9548.656652
16482.919027,0.000000,-1608.800546,9548.656652
16482.919352,0.000000,-1455.581446,9326.594869
16482.919676,296.082377,-1685.410096,9030.512492
16482.920000,1554.432478,-1532.190996,8956.491898
16482.920324,1036.288319,-1608.800546,9178.553681
16482.920649,444.123565,-1685.410096,8956.491898
16482.920973,1036.288319,-1685.410096,9178.553681
16482.921297,1554.432478,-1915.238745,9252.574275
16482.921622,592.164754,-2068.457845,9622.677246
16482.921946,444.123565,-1838.629195,9104.533087
16482.922270,740.205942,-1838.629195,9030.512492
16482.922595,1184.329507,-1685.410096,9474.636058
16482.922919,888.247130,-689.485948,9622.677246
16482.923243,1184.329507,-612.876398,9696.697840
16482.923568,518.144159,-689.485948,9474.636058
16482.923892,1184.329507,0.000000,9770.718434
16482.924216,1554.432478,0.000000,9992.780217
16482.924541,296.082377,229.828649,9696.697840
16482.924865,0.000000,0.000000,9400.615463
16482.925189,0.000000,76.609550,9326.594869
16482.925513,0.000000,306.438199,9770.718434
16482.925838,-962.267725,383.047749,10066.800811
16482.926162,-1036.288319,919.314598,9474.636058
16482.926486,-962.267725,1072.533697,9252.574275
16482.926811,-814.226536,1225.752797,9548.656652
16482.927135,-444.123565,2298.286494,9252.574275
16482.927459,-592.164754,2451.505594,9030.512492
16482.927784,-592.164754,2757.943793,8216.285956
16482.928108,296.082377,3140.991542,8956.491898
16482.928432,148.041188,3217.601092,9030.512492
16482.928757,-1184.329507,3294.210641,8734.430116
16482.929081,-1332.370696,3370.820191,8290.306550
16482.929405,-592.164754,3217.601092,8142.265362
16482.929729,-888.247130,2911.162892,8290.306550
16482.930054,-1924.535449,2451.505594,8216.285956
16482.930378,-1776.494261,2834.553343,8586.388927
16482.930702,-1184.329507,2911.162892,8364.327145
16482.931027,-1332.370696,2911.162892,8808.450710
16482.931351,-962.267725,2604.724693,8956.491898
16482.931675,-1110.308913,2757.943793,8586.388927
16482.932000,-296.082377,3294.210641,8808.450710
16482.932324,814.226536,2068.457845,9770.718434
16482.932648,-222.061783,2145.067394,9178.553681
16482.932973,-222.061783,1378.971896,9474.636058
16482.933297,592.164754,1685.410096,9770.718434
16482.933621,962.267725,919.314598,9696.697840
16482.933945,296.082377,842.705048,9918.759623
16482.934270,148.041188,306.438199,8956.491898
16482.934594,518.144159,306.438199,9400.615463
16482.934918,1036.288319,-689.485948,9474.636058
16482.935243,1036.288319,-612.876398,9770.718434
16482.935567,1036.288319,-383.047749,9918.759623
16482.935891,1258.350101,-459.657299,9474.636058
16482.936216,2220.617826,-306.438199,9844.739029
16482.936540,2368.659014,-995.924147,9696.697840
16482.936864,1406.391290,-153.219100,9474.636058
16482.937189,888.247130,-459.657299,9104.533087
16482.937513,1554.432478,-1532.190996,9030.512492
16482.937837,888.247130,-1455.581446,9400.615463
16482.938161,-222.061783,-1762.019645,9252.574275
16482.938486,-296.082377,-1762.019645,8734.430116
16482.938810,148.041188,-2145.067394,8808.450710
16482.939134,-296.082377,-2374.896044,8956.491898
16482.939459,-148.041188,-1608.800546,9400.615463
16482.939783,-444.123565,-1991.848295,9400.615463
16482.940107,0.000000,-1915.238745,9474.636058
16482.940432,814.226536,-1302.362347,9844.739029
16482.940756,444.123565,-1685.410096,10288.862594
16482.941080,-222.061783,-1608.800546,9696.697840
16482.941405,74.020594,-1378.971896,9770.718434
16482.941729,666.185348,-1225.752797,9696.697840
16482.942053,-222.061783,-919.314598,9770.718434
16482.942377,-666.185348,-689.485948,9474.636058
16482.942702,-222.061783,-383.047749,9178.553681
16482.943026,-222.061783,229.828649,9474.636058
16482.943350,0.000000,229.828649,9696.697840
16482.943675,-370.102971,1225.752797,9030.512492
16482.943999,-444.123565,612.876398,9030.512492
16482.944323,296.082377,1302.362347,9030.512492
16482.944648,740.205942,1455.581446,9770.718434
16482.944972,-518.144159,1532.190996,9104.533087
16482.945296,-740.205942,1915.238745,8734.430116
16482.945621,-444.123565,2145.067394,8660.409521
16482.945945,-592.164754,2145.067394,8808.450710
16482.946269,-888.247130,1915.238745,9104.533087
16482.946593,-1554.432478,2604.724693,8438.347739
16482.946918,-1184.329507,2911.162892,8364.327145
16482.947242,-1036.288319,3294.210641,9252.574275
16482.947566,-814.226536,3524.039291,9030.512492
16482.947891,-740.205942,3677.258390,9326.594869
16482.948215,-444.123565,3677.258390,9178.553681
16482.948539,296.082377,4060.306139,9030.512492
16482.948864,-148.041188,2911.162892,9252.574275
16482.949188,-1110.308913,2987.772442,8808.450710
16482.949512,-518.144159,3294.210641,8882.471304
16482.949837,0.000000,2757.943793,8956.491898
16482.950161,-666.185348,2757.943793,9030.512492
16482.950485,-740.205942,2681.334243,8734.430116
16482.950809,-370.102971,2834.553343,8438.347739
16482.951134,0.000000,1838.629195,8438.347739
16482.951458,296.082377,1991.848295,9104.533087
16482.951782,296.082377,2068.457845,9252.574275
16482.952107,370.102971,1915.238745,8660.409521
16482.952431,1110.308913,1532.190996,9252.574275
16482.952755,1554.432478,1915.238745,9474.636058
16482.953080,740.205942,1072.533697,9252.574275
16482.953404,0.000000,-229.828649,9178.553681
16482.953728,222.061783,153.219100,9474.636058
16482.954053,0.000000,-612.876398,10066.800811
16482.954377,-740.205942,-842.705048,10140.821405
16482.954701,-962.267725,-919.314598,9622.677246
16482.955025,-518.144159,-842.705048,9400.615463
16482.955350,-962.267725,-1608.800546,9622.677246
16482.955674,148.041188,-995.924147,10066.800811
16482.955998,-370.102971,-1378.971896,9696.697840
16482.956323,0.000000,-1302.362347,9474.636058
16482.956647,1702.473667,-1225.752797,9770.718434
16482.956971,1258.350101,-1072.533697,9992.780217
16482.957296,0.000000,-1991.848295,9400.615463
16482.957620,666.185348,-2068.457845,9104.533087
16482.957944,1628.453072,-1378.971896,9474.636058
16482.958269,962.267725,-2145.067394,9474.636058
16482.958593,148.041188,-2374.896044,9474.636058
16482.958917,814.226536,-1762.019645,8734.430116
16482.959241,1258.350101,-1915.238745,9326.594869
16482.959566,1258.350101,-1378.971896,9548.656652
16482.959890,962.267725,-1225.752797,9178.553681
16482.960214,740.205942,-1302.362347,8808.450710
16482.960539,1406.391290,-536.266849,9400.615463
16482.960863,1924.535449,-536.266849,9770.718434
16482.961187,592.164754,-689.485948,9918.759623
16482.961512,-296.082377,-536.266849,9178.553681
16482.961836,592.164754,-842.705048,9474.636058
16482.962160,296.082377,-919.314598,9918.759623
16482.962485,-814.226536,-689.485948,9622.677246
16482.962809,-1036.288319,0.000000,9474.636058
16482.963133,-888.247130,0.000000,9400.615463
16482.963457,-370.102971,153.219100,9918.759623
16482.963782,0.000000,842.705048,9992.780217
16482.964106,-222.061783,1532.190996,9326.594869
16482.964430,-296.082377,919.314598,9400.615463
16482.964755,814.226536,2451.505594,9326.594869
16482.965079,740.205942,2451.505594,9622.677246
16482.965403,-222.061783,2604.724693,9252.574275
16482.965728,-592.164754,2834.553343,8808.450710
16482.966052,0.000000,3217.601092,8734.430116
16482.966376,0.000000,3447.429741,8586.388927
16482.966701,-1332.370696,3370.820191,8438.347739
16482.967025,-1184.329507,3140.991542,7846.182985
16482.967349,-1628.453072,3600.648841,7846.182985
16482.967673,-962.267725,3447.429741,8290.306550
16482.967998,-1110.308913,3294.210641,8364.327145
16482.968322,-1850.514855,3294.210641,7846.182985
16482.968646,-1110.308913,3217.601092,7920.203579
16482.968971,148.041188,3064.381992,8290.306550
16482.969295,-740.205942,2681.334243,9030.512492
16482.969619,-1554.432478,2451.505594,9030.512492
16482.969944,-518.144159,2451.505594,9104.533087
16482.970268,74.020594,2068.457845,9178.553681
16482.970592,-666.185348,1225.752797,9622.677246
16482.970917,-592.164754,1149.143247,9400.615463
16482.971241,-296.082377,919.314598,8734.430116
16482.971565,666.185348,459.657299,9622.677246
16482.971889,1184.329507,536.266849,10066.800811
16482.972214,666.185348,-153.219100,9622.677246
16482.972538,666.185348,-229.828649,9622.677246
16482.972862,1776.494261,-383.047749,9918.759623
16482.973187,2072.576638,-306.438199,10214.842000
16482.973511,444.123565,-612.876398,10066.800811
16482.973835,1036.288319,-766.095498,9918.759623
16482.974160,1628.453072,-995.924147,9474.636058
16482.974484,962.267725,-1302.362347,9622.677246
16482.974808,370.102971,-1532.190996,9622.677246
16482.975133,296.082377,-1378.971896,8882.471304
16482.975457,148.041188,-1455.581446,8660.409521
16482.975781,370.102971,-1532.190996,9178.553681
16482.976105,740.205942,-1225.752797,8882.471304
16482.976430,222.061783,-1302.362347,8956.491898
16482.976754,148.041188,-1685.410096,8364.327145
16482.977078,1332.370696,-1455.581446,9326.594869
16482.977403,1184.329507,-1608.800546,9548.656652
16482.977727,-370.102971,-2145.067394,9252.574275
16482.978051,0.000000,-1762.019645,9104.533087
16482.978376,666.185348,-1608.800546,9474.636058
16482.978700,-518.144159,-2374.896044,9622.677246
16482.979024,-666.185348,-1838.629195,9622.677246
16482.979349,-518.144159,-1072.533697,9474.636058
16482.979673,-148.041188,-1225.752797,9770.718434
16482.979997,0.000000,-1072.533697,10066.800811
16482.980321,-148.041188,-306.438199,9770.718434
16482.980646,0.000000,-689.485948,9474.636058
16482.980970,0.000000,153.219100,9474.636058
16482.981294,740.205942,919.314598,10066.800811
16482.981619,-296.082377,612.876398,9622.677246
16482.981943,-1036.288319,766.095498,9252.574275
16482.982267,-296.082377,1302.362347,9622.677246
16482.982592,-296.082377,1455.581446,9622.677246
16482.982916,-1184.329507,1608.800546,9400.615463
16482.983240,-1110.308913,1915.238745,9400.615463
16482.983565,-814.226536,2451.505594,8660.409521
16482.983889,-1110.308913,2451.505594,8734.430116
16482.984213,-518.144159,3294.210641,8882.471304
16482.984537,-1332.370696,3217.601092,8438.347739
16482.984862,-1258.350101,3447.429741,8142.265362
16482.985186,0.000000,3907.087040,8512.368333
16482.985510,-370.102971,4060.306139,8808.450710
16482.985835,-2146.597232,3447.429741,8364.327145
16482.986159,-1776.494261,3677.258390,8142.265362
16482.986484,-592.164754,3370.820191,8586.388927
16482.986808,-1110.308913,2834.553343,9178.553681
16482.987132,-1554.432478,2757.943793,8660.409521
16482.987457,-1036.288319,3140.991542,8512.368333
16482.987781,-740.205942,2451.505594,8808.450710
16482.988105,-592.164754,2451.505594,9104.533087
16482.988430,148.041188,2221.676944,9252.574275
16482.988754,0.000000,2681.334243,9252.574275
16482.989078,740.205942,2451.505594,9326.594869
16482.989403,2072.576638,2528.115143,9770.718434
16482.989727,1036.288319,2451.505594,9918.759623
16482.990051,74.020594,1455.581446,9252.574275
16482.990376,1184.329507,1685.410096,9104.533087
16482.990700,740.205942,919.314598,9696.697840
16482.991024,0.000000,0.000000,9770.718434
16482.991349,-222.061783,0.000000,9474.636058
16482.991673,74.020594,-306.438199,9400.615463
16482.991997,0.000000,-536.266849,9770.718434
16482.992322,0.000000,-612.876398,9252.574275
16482.992646,-666.185348,-919.314598,9178.553681
16482.992970,0.000000,-612.876398,8808.450710
16482.993295,814.226536,-1072.533697,9474.636058
16482.993619,1184.329507,-1302.362347,9918.759623
16482.993944,0.000000,-1532.190996,9548.656652
16482.994268,0.000000,-1685.410096,9252.574275
16482.994592,888.247130,-2374.896044,9474.636058
16482.994917,222.061783,-1991.848295,9400.615463
16482.995241,0.000000,-2221.676944,9400.615463
16482.995565,222.061783,-1991.848295,9326.594869
16482.995890,444.123565,-2298.286494,9400.615463
16482.996214,518.144159,-2374.896044,9474.636058
16482.996538,1110.308913,-1991.848295,9770.718434
16482.996863,1110.308913,-1455.581446,9326.594869
16482.997187,1110.308913,-1225.752797,9104.533087
16482.997511,2368.659014,-1302.362347,10140.821405
16482.997836,1332.370696,-1608.800546,9918.759623
16482.998160,222.061783,-1455.581446,9252.574275
16482.998484,888.247130,-1225.752797,9548.656652
16482.998809,1036.288319,-1149.143247,9770.718434
16482.999133,0.000000,-1302.362347,9844.739029
16482.999457,-740.205942,-612.876398,8808.450710
16482.999782,74.020594,-459.657299,8882.471304
16483.000106,-592.164754,-153.219100,9474.636058
16483.000430,0.000000,-383.047749,9474.636058
16483.000755,-370.102971,383.047749,9474.636058
16483.001079,-592.164754,306.438199,9474.636058
16483.001404,888.247130,919.314598,9770.718434
16483.001728,888.247130,1455.581446,9770.718434
16483.002052,0.000000,1608.800546,9696.697840
16483.002377,-888.247130,1838.629195,9326.594869
16483.002701,148.041188,2374.896044,9104.533087
16483.003025,0.000000,2298.286494,9622.677246
16483.003350,-1184.329507,2221.676944,9178.553681
16483.003674,-740.205942,2451.505594,8882.471304
16483.003998,-518.144159,3064.381992,8586.388927
16483.004323,-592.164754,3677.258390,8808.450710
16483.004647,-592.164754,3447.429741,8808.450710
16483.004971,-1036.288319,3600.648841,8364.327145
16483.005296,-962.267725,3677.258390,8068.244768
16483.005620,518.144159,3907.087040,8512.368333
16483.005944,-148.041188,3677.258390,8956.491898
16483.006269,-1480.411884,3370.820191,8216.285956
16483.006593,-666.185348,3217.601092,8438.347739
16483.006917,0.000000,2834.553343,8512.368333
16483.007242,-1110.308913,2528.115143,8956.491898
16483.007566,-1480.411884,2298.286494,8808.450710
16483.007890,-444.123565,1915.238745,8512.368333
16483.008215,-370.102971,1302.362347,9030.512492
16483.008539,0.000000,2145.067394,9548.656652
16483.008864,-296.082377,1302.362347,9104.533087
16483.009188,0.000000,689.485948,8956.491898
16483.009512,1036.288319,995.924147,9770.718434
16483.009837,1480.411884,383.047749,10066.800811
16483.010161,888.247130,0.000000,10288.862594
16483.010485,962.267725,-459.657299,10066.800811
16483.010810,1406.391290,0.000000,10362.883188
16483.011134,1110.308913,-536.266849,10214.842000
16483.011458,518.144159,-1072.533697,10436.903782
16483.011783,518.144159,-1149.143247,9622.677246
16483.012107,666.185348,-842.705048,9696.697840
16483.012431,518.144159,-995.924147,9474.636058
16483.012756,962.267725,-1302.362347,9474.636058
16483.013080,814.226536,-919.314598,9030.512492
16483.013404,592.164754,-919.314598,8586.388927
16483.013729,1702.473667,-919.314598,9030.512492
16483.014053,1480.411884,-1455.581446,9178.553681
16483.014377,0.000000,-2068.457845,9030.512492
16483.014702,0.000000,-1991.848295,8882.471304
16483.015026,666.185348,-2145.067394,9104.533087
16483.015350,-148.041188,-2298.286494,9474.636058
16483.015675,-740.205942,-2068.457845,8956.491898
16483.015999,-296.082377,-1915.238745,8290.306550
16483.016323,0.000000,-2068.457845,9326.594869
16483.016648,0.000000,-1685.410096,9548.656652
16483.016972,0.000000,-1072.533697,9548.656652
16483.017297,-296.082377,-919.314598,9474.636058
16483.017621,222.061783,-689.485948,9918.759623
16483.017945,1702.473667,-306.438199,10066.800811
16483.018270,0.000000,-612.876398,9770.718434
16483.018594,-666.185348,0.000000,9474.636058
16483.018918,222.061783,459.657299,9992.780217
16483.019243,-148.041188,76.609550,9918.759623
16483.019567,-888.247130,76.609550,9844.739029
16483.019891,-962.267725,842.705048,9474.636058
16483.020216,-666.185348,1149.143247,9252.574275
16483.020540,-592.164754,1532.190996,9474.636058
16483.020864,-148.041188,2298.286494,9252.574275
16483.021189,-444.123565,2604.724693,8882.471304
16483.021513,-518.144159,2757.943793,8586.388927
16483.021837,222.061783,3294.210641,8586.388927
16483.022162,222.061783,3370.820191,8660.409521
16483.022486,-1110.308913,3524.039291,8290.306550
16483.022810,-1036.288319,3600.648841,7994.224174
16483.023135,-444.123565,3600.648841,8438.347739
16483.023459,-1406.391290,3217.601092,8512.368333
16483.023783,-2294.638420,3064.381992,8438.347739
16483.024108,-2072.576638,3294.210641,8142.265362
16483.024432,-1554.432478,2987.772442,8364.327145
16483.024757,-1406.391290,2911.162892,8808.450710
16483.025081,-1036.288319,2757.943793,9030.512492
16483.025405,-1036.288319,3600.648841,8734.430116
16483.025730,-296.082377,2987.772442,9548.656652
16483.026054,888.247130,3217.601092,9992.780217
16483.026378,148.041188,2834.553343,9844.739029
16483.026703,-222.061783,2528.115143,9326.594869
16483.027027,592.164754,2374.896044,9252.574275
16483.027351,1332.370696,2221.676944,9770.718434
16483.027676,222.061783,1915.238745,9770.718434
16483.028000,0.000000,842.705048,8882.471304
16483.028324,814.226536,842.705048,9178.553681
16483.028649,740.205942,536.266849,9400.615463
16483.028973,518.144159,383.047749,9474.636058
16483.029297,518.144159,0.000000,9474.636058
16483.029622,148.041188,-612.876398,8882.471304
16483.029946,1554.432478,-229.828649,9178.553681
16483.030270,1702.473667,-612.876398,9474.636058
16483.030595,148.041188,-919.314598,9400.615463
16483.030919,0.000000,-1378.971896,9474.636058
16483.031243,666.185348,-1455.581446,9622.677246
16483.031568,592.164754,-1608.800546,9548.656652
16483.031892,-444.123565,-2221.676944,9104.533087
16483.032217,-296.082377,-2298.286494,9178.553681
16483.032541,370.102971,-1915.238745,9622.677246
16483.032865,296.082377,-2221.676944,10066.800811
16483.033190,666.185348,-2068.457845,9918.759623
16483.033514,0.000000,-1991.848295,9474.636058
16483.033838,888.247130,-2068.457845,9326.594869
16483.034163,1628.453072,-1608.800546,9474.636058
16483.034487,1332.370696,-2298.286494,9622.677246
16483.034811,666.185348,-2451.505594,9252.574275
16483.035136,1258.350101,-1915.238745,9622.677246
16483.035460,1480.411884,-2221.676944,9548.656652
16483.035784,296.082377,-2145.067394,9770.718434
16483.036109,0.000000,-2068.457845,9178.553681
16483.036433,888.247130,-1225.752797,9104.533087
16483.036757,0.000000,-1302.362347,9474.636058
16483.037082,296.082377,-536.266849,9400.615463
16483.037406,296.082377,-689.485948,9474.636058
16483.037730,-148.041188,-459.657299,9252.574275
16483.038055,222.061783,229.828649,9696.697840
16483.038379,592.164754,0.000000,9622.677246
16483.038703,-888.247130,0.000000,9770.718434
16483.039028,-888.247130,842.705048,9548.656652
16483.039352,-444.123565,1149.143247,10066.800811
16483.039677,-370.102971,689.485948,9844.739029
16483.040001,-1406.391290,1072.533697,9696.697840
16483.040325,-1628.453072,1991.848295,9178.553681
16483.040650,-1258.350101,2374.896044,9030.512492
16483.040974,-740.205942,2451.505594,9474.636058
16483.041298,-518.144159,2911.162892,8734.430116
16483.041623,-814.226536,4213.525239,8882.471304
16483.041947,-962.267725,3753.867940,8290.306550
16483.042271,888.247130,3983.696590,8660.409521
16483.042596,74.020594,4060.306139,8882.471304
16483.042920,-814.226536,3753.867940,8438.347739
16483.043244,-444.123565,3677.258390,7624.121203
16483.043569,148.041188,3677.258390,7994.224174
16483.043893,-814.226536,3294.210641,8512.368333
16483.044217,-1184.329507,2987.772442,8364.327145
16483.044542,-740.205942,2987.772442,8290.306550
16483.044866,-592.164754,2911.162892,8364.327145
16483.045190,-296.082377,2604.724693,9104.533087
16483.045515,-222.061783,2221.676944,9030.512492
16483.045839,-370.102971,2451.505594,8512.368333
16483.046163,1110.308913,2145.067394,9104.533087
16483.046488,1776.494261,1991.848295,9474.636058
16483.046812,444.123565,1225.752797,9918.759623
16483.047136,222.061783,689.485948,9474.636058
16483.047461,1258.350101,306.438199,9696.697840
16483.047785,1332.370696,229.828649,10436.903782
16483.048110,222.061783,0.000000,10066.800811
16483.048434,74.020594,-689.485948,9548.656652
16483.048758,296.082377,-995.924147,9844.739029
16483.049083,888.247130,-995.924147,10510.924376
16483.049407,888.247130,-995.924147,10362.883188
16483.049731,814.226536,-1072.533697,9622.677246
16483.050056,888.247130,-919.314598,9844.739029
16483.050380,2220.617826,-612.876398,9326.594869
16483.050704,1776.494261,-1225.752797,9770.718434
16483.051029,370.102971,-2068.457845,8734.430116
16483.051353,592.164754,-1455.581446,8808.450710
16483.051677,1480.411884,-1838.629195,8956.491898
16483.052002,74.020594,-2451.505594,9252.574275
16483.052326,-666.185348,-2451.505594,9252.574275
16483.052650,-148.041188,-2068.457845,8734.430116
16483.052975,-518.144159,-2911.162892,9030.512492
16483.053299,-740.205942,-1915.238745,9400.615463
16483.053623,-222.061783,-1532.190996,9548.656652
16483.053948,-592.164754,-1532.190996,9104.533087
16483.054272,74.020594,-1149.143247,9252.574275
16483.054596,814.226536,-1225.752797,9918.759623
16483.054921,0.000000,-766.095498,9622.677246
16483.055245,-814.226536,-1608.800546,9474.636058
16483.055570,0.000000,0.000000,9622.677246
16483.055894,-74.020594,-536.266849,9696.697840
16483.056218,-740.205942,-689.485948,9918.759623
16483.056543,-666.185348,-459.657299,9548.656652
16483.056867,-518.144159,76.609550,9548.656652
16483.057191,-444.123565,689.485948,9696.697840
16483.057516,-370.102971,995.924147,9918.759623
16483.057840,0.000000,689.485948,9548.656652
16483.058164,-518.144159,1838.629195,8660.409521
16483.058489,666.185348,2221.676944,9474.636058
16483.058813,740.205942,2451.505594,9474.636058
16483.059137,-518.144159,2604.724693,9104.533087
16483.059462,-814.226536,2604.724693,8586.388927
16483.059786,222.061783,3294.210641,8660.409521
16483.060110,-444.123565,3370.820191,8512.368333
16483.060435,-1702.473667,3370.820191,8290.306550
16483.060759,-1776.494261,3524.039291,8068.244768
16483.061083,-1332.370696,3294.210641,8364.327145
16483.061408,-1480.411884,3600.648841,8882.471304
16483.061732,-1110.308913,3600.648841,9326.594869
16483.062056,-1628.453072,3830.477490,8142.265362
16483.062381,-814.226536,3677.258390,8586.388927
16483.062705,518.144159,3677.258390,9178.553681
16483.063030,-444.123565,3294.210641,9474.636058
16483.063354,-1258.350101,2911.162892,8808.450710
16483.063678,-444.123565,2834.553343,9252.574275
16483.064003,222.061783,2987.772442,9474.636058
16483.064327,-592.164754,1838.629195,9696.697840
16483.064651,-592.164754,2221.676944,9178.553681
16483.064976,0.000000,1915.238745,8808.450710
16483.065300,148.041188,1532.190996,9400.615463
16483.065624,740.205942,1072.533697,9622.677246
16483.065949,592.164754,919.314598,9474.636058
16483.066273,666.185348,612.876398,9104.533087
16483.066597,1480.411884,766.095498,9474.636058
16483.066922,1702.473667,766.095498,9844.739029
16483.067246,518.144159,-383.047749,9474.636058
16483.067570,0.000000,-459.657299,9548.656652
16483.067895,740.205942,-536.266849,9400.615463
16483.068219,370.102971,-919.314598,9770.718434
16483.068543,-666.185348,-1378.971896,9770.718434
16483.068868,0.000000,-766.095498,9178.553681
16483.069192,-222.061783,-1302.362347,9474.636058
16483.069516,-74.020594,-1838.629195,9252.574275
16483.069841,-148.041188,-1378.971896,9474.636058
16483.070165,-518.144159,-1608.800546,9326.594869
16483.070490,222.061783,-1608.800546,9178.553681
16483.070814,1184.329507,-1762.019645,9622.677246
16483.071138,1110.308913,-1762.019645,9474.636058
16483.071463,0.000000,-1991.848295,8438.347739
16483.071787,962.267725,-2068.457845,9104.533087
16483.072111,1998.556043,-2298.286494,9474.636058
16483.072436,888.247130,-2604.724693,9696.697840
16483.072760,296.082377,-2451.505594,9474.636058
16483.073084,1184.329507,-2145.067394,9326.594869
16483.073409,1184.329507,-1532.190996,9548.656652
16483.073733,1184.329507,-1608.800546,10140.821405
16483.074057,1332.370696,-766.095498,9326.594869
16483.074382,888.247130,-919.314598,9400.615463
16483.074706,1332.370696,-459.657299,9548.656652
16483.075030,1776.494261,-306.438199,10288.862594
16483.075355,370.102971,-306.438199,10066.800811
16483.075679,-518.144159,0.000000,9400.615463
16483.076003,444.123565,229.828649,10362.883188
16483.076328,0.000000,0.000000,9622.677246
16483.076652,-1258.350101,0.000000,9992.780217
16483.076976,-1776.494261,536.266849,9104.533087
16483.077301,-740.205942,1302.362347,9178.553681
16483.077625,-962.267725,1378.971896,9474.636058
16483.077949,-666.185348,1991.848295,9474.636058
16483.078274,-888.247130,2374.896044,8512.368333
16483.078598,-296.082377,2757.943793,8438.347739
16483.078923,296.082377,3677.258390,8956.491898
16483.079247,148.041188,3294.210641,9326.594869
16483.079571,-962.267725,3217.601092,8068.244768
16483.079896,-1036.288319,3600.648841,7920.203579
16483.080220,0.000000,3140.991542,8290.306550
16483.080544,-1110.308913,3447.429741,8512.368333
16483.080869,-1332.370696,3370.820191,8512.368333
16483.081193,-1036.288319,3064.381992,7846.182985
16483.081517,-1036.288319,2757.943793,8364.327145
16483.081842,-888.247130,2604.724693,8956.491898
16483.082166,-518.144159,3064.381992,9178.553681
16483.082490,-740.205942,2451.505594,8586.388927
16483.082815,74.020594,3217.601092,9252.574275
16483.083139,740.205942,2451.505594,9400.615463
16483.083463,666.185348,2068.457845,9326.594869
16483.083788,-148.041188,1532.190996,9474.636058
16483.084112,148.041188,1685.410096,9474.636058
16483.084436,962.267725,1149.143247,9844.739029
16483.084761,0.000000,459.657299,9918.759623
16483.085085,-296.082377,766.095498,8956.491898
16483.085409,518.144159,383.047749,8882.471304
16483.085732,148.041188,0.000000,9622.677246
16483.086057,518.144159,-536.266849,9770.718434
16483.086381,0.000000,-459.657299,9696.697840
16483.086705,444.123565,-536.266849,9474.636058
16483.087029,1406.391290,-536.266849,9992.780217
16483.087354,1628.453072,-995.924147,9770.718434
16483.087678,666.185348,-1225.752797,9918.759623
16483.088002,370.102971,-1072.533697,9326.594869
16483.088327,1776.494261,-995.924147,9400.615463
16483.088651,1036.288319,-1685.410096,9844.739029
16483.088975,0.000000,-1608.800546,9474.636058
16483.089300,444.123565,-1762.019645,9104.533087
16483.089624,814.226536,-1378.971896,9326.594869
16483.089948,740.205942,-1915.238745,9622.677246
16483.090273,74.020594,-1991.848295,9474.636058
16483.090597,222.061783,-2145.067394,9104.533087
16483.090921,518.144159,-1685.410096,9252.574275
16483.091245,1480.411884,-1455.581446,9622.677246
16483.091570,148.041188,-1378.971896,9844.739029
16483.091894,-592.164754,-1838.629195,9104.533087
16483.092218,296.082377,-1149.143247,9474.636058
16483.092543,518.144159,-995.924147,9474.636058
16483.092867,-1036.288319,-1225.752797,9548.656652
16483.093191,-1110.308913,-995.924147,9326.594869
16483.093516,-296.082377,-459.657299,8956.491898
16483.093840,-740.205942,-459.657299,9474.636058
16483.094164,-518.144159,0.000000,9844.739029
16483.094489,-370.102971,0.000000,9326.594869
16483.094813,-444.123565,459.657299,9178.553681
16483.095137,0.000000,1225.752797,9622.677246
16483.095461,592.164754,1072.533697,10214.842000
16483.095786,-666.185348,1225.752797,9622.677246
16483.096110,-666.185348,1608.800546,9474.636058
16483.096434,222.061783,1762.019645,9252.574275
16483.096759,0.000000,2068.457845,9400.615463
16483.097083,-962.267725,2298.286494,9104.533087
16483.097407,-1332.370696,2528.115143,8216.285956
16483.097732,-1036.288319,3294.210641,8512.368333
16483.098056,-592.164754,3217.601092,8808.450710
16483.098380,-666.185348,4060.306139,8956.491898
16483.098705,-1332.370696,3830.477490,8438.347739
16483.099029,-888.247130,3294.210641,7846.182985
16483.099353,0.000000,4596.572988,8808.450710
16483.099677,-740.205942,3907.087040,8512.368333
16483.100002,-1628.453072,3294.210641,8364.327145
16483.100326,-1184.329507,3370.820191,8290.306550
16483.100650,-444.123565,3370.820191,8586.388927
16483.100975,-1184.329507,2681.334243,9104.533087
16483.101299,-888.247130,2604.724693,8364.327145
16483.101623,-296.082377,2911.162892,8438.347739
16483.101948,-74.020594,2451.505594,8586.388927
16483.102272,-222.061783,2145.067394,9474.636058
16483.102596,444.123565,1838.629195,9326.594869
16483.102921,296.082377,1685.410096,9252.574275
16483.103245,1332.370696,1532.190996,9696.697840
16483.103569,2146.597232,1225.752797,9992.780217
16483.103893,518.144159,459.657299,9696.697840
16483.104218,666.185348,0.000000,9622.677246
16483.104542,1184.329507,153.219100,9696.697840
16483.104866,1110.308913,-536.266849,9992.780217
16483.105191,0.000000,-919.314598,10214.842000
16483.105515,-296.082377,-689.485948,9696.697840
16483.105839,444.123565,-1072.533697,9548.656652
16483.106164,296.082377,-1149.143247,9770.718434
16483.106488,518.144159,-842.705048,9918.759623
16483.106812,0.000000,-536.266849,9474.636058
16483.107137,0.000000,-995.924147,9252.574275
16483.107461,1258.350101,-1225.752797,9474.636058
16483.107785,518.144159,-1608.800546,9400.615463
16483.108109,-962.267725,-2068.457845,9030.512492
16483.108434,-296.082377,-1762.019645,8586.388927
16483.108758,666.185348,-1991.848295,9030.512492
16483.109082,-222.061783,-2451.505594,9326.594869
16483.109407,-888.247130,-2451.505594,9030.512492
16483.109731,74.020594,-2298.286494,8734.430116
16483.110055,518.144159,-2374.896044,9104.533087
16483.110380,148.041188,-1838.629195,9770.718434
16483.110704,1110.308913,-1532.190996,9474.636058
16483.111028,814.226536,-1225.752797,9474.636058
16483.111353,1480.411884,-1302.362347,9474.636058
16483.111677,2294.638420,-689.485948,10288.862594
16483.112001,1406.391290,-766.095498,10214.842000
16483.112325,888.247130,-919.314598,9918.759623
16483.112650,1480.411884,-229.828649,9992.780217
16483.112974,1036.288319,0.000000,10140.821405
16483.113298,444.123565,-612.876398,10510.924376
16483.113623,0.000000,-229.828649,9474.636058
16483.113947,-444.123565,229.828649,9474.636058
16483.114271,-518.144159,306.438199,9770.718434
16483.114596,-370.102971,919.314598,9844.739029
16483.114920,-666.185348,1149.143247,9400.615463
16483.115244,-592.164754,1378.971896,8660.409521
16483.115569,74.020594,2757.943793,8956.491898
16483.115893,0.000000,2221.676944,8808.450710
16483.116217,-1036.288319,2145.067394,8660.409521
16483.116541,-1110.308913,2604.724693,8068.244768
16483.116866,-296.082377,2681.334243,8364.327145
16483.117190,-962.267725,2911.162892,8660.409521
16483.117514,-1628.453072,2987.772442,8438.347739
16483.117839,-1332.370696,3370.820191,7698.141797
16483.118163,-666.185348,2757.943793,8364.327145
16483.118487,-592.164754,2987.772442,8808.450710
16483.118812,-518.144159,2987.772442,8734.430116
16483.119136,-1036.288319,3064.381992,8438.347739
16483.119460,0.000000,3524.039291,8808.450710
16483.119785,1110.308913,3600.648841,9400.615463
16483.120109,0.000000,3064.381992,9770.718434
16483.120433,-518.144159,2757.943793,9474.636058
16483.120758,222.061783,2451.505594,9252.574275
16483.121082,370.102971,1991.848295,9474.636058
16483.121406,-296.082377,1838.629195,9622.677246
16483.121730,-592.164754,1378.971896,9252.574275
16483.122055,-296.082377,1838.629195,9030.512492
16483.122379,148.041188,1072.533697,9104.533087
16483.122703,296.082377,1072.533697,9326.594869
16483.123028,-148.041188,306.438199,9400.615463
16483.123352,0.000000,0.000000,9030.512492
16483.123676,1184.329507,76.609550,9548.656652
16483.124001,1332.370696,-536.266849,10066.800811
16483.124325,814.226536,-689.485948,9622.677246
16483.124649,222.061783,-995.924147,9252.574275
16483.124974,1184.329507,-536.266849,9252.574275
16483.125298,962.267725,-1455.581446,9918.759623
16483.125622,74.020594,-1532.190996,9770.718434
16483.125946,444.123565,-1225.752797,9474.636058
16483.126271,666.185348,-1685.410096,9400.615463
16483.126595,888.247130,-1915.238745,9474.636058
16483.126919,888.247130,-1608.800546,9474.636058
16483.127244,444.123565,-1302.362347,9104.533087
16483.127568,1184.329507,-1608.800546,9104.533087
16483.127892,1776.494261,-1608.800546,9992.780217
16483.128217,666.185348,-1991.848295,9696.697840
16483.128541,0.000000,-2221.676944,9178.553681
16483.128865,518.144159,-1915.238745,8956.491898
16483.129190,518.144159,-1608.800546,9400.615463
16483.129514,-444.123565,-2068.457845,9400.615463
16483.129838,-740.205942,-1762.019645,9030.512492
16483.130162,-518.144159,-1225.752797,9104.533087
16483.130487,-444.123565,-995.924147,9252.574275
16483.130811,-592.164754,-995.924147,9474.636058
16483.131135,-518.144159,-459.657299,9548.656652
16483.131460,-444.123565,-459.657299,8734.430116
16483.131784,444.123565,536.266849,9770.718434
16483.132108,740.205942,0.000000,10140.821405
16483.132433,-740.205942,306.438199,9770.718434
16483.132757,-888.247130,842.705048,9622.677246
16483.133081,-296.082377,842.705048,9696.697840
16483.133406,-444.123565,1072.533697,9622.677246
16483.133730,-1406.391290,1225.752797,9474.636058
16483.134054,-888.247130,2298.286494,9474.636058
16483.134378,-740.205942,2068.457845,8586.388927
16483.134703,-370.102971,2451.505594,9252.574275
16483.135027,-370.102971,2987.772442,9030.512492
16483.135351,-592.164754,3447.429741,8808.450710
16483.135676,-1110.308913,3753.867940,8290.306550
16483.136000,296.082377,3677.258390,8660.409521
16483.136324,-148.041188,3907.087040,8586.388927
16483.136649,-1258.350101,3524.039291,8068.244768
16483.136973,-888.247130,3753.867940,8586.388927
16483.137297,-370.102971,3294.210641,8586.388927
16483.137622,-1554.432478,3140.991542,8734.430116
16483.137946,-2072.576638,2834.553343,8586.388927
16483.138270,-888.247130,2451.505594,7994.224174
16483.138594,-814.226536,2987.772442,8438.347739
16483.138919,-518.144159,2987.772442,8956.491898
16483.139243,-370.102971,2681.334243,9178.553681
16483.139567,-444.123565,2528.115143,8808.450710
16483.139892,740.205942,2451.505594,9104.533087
16483.140216,1554.432478,2298.286494,9696.697840
16483.140540,518.144159,1838.629195,9474.636058
16483.140865,148.041188,1532.190996,9474.636058
16483.141189,1332.370696,1532.190996,9548.656652
16483.141513,814.226536,306.438199,9992.780217
16483.141838,74.020594,306.438199,9770.718434
16483.142162,148.041188,-153.219100,9474.636058
16483.142486,222.061783,-229.828649,9622.677246
16483.142810,370.102971,-383.047749,10140.821405
16483.143135,888.247130,-383.047749,9992.780217
16483.143459,592.164754,-1608.800546,9992.780217
16483.143783,0.000000,-842.705048,9104.533087
16483.144108,1702.473667,-459.657299,10066.800811
16483.144432,888.247130,-995.924147,9918.759623
16483.144756,-518.144159,-1608.800546,9400.615463
16483.145081,0.000000,-1302.362347,9104.533087
16483.145405,1036.288319,-1072.533697,9030.512492
16483.145729,-296.082377,-1762.019645,9030.512492
16483.146054,-518.144159,-2451.505594,9104.533087
16483.146378,0.000000,-1685.410096,8438.347739
16483.146702,148.041188,-2221.676944,8734.430116
16483.147026,222.061783,-2145.067394,9326.594869
16483.147351,666.185348,-1915.238745,8956.491898
16483.147675,518.144159,-1608.800546,8882.471304
16483.147999,1184.329507,-1685.410096,8808.450710
16483.148324,2442.679609,-1532.190996,9992.780217
16483.148648,1332.370696,-2068.457845,9844.739029
16483.148972,666.185348,-1532.190996,9696.697840
16483.149297,1110.308913,-995.924147,9844.739029
16483.149621,1258.350101,-1302.362347,9992.780217
16483.149945,444.123565,-1302.362347,10584.944971
16483.150270,0.000000,-1302.362347,9548.656652
16483.150594,0.000000,-1072.533697,9474.636058
16483.150918,444.123565,-612.876398,10214.842000
16483.151242,370.102971,-306.438199,10288.862594
16483.151567,-370.102971,0.000000,9770.718434
16483.151891,-518.144159,306.438199,9326.594869
16483.152215,962.267725,1149.143247,9474.636058
16483.152540,888.247130,1302.362347,10066.800811
16483.152864,-962.267725,1532.190996,9178.553681
16483.153188,-518.144159,1225.752797,9030.512492
16483.153513,74.020594,2068.457845,8956.491898
16483.153837,-444.123565,1991.848295,9030.512492
16483.154161,-1554.432478,2298.286494,8586.388927
16483.154486,-1332.370696,3217.601092,8142.265362
16483.154810,-888.247130,3217.601092,8882.471304
16483.155134,-296.082377,3370.820191,8438.347739
16483.155459,-740.205942,3830.477490,8512.368333
16483.155783,-1776.494261,3600.648841,8438.347739
16483.156107,-740.205942,3907.087040,8290.306550
16483.156431,444.123565,3830.477490,9178.553681
16483.156756,-962.267725,3600.648841,9104.533087
16483.157080,-1628.453072,3753.867940,7994.224174
16483.157404,-592.164754,3600.648841,8438.347739
16483.157729,0.000000,2987.772442,8882.471304
16483.158053,-1110.308913,2298.286494,9622.677246
16483.158377,-1036.288319,2068.457845,8882.471304
16483.158702,-370.102971,2298.286494,8956.491898
16483.159026,0.000000,1608.800546,9252.574275
16483.159350,148.041188,1532.190996,9400.615463
16483.159675,962.267725,1991.848295,9918.759623
16483.159999,148.041188,1072.533697,8438.347739
16483.160323,1110.308913,995.924147,9178.553681
16483.160647,1998.556043,842.705048,9918.759623
16483.160972,444.123565,76.609550,9696.697840
16483.161296,222.061783,-383.047749,9696.697840
16483.161620,1406.391290,-229.828649,9770.718434
16483.161945,740.205942,-1149.143247,9992.780217
16483.162269,-370.102971,-1072.533697,9548.656652
16483.162593,0.000000,-1302.362347,9474.636058
16483.162918,518.144159,-1455.581446,9474.636058
16483.163242,1036.288319,-1225.752797,9844.739029
16483.163566,814.226536,-1302.362347,9918.759623
16483.163891,222.061783,-1762.019645,9252.574275
16483.164215,814.226536,-1762.019645,9252.574275
16483.164539,1850.514855,-1455.581446,9474.636058
16483.164863,1406.391290,-1608.800546,9992.780217
16483.165188,0.000000,-1991.848295,9474.636058
16483.165512,444.123565,-1762.019645,8882.471304
16483.165836,1184.329507,-2298.286494,9474.636058
16483.166161,296.082377,-1991.848295,9844.739029
16483.166485,-296.082377,-2374.896044,9474.636058
16483.166809,370.102971,-1838.629195,8956.491898
16483.167134,0.000000,-1838.629195,9622.677246
16483.167458,592.164754,-1455.581446,10066.800811
16483.167782,0.000000,-1225.752797,9844.739029
16483.168107,-444.123565,-612.876398,9030.512492
16483.168431,962.267725,-153.219100,9474.636058
16483.168755,1332.370696,-383.047749,10066.800811
16483.169079,-296.082377,-229.828649,9844.739029
16483.169404,-888.247130,0.000000,9400.615463
16483.169728,-296.082377,459.657299,9474.636058
16483.170052,-518.144159,0.000000,9844.739029
16483.170377,-1332.370696,0.000000,9548.656652
16483.170701,-1628.453072,536.266849,9400.615463
16483.171025,-1702.473667,1225.752797,8956.491898
16483.171350,-1258.350101,1072.533697,9326.594869
16483.171674,-370.102971,1532.190996,9178.553681
16483.171998,-814.226536,2451.505594,9030.512492
16483.172323,-888.247130,2681.334243,8808.450710
16483.172647,592.164754,3370.820191,8956.491898
16483.172971,148.041188,2528.115143,9474.636058
16483.173295,-962.267725,3140.991542,8364.327145
16483.173620,-444.123565,4136.915689,8438.347739
16483.173944,0.000000,3524.039291,8808.450710
16483.174268,-1110.308913,2987.772442,8882.471304
16483.174593,-1554.432478,3064.381992,8956.491898
16483.174917,-1332.370696,3370.820191,8290.306550
16483.175241,-666.185348,3140.991542,8660.409521
16483.175566,-666.185348,3370.820191,8882.471304
16483.175890,-1258.350101,3677.258390,8808.450710
16483.176214,-666.185348,2451.505594,8586.388927
16483.176539,222.061783,3140.991542,8882.471304
16483.176863,888.247130,3140.991542,9326.594869
16483.177187,-296.082377,2911.162892,9326.594869
16483.177511,-370.102971,2834.553343,8882.471304
16483.177836,666.185348,2757.943793,8882.471304
16483.178160,592.164754,2221.676944,8956.491898
16483.178484,-814.226536,1302.362347,9326.594869
16483.178809,-444.123565,1072.533697,9104.533087
16483.179133,0.000000,536.266849,9326.594869
16483.179457,296.082377,536.266849,9474.636058
16483.179782,444.123565,229.828649,9696.697840
16483.180106,0.000000,0.000000,9622.677246
16483.180430,444.123565,-76.609550,9844.739029
16483.180755,1702.473667,0.000000,10214.842000
16483.181079,1406.391290,-306.438199,10362.883188
16483.181403,0.000000,-1149.143247,10140.821405
16483.181727,0.000000,-842.705048,9548.656652
16483.182052,1184.329507,-842.705048,9770.718434
16483.182376,296.082377,-1378.971896,9918.759623
16483.182700,-592.164754,-2068.457845,9474.636058
16483.183025,-444.123565,-1608.800546,8586.388927
16483.183349,0.000000,-1608.800546,8660.409521
16483.183673,0.000000,-1762.019645,9474.636058
16483.183998,518.144159,-1455.581446,9104.533087
16483.184322,0.000000,-1762.019645,8586.388927
16483.184646,444.123565,-1762.019645,8956.491898
16483.184971,1702.473667,-1762.019645,9326.594869
16483.185295,740.205942,-1762.019645,8734.430116
16483.185619,296.082377,-1991.848295,8882.471304
16483.185943,592.164754,-1608.800546,9474.636058
16483.186268,740.205942,-2145.067394,9622.677246
16483.186592,74.020594,-2145.067394,9844.739029
16483.186916,222.061783,-1762.019645,9918.759623
16483.187241,370.102971,-1455.581446,9178.553681
16483.187565,0.000000,-1608.800546,9844.739029
16483.187889,888.247130,-1608.800546,10288.862594
16483.188213,888.247130,-383.047749,9696.697840
16483.188538,370.102971,-153.219100,9770.718434
16483.188862,1184.329507,76.609550,9992.780217
16483.189186,1554.432478,0.000000,10214.842000
16483.189511,222.061783,229.828649,9918.759623
16483.189835,-148.041188,229.828649,9474.636058
16483.190159,592.164754,1149.143247,9844.739029
16483.190483,0.000000,1149.143247,9474.636058
16483.190808,-740.205942,1225.752797,9622.677246
16483.191132,-888.247130,2068.457845,8808.450710
16483.191456,-518.144159,2068.457845,8512.368333
16483.191781,-296.082377,3140.991542,8808.450710
16483.192105,-1036.288319,3370.820191,8586.388927
16483.192429,-1332.370696,3753.867940,8586.388927
16483.192753,-666.185348,3524.039291,7772.162391
16483.193078,296.082377,3907.087040,8438.347739
16483.193402,-888.247130,3600.648841,8660.409521
16483.193726,-1850.514855,3217.601092,8068.244768
16483.194051,-962.267725,3370.820191,8216.285956
16483.194375,-296.082377,3217.601092,8364.327145
16483.194699,-1554.432478,2757.943793,8216.285956
16483.195023,-2220.617826,2987.772442,8216.285956
16483.195348,-1258.350101,2681.334243,8290.306550
16483.195672,-1110.308913,2374.896044,8882.471304
16483.195996,-666.185348,2221.676944,9474.636058
16483.196321,-444.123565,2374.896044,9474.636058
16483.196645,-296.082377,2145.067394,8734.430116
16483.196969,1406.391290,2374.896044,9400.615463
16483.197293,2072.576638,2145.067394,9918.759623
16483.197618,444.123565,1149.143247,9622.677246
16483.197942,296.082377,459.657299,9474.636058
16483.198266,1554.432478,766.095498,9844.739029
16483.198591,962.267725,229.828649,9992.780217
16483.198915,0.000000,0.000000,9696.697840
16483.199239,-444.123565,-459.657299,9622.677246
16483.199563,592.164754,-1072.533697,9474.636058
16483.199888,666.185348,-766.095498,10066.800811
16483.200212,518.144159,-766.095498,9992.780217
16483.200536,370.102971,-842.705048,9474.636058
16483.200861,666.185348,-612.876398,9474.636058
16483.201185,1850.514855,-1608.800546,9622.677246
16483.201509,1036.288319,-995.924147,9474.636058
16483.201833,148.041188,-1378.971896,8808.450710
16483.202158,444.123565,-1149.143247,8660.409521
16483.202482,888.247130,-1685.410096,8808.450710
16483.202806,0.000000,-2145.067394,9104.533087
16483.203131,-222.061783,-2221.676944,9030.512492
16483.203455,296.082377,-1915.238745,8660.409521
16483.203779,0.000000,-1915.238745,9696.697840
16483.204103,814.226536,-1838.629195,9548.656652
16483.204428,592.164754,-1762.019645,9770.718434
16483.204752,814.226536,-1685.410096,9696.697840
16483.205076,1332.370696,-1455.581446,10066.800811
16483.205401,1480.411884,-919.314598,10510.924376
16483.205725,666.185348,-1762.019645,9844.739029
16483.206049,-74.020594,-689.485948,9474.636058
16483.206373,518.144159,0.000000,9770.718434
16483.206698,74.020594,-459.657299,9770.718434
16483.207022,-1184.329507,-766.095498,9844.739029
16483.207346,-1258.350101,-306.438199,9474.636058
16483.207671,-962.267725,76.609550,9178.553681
16483.207995,-1184.329507,459.657299,9400.615463
16483.208319,-1184.329507,306.438199,9030.512492
16483.208643,-1702.473667,1149.143247,9400.615463
16483.208968,-740.205942,1608.800546,8734.430116
16483.209292,296.082377,2145.067394,9030.512492
16483.209616,0.000000,2145.067394,9252.574275
16483.209940,-1110.308913,2298.286494,8660.409521
16483.210265,-296.082377,2068.457845,8808.450710
16483.210589,666.185348,2757.943793,9030.512492
16483.210913,-814.226536,2604.724693,9474.636058
16483.211238,-1480.411884,2757.943793,8438.347739
16483.211562,-888.247130,2911.162892,8438.347739
16483.211886,-370.102971,3140.991542,8734.430116
16483.212210,-592.164754,3064.381992,9104.533087
16483.212535,0.000000,3294.210641,9030.512492
16483.212859,-888.247130,3830.477490,8290.306550
16483.213183,0.000000,3524.039291,8290.306550
16483.213508,1184.329507,3294.210641,9252.574275
16483.213832,74.020594,2911.162892,9326.594869
16483.214156,0.000000,2451.505594,8512.368333
16483.214480,888.247130,2374.896044,8956.491898
16483.214805,962.267725,2068.457845,8882.471304
16483.215129,444.123565,1302.362347,8808.450710
16483.215453,222.061783,1302.362347,8586.388927
16483.215778,1036.288319,919.314598,8438.347739
16483.216102,1110.308913,689.485948,9400.615463
16483.216426,1702.473667,153.219100,9622.677246
16483.216750,1628.453072,0.000000,9474.636058
16483.217075,1554.432478,-766.095498,9104.533087
16483.217399,3034.844362,-1149.143247,9622.677246
16483.217723,2960.823768,-842.705048,9548.656652
16483.218048,2220.617826,-2145.067394,9474.636058
16483.218372,2220.617826,-2145.067394,9474.636058
16483.218696,2960.823768,-2451.505594,9770.718434
16483.219020,2516.700203,-3140.991542,10140.821405
16483.219345,2146.597232,-2911.162892,10140.821405
16483.219669,2146.597232,-3677.258390,9474.636058
16483.219993,1924.535449,-3600.648841,9992.780217
16483.220318,1702.473667,-3830.477490,10807.006753
16483.220642,814.226536,-3983.696590,11029.068536
16483.220966,148.041188,-3830.477490,10140.821405
16483.221290,666.185348,-3140.991542,10436.903782
16483.221615,1258.350101,-2528.115143,11177.109724
16483.221939,0.000000,-2834.553343,10658.965565
16483.222263,-592.164754,-2757.943793,10066.800811
16483.222588,74.020594,-1838.629195,9622.677246
16483.222912,0.000000,-1991.848295,9400.615463
16483.223236,-1776.494261,-1838.629195,9252.574275
16483.223560,-1776.494261,-1532.190996,8364.327145
16483.223885,-1110.308913,-1762.019645,8290.306550
16483.224209,-740.205942,-1225.752797,8438.347739
16483.224533,-740.205942,-459.657299,8364.327145
16483.224858,-444.123565,459.657299,8068.244768
16483.225182,-74.020594,0.000000,7624.121203
16483.225506,1110.308913,536.266849,8290.306550
16483.225830,2072.576638,766.095498,7994.224174
16483.226155,1184.329507,612.876398,7920.203579
16483.226479,1184.329507,1072.533697,7772.162391
16483.226803,2220.617826,1378.971896,8216.285956
16483.227128,2220.617826,995.924147,9030.512492
16483.227452,1702.473667,766.095498,9178.553681
16483.227776,1850.514855,1685.410096,9400.615463
16483.228100,2516.700203,1378.971896,9622.677246
16483.228425,2664.741391,1302.362347,10140.821405
16483.228749,2664.741391,1302.362347,10584.944971
16483.229073,2516.700203,1838.629195,10066.800811
16483.229398,3108.864956,919.314598,9992.780217
16483.229722,3775.050304,1378.971896,10214.842000
16483.230046,3108.864956,1302.362347,10510.924376
16483.230370,1776.494261,995.924147,9844.739029
16483.230695,2072.576638,842.705048,9770.718434
16483.231019,2294.638420,1072.533697,10140.821405
16483.231343,1184.329507,1302.362347,9400.615463
16483.231668,222.061783,153.219100,9400.615463
16483.231992,296.082377,612.876398,8438.347739
16483.232316,0.000000,306.438199,8956.491898
16483.232640,0.000000,842.705048,9326.594869
16483.232965,-444.123565,1072.533697,8882.471304
16483.233289,-1036.288319,459.657299,8660.409521
16483.233613,-1036.288319,1685.410096,8586.388927
16483.233937,-740.205942,1072.533697,8586.388927
16483.234262,-1924.535449,995.924147,8364.327145
16483.234586,-2442.679609,689.485948,8142.265362
16483.234910,-2442.679609,766.095498,8586.388927
16483.235235,-2664.741391,612.876398,9474.636058
16483.235559,-3404.947333,0.000000,9400.615463
16483.235883,-3404.947333,153.219100,9178.553681
16483.236207,-3701.029710,306.438199,9326.594869
16483.236532,-2886.803174,383.047749,9770.718434
16483.236856,-2738.761985,153.219100,9918.759623
16483.237180,-2812.782580,0.000000,9474.636058
16483.237505,-2146.597232,612.876398,9474.636058
16483.237829,-518.144159,689.485948,9696.697840
16483.238153,-296.082377,612.876398,9474.636058
16483.238477,-1258.350101,306.438199,8808.450710
16483.238802,-740.205942,306.438199,9030.512492
16483.239126,296.082377,229.828649,9400.615463
16483.239450,-296.082377,-383.047749,9178.553681
16483.239775,-592.164754,-536.266849,8956.491898
16483.240099,222.061783,0.000000,8586.388927
16483.240423,1110.308913,-306.438199,8956.491898
16483.240747,1554.432478,0.000000,9178.553681
16483.241072,2220.617826,0.000000,9400.615463
16483.241396,2294.638420,306.438199,9030.512492
16483.241720,3404.947333,612.876398,9400.615463
16483.242045,4071.132681,536.266849,9696.697840
16483.242369,3330.926739,536.266849,9844.739029
16483.242693,3182.885551,842.705048,9326.594869
16483.243017,3701.029710,306.438199,9104.533087
16483.243342,3627.009116,306.438199,9622.677246
16483.243666,2664.741391,0.000000,9918.759623
16483.243990,2220.617826,153.219100,9696.697840
16483.244315,1998.556043,76.609550,9474.636058
16483.244639,1628.453072,0.000000,10066.800811
16483.244963,1332.370696,383.047749,9400.615463
16483.245287,814.226536,306.438199,9696.697840
16483.245612,74.020594,0.000000,8956.491898
16483.245936,740.205942,0.000000,9104.533087
16483.246260,814.226536,459.657299,9400.615463
16483.246585,-888.247130,306.438199,9252.574275
16483.246909,-1184.329507,76.609550,8734.430116
16483.247233,-222.061783,459.657299,8734.430116
16483.247557,-962.267725,-766.095498,9178.553681
16483.247882,-1998.556043,76.609550,8956.491898
16483.248206,-2368.659014,0.000000,8586.388927
16483.248530,-2072.576638,153.219100,9178.553681
16483.248855,-1924.535449,306.438199,9622.677246
16483.249179,-2146.597232,76.609550,9548.656652
16483.249503,-2368.659014,229.828649,8882.471304
16483.249827,-1480.411884,536.266849,9252.574275
16483.250152,-1406.391290,1455.581446,9770.718434
16483.250476,-1850.514855,842.705048,9548.656652
16483.250800,-2664.741391,995.924147,9326.594869
16483.251125,-2072.576638,1225.752797,9400.615463
16483.251449,-1702.473667,1302.362347,9474.636058
16483.251773,-2516.700203,919.314598,9474.636058
16483.252097,-2368.659014,1225.752797,8882.471304
16483.252422,-1924.535449,1838.629195,8512.368333
16483.252746,-2146.597232,1455.581446,8512.368333
16483.253070,-1332.370696,1455.581446,8956.491898
16483.253395,-1110.308913,1455.581446,8808.450710
16483.253719,-814.226536,1608.800546,8586.388927
16483.254043,1036.288319,2451.505594,9030.512492
16483.254367,1628.453072,1378.971896,9252.574275
16483.254692,518.144159,995.924147,8512.368333
16483.255016,1036.288319,1915.238745,8808.450710
16483.255340,2368.659014,1915.238745,8808.450710
16483.255664,2220.617826,1455.581446,9178.553681
16483.255989,1332.370696,1225.752797,8808.450710
16483.256313,1776.494261,1608.800546,8734.430116
16483.256637,2368.659014,1685.410096,8512.368333
16483.256962,2516.700203,2145.067394,9400.615463
16483.257286,2368.659014,1072.533697,9178.553681
16483.257610,1924.535449,995.924147,9474.636058
16483.257934,2590.720797,995.924147,9178.553681
16483.258259,3552.988522,536.266849,9918.759623
16483.258583,2442.679609,459.657299,9992.780217
16483.258907,1702.473667,459.657299,9252.574275
16483.259232,2220.617826,0.000000,9400.615463
16483.259556,2294.638420,-1225.752797,9474.636058
16483.259880,1258.350101,-1149.143247,9992.780217
16483.260204,814.226536,-1225.752797,9548.656652
16483.260529,888.247130,-1302.362347,9326.594869
16483.260853,814.226536,-1302.362347,9696.697840
16483.261177,740.205942,-1991.848295,9770.718434
16483.261502,296.082377,-1378.971896,9622.677246
16483.261826,-296.082377,-1378.971896,9104.533087
16483.262150,296.082377,-1149.143247,10066.800811
16483.262474,148.041188,-1072.533697,9918.759623
16483.262799,-1332.370696,-1532.190996,9918.759623
16483.263123,-1924.535449,-1302.362347,9474.636058
16483.263447,-1702.473667,-1302.362347,9474.636058
16483.263772,-1850.514855,-1302.362347,9326.594869
16483.264096,-3034.844362,-1302.362347,9474.636058
16483.264420,-3478.967927,-612.876398,9030.512492
16483.264744,-3108.864956,-536.266849,8882.471304
16483.265069,-2738.761985,-306.438199,9326.594869
16483.265393,-2442.679609,76.609550,9400.615463
16483.265717,-2368.659014,383.047749,9104.533087
16483.266042,-1924.535449,1225.752797,8734.430116
16483.266366,-888.247130,842.705048,9326.594869
16483.266690,-814.226536,1302.362347,9400.615463
16483.267014,-1628.453072,1455.581446,9252.574275
16483.267339,-1110.308913,1685.410096,8660.409521
16483.267663,0.000000,1762.019645,8956.491898
16483.267987,-740.205942,1762.019645,9178.553681
16483.268312,-1110.308913,1915.238745,8882.471304
16483.268636,-74.020594,2604.724693,8512.368333
16483.268960,0.000000,2374.896044,8808.450710
16483.269284,296.082377,2451.505594,9104.533087
16483.269609,222.061783,2987.772442,8956.491898
16483.269933,74.020594,3064.381992,9326.594869
16483.270257,1036.288319,3140.991542,9030.512492
16483.270582,1628.453072,3524.039291,9770.718434
16483.270906,1110.308913,2068.457845,9548.656652
16483.271230,518.144159,3064.381992,9104.533087
16483.271554,1332.370696,3217.601092,9400.615463
16483.271879,1406.391290,2911.162892,9474.636058
16483.272203,296.082377,2604.724693,9178.553681
16483.272527,296.082377,2757.943793,9178.553681
16483.272852,888.247130,3064.381992,9326.594869
16483.273176,888.247130,2604.724693,9400.615463
16483.273500,1036.288319,2451.505594,9844.739029
16483.273824,1110.308913,2221.676944,9178.553681
16483.274149,740.205942,1915.238745,8586.388927
16483.274473,1924.535449,2221.676944,9252.574275
16483.274797,1850.514855,1685.410096,9400.615463
16483.275122,0.000000,995.924147,8808.450710
16483.275446,518.144159,689.485948,8512.368333
16483.275770,888.247130,229.828649,8438.347739
16483.276094,0.000000,-306.438199,9474.636058
16483.276419,-814.226536,-1149.143247,8956.491898
16483.276743,-962.267725,-842.705048,8660.409521
16483.277067,-740.205942,-1378.971896,9104.533087
16483.277392,-444.123565,-1532.190996,9400.615463
16483.277716,-740.205942,-1302.362347,9696.697840
16483.278040,-814.226536,-1225.752797,9696.697840
16483.278364,0.000000,-1838.629195,9844.739029
16483.278689,370.102971,-2068.457845,10362.883188
16483.279013,-370.102971,-2451.505594,10436.903782
16483.279337,-1036.288319,-2068.457845,10214.842000
16483.279661,-148.041188,-2604.724693,10140.821405
16483.279986,-222.061783,-1991.848295,10436.903782
16483.280310,-1036.288319,-2604.724693,9844.739029
16483.280634,-962.267725,-2221.676944,9548.656652
16483.280959,-666.185348,-1915.238745,9474.636058
16483.281283,-444.123565,-1838.629195,9770.718434
16483.281607,74.020594,-1762.019645,9844.739029
16483.281931,0.000000,-1302.362347,9104.533087
16483.282256,0.000000,-919.314598,9104.533087
16483.282580,1480.411884,-612.876398,9252.574275
16483.282904,1258.350101,229.828649,9474.636058
16483.283229,-148.041188,-153.219100,9030.512492
16483.283553,-148.041188,383.047749,9030.512492
16483.283877,814.226536,459.657299,8438.347739
16483.284201,222.061783,842.705048,9030.512492
16483.284526,-370.102971,919.314598,8882.471304
16483.284850,0.000000,1762.019645,8068.244768
16483.285174,444.123565,1685.410096,8364.327145
16483.285499,370.102971,1762.019645,9104.533087
16483.285823,592.164754,1991.848295,9252.574275
16483.286147,296.082377,2298.286494,8956.491898
16483.286471,592.164754,2451.505594,8808.450710
16483.286796,1776.494261,2757.943793,10140.821405
16483.287120,814.226536,2604.724693,9696.697840
16483.287444,-370.102971,1991.848295,9178.553681
16483.287769,592.164754,2757.943793,9474.636058
16483.288093,1036.288319,2911.162892,9918.759623
16483.288417,74.020594,2528.115143,9992.780217
16483.288742,0.000000,2757.943793,9252.574275
16483.289066,222.061783,3140.991542,9104.533087
16483.289390,0.000000,3370.820191,9104.533087
16483.289715,0.000000,2834.553343,9178.553681
16483.290039,-222.061783,2221.676944,8956.491898
16483.290363,-814.226536,2528.115143,8290.306550
16483.290687,0.000000,2834.553343,8734.430116
16483.291012,370.102971,2374.896044,8882.471304
16483.291336,-1110.308913,2298.286494,8808.450710
16483.291660,-1480.411884,1838.629195,8586.388927
16483.291985,-518.144159,1608.800546,8660.409521
16483.292309,-592.164754,1149.143247,9030.512492
16483.292633,-1480.411884,1072.533697,8882.471304
16483.292958,-1480.411884,689.485948,8808.450710
16483.293282,-1110.308913,536.266849,8660.409521
16483.293606,-518.144159,842.705048,9400.615463
16483.293931,-666.185348,842.705048,8956.491898
16483.294255,-1258.350101,-306.438199,9104.533087
16483.294579,148.041188,-536.266849,9030.512492
16483.294904,962.267725,-536.266849,9622.677246
16483.295228,222.061783,-1149.143247,10288.862594
16483.295552,-296.082377,-1532.190996,9548.656652
16483.295876,296.082377,-1915.238745,9622.677246
16483.296201,1036.288319,-2221.676944,9622.677246
16483.296525,666.185348,-2451.505594,10214.842000
16483.296849,296.082377,-2604.724693,9474.636058
16483.297174,1332.370696,-2528.115143,9400.615463
16483.297498,1184.329507,-2451.505594,9918.759623
16483.297822,1628.453072,-2451.505594,10066.800811
16483.298147,2072.576638,-2298.286494,10362.883188
16483.298471,2220.617826,-1991.848295,9474.636058
16483.298795,2368.659014,-1608.800546,9770.718434
16483.299120,3330.926739,-1455.581446,9918.759623
16483.299444,1776.494261,-1991.848295,9844.739029
16483.299768,1184.329507,-1608.800546,9326.594869
16483.300093,1776.494261,-1149.143247,9622.677246
16483.300417,1332.370696,-1225.752797,9548.656652
16483.300741,222.061783,-1838.629195,9400.615463
16483.301065,-370.102971,-995.924147,8734.430116
16483.301390,74.020594,-306.438199,9178.553681
16483.301714,-148.041188,-306.438199,9252.574275
16483.302038,-148.041188,-153.219100,9696.697840
16483.302363,-1036.288319,383.047749,9326.594869
16483.302687,-666.185348,1149.143247,8882.471304
16483.303011,518.144159,1302.362347,9252.574275
16483.303336,74.020594,1532.190996,9696.697840
16483.303660,-1110.308913,919.314598,9030.512492
16483.303984,-1184.329507,2374.896044,8586.388927
16483.304309,-666.185348,2298.286494,9104.533087
16483.304633,-1628.453072,1838.629195,9474.636058
16483.304957,-1924.535449,2298.286494,8882.471304
16483.305281,-1480.411884,2987.772442,8586.388927
16483.305606,-1850.514855,2911.162892,8438.347739
16483.305930,-1554.432478,2987.772442,8660.409521
16483.306254,-1110.308913,3524.039291,9030.512492
16483.306579,-1406.391290,3370.820191,8808.450710
16483.306903,-888.247130,3524.039291,9104.533087
16483.307227,-222.061783,3753.867940,9326.594869
16483.307552,-1332.370696,3524.039291,9178.553681
16483.307876,-2220.617826,3217.601092,9252.574275
16483.308200,-1184.329507,2911.162892,8734.430116
16483.308525,-1258.350101,3140.991542,9104.533087
16483.308849,-2368.659014,2757.943793,9178.553681
16483.309173,-2072.576638,3140.991542,8734.430116
16483.309498,-1776.494261,2834.553343,8438.347739
16483.309822,-1258.350101,2451.505594,8882.471304
16483.310146,0.000000,2987.772442,9030.512492
16483.310470,-666.185348,2604.724693,8660.409521
16483.310795,-222.061783,1991.848295,8290.306550
16483.311119,1406.391290,2374.896044,9252.574275
16483.311443,1702.473667,1915.238745,9622.677246
16483.311768,444.123565,842.705048,9548.656652
16483.312092,1110.308913,766.095498,9252.574275
16483.312416,2368.659014,536.266849,9104.533087
16483.312741,2072.576638,306.438199,9326.594869
16483.313065,666.185348,-689.485948,9104.533087
16483.313389,1258.350101,-383.047749,8956.491898
16483.313714,1628.453072,-842.705048,9178.553681
16483.314038,1554.432478,-919.314598,9844.739029
16483.314362,1554.432478,-995.924147,9474.636058
16483.314686,740.205942,-1302.362347,9400.615463
16483.315011,1480.411884,-1072.533697,9400.615463
16483.315335,2590.720797,-1302.362347,10214.842000
16483.315659,962.267725,-2298.286494,10214.842000
16483.315984,296.082377,-2528.115143,9622.677246
16483.316308,592.164754,-2451.505594,10140.821405
16483.316632,740.205942,-2681.334243,9992.780217
16483.316957,-74.020594,-3064.381992,10140.821405
16483.317281,-592.164754,-2451.505594,9400.615463
16483.317605,0.000000,-2451.505594,9252.574275
16483.317930,74.020594,-2528.115143,9992.780217
16483.318254,0.000000,-2068.457845,9992.780217
16483.318578,0.000000,-1915.238745,9770.718434
16483.318903,-74.020594,-1608.800546,9326.594869
16483.319227,592.164754,-1072.533697,9548.656652
16483.319551,740.205942,-612.876398,9992.780217
16483.319875,-592.164754,-689.485948,9326.594869
16483.320200,-1258.350101,-612.876398,8808.450710
16483.320524,-370.102971,-383.047749,9326.594869
16483.320848,-1110.308913,-459.657299,9548.656652
16483.321173,-1998.556043,0.000000,8956.491898
16483.321497,-2294.638420,842.705048,8290.306550
16483.321821,-1332.370696,842.705048,9104.533087
16483.322146,-1184.329507,919.314598,9400.615463
16483.322470,-814.226536,1915.238745,9104.533087
16483.322794,-1036.288319,2451.505594,8808.450710
16483.323119,-518.144159,2451.505594,8660.409521
16483.323443,444.123565,2911.162892,9030.512492
16483.323767,148.041188,3064.381992,9252.574275
16483.324092,-740.205942,2681.334243,8512.368333
16483.324416,222.061783,3294.210641,9030.512492
16483.324740,0.000000,2374.896044,9178.553681
16483.325064,-518.144159,2834.553343,9104.533087
16483.325389,-666.185348,2757.943793,9178.553681
16483.325713,-444.123565,3064.381992,8660.409521
16483.326037,-296.082377,3447.429741,8956.491898
16483.326362,370.102971,3447.429741,9030.512492
16483.326686,296.082377,3447.429741,8882.471304
16483.327010,296.082377,3370.820191,9326.594869
16483.327335,1258.350101,3524.039291,8956.491898
16483.327659,2146.597232,3064.381992,9770.718434
16483.327983,296.082377,2451.505594,9326.594869
16483.328308,296.082377,2987.772442,9030.512492
16483.328632,1480.411884,2757.943793,9252.574275
16483.328956,1110.308913,2221.676944,9474.636058
16483.329280,-296.082377,1225.752797,9474.636058
16483.329605,0.000000,1532.190996,9030.512492
16483.329929,444.123565,1225.752797,9252.574275
16483.330253,296.082377,1072.533697,9696.697840
16483.330578,222.061783,766.095498,9696.697840
16483.330902,-444.123565,766.095498,8808.450710
16483.331226,148.041188,459.657299,8808.450710
16483.331551,1110.308913,306.438199,9030.512492
16483.331875,592.164754,0.000000,9474.636058
16483.332199,-962.267725,-766.095498,8512.368333
16483.332524,-296.082377,-766.095498,8586.388927
16483.332848,518.144159,-1302.362347,8586.388927
16483.333172,-666.185348,-2604.724693,9474.636058
16483.333497,-888.247130,-2068.457845,9252.574275
16483.333821,74.020594,-1915.238745,9030.512492
16483.334145,0.000000,-2681.334243,9474.636058
16483.334469,370.102971,-2911.162892,10214.842000
16483.334794,592.164754,-2757.943793,10288.862594
16483.335118,888.247130,-2834.553343,9548.656652
16483.335442,1554.432478,-2451.505594,9992.780217
16483.335767,2368.659014,-1991.848295,10510.924376
16483.336091,1554.432478,-2757.943793,10436.903782
16483.336415,814.226536,-2221.676944,9918.759623
16483.336740,1110.308913,-2298.286494,9992.780217
16483.337064,888.247130,-2374.896044,10436.903782
16483.337388,0.000000,-2145.067394,9918.759623
16483.337713,-370.102971,-1378.971896,9400.615463
16483.338037,-518.144159,-1072.533697,9252.574275
16483.338361,-444.123565,-1378.971896,9474.636058
16483.338685,222.061783,-612.876398,9548.656652
16483.339010,-888.247130,0.000000,9104.533087
16483.339334,-592.164754,0.000000,8808.450710
16483.339658,666.185348,689.485948,9400.615463
16483.339983,0.000000,1608.800546,9178.553681
16483.340307,-962.267725,1532.190996,8512.368333
16483.340631,-518.144159,1838.629195,8512.368333
16483.340956,444.123565,1838.629195,8808.450710
16483.341280,-370.102971,1915.238745,9030.512492
16483.341604,-1036.288319,1915.238745,8882.471304
16483.341929,-888.247130,2528.115143,8290.306550
16483.342253,-592.164754,2451.505594,8734.430116
16483.342577,-518.144159,3370.820191,9030.512492
16483.342902,-370.102971,3140.991542,9474.636058
16483.343226,-962.267725,3217.601092,8956.491898
16483.343550,-222.061783,3753.867940,8808.450710
16483.343874,814.226536,3907.087040,9400.615463
16483.344199,-592.164754,3677.258390,9326.594869
16483.344523,-666.185348,3294.210641,9548.656652
16483.344847,-666.185348,3983.696590,9252.574275
16483.345172,-148.041188,3294.210641,9400.615463
16483.345496,-1258.350101,3064.381992,9770.718434
16483.345820,-1998.556043,3370.820191,9252.574275
16483.346145,-1554.432478,3294.210641,8956.491898
16483.346469,-1184.329507,3064.381992,9474.636058
16483.346793,-814.226536,3140.991542,9400.615463
16483.347118,-1776.494261,2911.162892,9178.553681
16483.347442,-888.247130,2451.505594,8660.409521
16483.347766,74.020594,2451.505594,8734.430116
16483.348090,518.144159,2145.067394,9252.574275
16483.348415,-1110.308913,1762.019645,8660.409521
16483.348739,-592.164754,1378.971896,8512.368333
16483.349063,592.164754,1302.362347,8216.285956
16483.349388,-222.061783,229.828649,9104.533087
16483.349712,0.000000,383.047749,9178.553681
16483.350036,148.041188,153.219100,8586.388927
16483.350361,148.041188,-229.828649,9104.533087
16483.350685,814.226536,-536.266849,9622.677246
16483.351009,1110.308913,-612.876398,9474.636058
16483.351334,592.164754,-1072.533697,9326.594869
16483.351658,1332.370696,-842.705048,9400.615463
16483.351982,2220.617826,-995.924147,9400.615463
16483.352307,1480.411884,-1838.629195,10436.903782
16483.352631,592.164754,-2451.505594,9918.759623
16483.352955,1110.308913,-1991.848295,9992.780217
16483.353279,1036.288319,-2834.553343,10362.883188
16483.353604,148.041188,-3370.820191,10658.965565
16483.353928,444.123565,-3064.381992,9474.636058
16483.354252,296.082377,-3294.210641,9326.594869
16483.354577,0.000000,-2834.553343,9770.718434
16483.354901,518.144159,-2681.334243,10066.800811
16483.355225,740.205942,-2604.724693,9992.780217
16483.355550,296.082377,-2298.286494,9622.677246
16483.355874,1332.370696,-1762.019645,9696.697840
16483.356198,1628.453072,-1532.190996,9918.759623
16483.356523,296.082377,-1378.971896,9918.759623
16483.356847,518.144159,-842.705048,9400.615463
16483.357171,1110.308913,-995.924147,9622.677246
16483.357496,296.082377,-1149.143247,9474.636058
16483.357820,-1036.288319,-995.924147,9400.615463
16483.358144,-740.205942,0.000000,8956.491898
16483.358468,-148.041188,229.828649,9252.574275
16483.358793,-222.061783,-612.876398,9622.677246
16483.359117,-592.164754,1149.143247,9696.697840
16483.359441,-1036.288319,1762.019645,9400.615463
16483.359766,-370.102971,1991.848295,9030.512492
16483.360090,296.082377,2374.896044,9474.636058
16483.360414,-296.082377,2528.115143,9252.574275
16483.360739,-1184.329507,2757.943793,8438.347739
16483.361063,-740.205942,3217.601092,8216.285956
16483.361387,-370.102971,2911.162892,8956.491898
16483.361712,-1184.329507,2681.334243,8956.491898
16483.362036,-1332.370696,2834.553343,8512.368333
16483.362360,-1036.288319,2987.772442,8364.327145
16483.362684,-1110.308913,2911.162892,8882.471304
16483.363009,-518.144159,3064.381992,9178.553681
16483.363333,-518.144159,3217.601092,8290.306550
16483.363657,-592.164754,3064.381992,8586.388927
16483.363982,370.102971,3370.820191,9030.512492
16483.364306,1036.288319,3370.820191,9326.594869
16483.364630,-444.123565,3064.381992,9030.512492
16483.364955,-518.144159,2681.334243,8808.450710
16483.365279,666.185348,2451.505594,9400.615463
16483.365603,222.061783,2145.067394,9326.594869
16483.365928,-444.123565,1991.848295,9178.553681
16483.366252,-518.144159,1762.019645,9104.533087
16483.366576,0.000000,1455.581446,9252.574275
16483.366901,0.000000,1378.971896,9696.697840
16483.367225,444.123565,1378.971896,9770.718434
16483.367549,74.020594,689.485948,9474.636058
16483.367873,0.000000,1608.800546,8882.471304
16483.368198,1406.391290,1455.581446,9400.615463
16483.368522,1406.391290,536.266849,9918.759623
16483.368846,222.061783,0.000000,9104.533087
16483.369171,444.123565,0.000000,9104.533087
16483.369495,1036.288319,-689.485948,9178.553681
16483.369819,148.041188,-1225.752797,9474.636058
16483.370144,-370.102971,-1608.800546,9178.553681
16483.370468,148.041188,-2068.457845,8734.430116
16483.370792,0.000000,-1838.629195,8956.491898
16483.371117,296.082377,-2298.286494,9474.636058
16483.371441,296.082377,-2221.676944,9400.615463
16483.371765,74.020594,-2528.115143,9400.615463
16483.372089,1036.288319,-2374.896044,9548.656652
16483.372414,1924.535449,-2681.334243,9844.739029
16483.372738,592.164754,-2757.943793,10066.800811
16483.373062,370.102971,-2604.724693,9474.636058
16483.373387,1406.391290,-2451.505594,10066.800811
16483.373711,1332.370696,-2451.505594,10436.903782
16483.374035,296.082377,-2911.162892,10066.800811
16483.374360,296.082377,-2374.896044,10066.800811
16483.374684,296.082377,-1608.800546,9844.739029
16483.375008,518.144159,-1378.971896,9770.718434
16483.375333,962.267725,-995.924147,9992.780217
16483.375657,74.020594,-1302.362347,9696.697840
16483.375981,0.000000,-536.266849,9326.594869
16483.376306,814.226536,-306.438199,9474.636058
16483.376630,814.226536,-153.219100,9918.759623
16483.376954,-1332.370696,76.609550,8956.491898
16483.377278,-1110.308913,612.876398,8808.450710
16483.377603,74.020594,1225.752797,9178.553681
16483.377927,-962.267725,689.485948,9030.512492
16483.378251,-1776.494261,1302.362347,8660.409521
16483.378576,-1406.391290,1762.019645,8290.306550
16483.378900,-1184.329507,1915.238745,8364.327145
16483.379224,-814.226536,2145.067394,9030.512492
16483.379549,-1110.308913,2681.334243,8216.285956
16483.379873,-1332.370696,2911.162892,8956.491898
16483.380197,-370.102971,2911.162892,8956.491898
16483.380522,444.123565,3524.039291,9326.594869
16483.380846,-666.185348,3217.601092,9474.636058
16483.381170,-888.247130,3294.210641,9030.512492
16483.381495,-444.123565,3447.429741,9178.553681
16483.381819,74.020594,2757.943793,9474.636058
16483.382143,-814.226536,3524.039291,9474.636058
16483.382467,-1184.329507,3140.991542,9400.615463
16483.382792,-740.205942,3447.429741,9030.512492
16483.383116,-444.123565,3600.648841,9474.636058
16483.383440,0.000000,3524.039291,9622.677246
16483.383765,-222.061783,3830.477490,9252.574275
16483.384089,-444.123565,3600.648841,8586.388927
16483.384413,592.164754,2757.943793,9844.739029
16483.384738,666.185348,2987.772442,9326.594869
16483.385062,-888.247130,2451.505594,9104.533087
16483.385386,-518.144159,1915.238745,8956.491898
16483.385711,222.061783,1915.238745,8660.409521
16483.386035,-592.164754,1685.410096,9178.553681
16483.386359,-1036.288319,1072.533697,8660.409521
16483.386683,-666.185348,459.657299,8290.306550
16483.387008,-296.082377,536.266849,8586.388927
16483.387332,0.000000,306.438199,9252.574275
16483.387656,222.061783,229.828649,9326.594869
16483.387981,222.061783,76.609550,8956.491898
16483.388305,888.247130,-383.047749,9104.533087
16483.388629,2442.679609,306.438199,9844.739029
16483.388954,1850.514855,-919.314598,10288.862594
16483.389278,296.082377,-1225.752797,9104.533087
16483.389602,1258.350101,-1225.752797,9770.718434
16483.389927,1480.411884,-1455.581446,10140.821405
16483.390251,518.144159,-2374.896044,9992.780217
16483.390575,148.041188,-2221.676944,9474.636058
16483.390900,370.102971,-2604.724693,9474.636058
16483.391224,814.226536,-2757.943793,10214.842000
16483.391548,1184.329507,-2451.505594,10436.903782
16483.391872,444.123565,-2374.896044,9918.759623
16483.392197,370.102971,-2451.505594,9548.656652
16483.392521,1628.453072,-1991.848295,9844.739029
16483.392845,1850.514855,-2298.286494,10066.800811
16483.393170,-222.061783,-2298.286494,9252.574275
16483.393494,0.000000,-1685.410096,9474.636058
16483.393818,592.164754,-2068.457845,9104.533087
16483.394143,370.102971,-1915.238745,9474.636058
16483.394467,-666.185348,-1915.238745,9326.594869
16483.394791,-814.226536,-1149.143247,8808.450710
16483.395116,-370.102971,-842.705048,8882.471304
16483.395440,-222.061783,-459.657299,9770.718434
16483.395764,0.000000,229.828649,9770.718434
16483.396089,-666.185348,689.485948,8808.450710
16483.396413,-296.082377,689.485948,9474.636058
16483.396737,592.164754,1225.752797,9400.615463
16483.397061,-296.082377,1149.143247,9844.739029
16483.397386,-814.226536,1455.581446,9030.512492
16483.397710,-444.123565,2374.896044,9030.512492
16483.398034,222.061783,2374.896044,9326.594869
16483.398359,-592.164754,2374.896044,8882.471304
16483.398683,-1332.370696,2374.896044,8660.409521
16483.399007,-592.164754,2681.334243,7994.224174
16483.399332,-1036.288319,2374.896044,8808.450710
16483.399656,-370.102971,2451.505594,8882.471304
16483.399980,-370.102971,3217.601092,8734.430116
16483.400305,-370.102971,3217.601092,8290.306550
16483.400629,0.000000,3217.601092,9030.512492
16483.400953,1036.288319,2834.553343,9622.677246
16483.401278,0.000000,3064.381992,9400.615463
16483.401602,-740.205942,3140.991542,9104.533087
16483.401926,0.000000,2834.553343,8882.471304
16483.402250,148.041188,2757.943793,9326.594869
16483.402575,-592.164754,2451.505594,9104.533087
16483.402899,-1332.370696,2604.724693,9474.636058
16483.403223,-444.123565,2298.286494,9178.553681
16483.403548,-370.102971,2374.896044,9252.574275
16483.403872,0.000000,1991.848295,9696.697840
16483.404196,-296.082377,1915.238745,9252.574275
16483.404521,0.000000,2145.067394,8956.491898
16483.404845,1110.308913,1838.629195,9696.697840
16483.405169,1110.308913,1225.752797,9474.636058
16483.405494,-222.061783,689.485948,8956.491898
16483.405818,296.082377,766.095498,9252.574275
16483.406142,1036.288319,306.438199,9326.594869
16483.406467,148.041188,0.000000,9400.615463
16483.406791,148.041188,76.609550,9474.636058
16483.407115,296.082377,-612.876398,8512.368333
16483.407439,0.000000,-689.485948,8808.450710
16483.407764,148.041188,-612.876398,9326.594869
16483.408088,296.082377,-995.924147,9252.574275
16483.408412,0.000000,-1455.581446,8882.471304
16483.408737,444.123565,-1532.190996,9252.574275
16483.409061,1258.350101,-1532.190996,9696.697840
16483.409385,148.041188,-2298.286494,9548.656652
16483.409710,148.041188,-2451.505594,9622.677246
16483.410034,666.185348,-2221.676944,9400.615463
16483.410358,740.205942,-2451.505594,10214.842000
16483.410683,370.102971,-2757.943793,10066.800811
16483.411007,444.123565,-2451.505594,9918.759623
16483.411331,666.185348,-2145.067394,9474.636058
16483.411655,888.247130,-1991.848295,9918.759623
16483.411980,1036.288319,-1991.848295,10214.842000
16483.412304,1110.308913,-1072.533697,9918.759623
16483.412628,814.226536,-1455.581446,9770.718434
16483.412953,1776.494261,-995.924147,9992.780217
16483.413277,1776.494261,-766.095498,10288.862594
16483.413601,148.041188,-1225.752797,9548.656652
16483.413926,148.041188,-689.485948,9030.512492
16483.414250,666.185348,0.000000,9326.594869
16483.414574,-296.082377,-383.047749,9474.636058
16483.414899,-1332.370696,153.219100,8956.491898
16483.415223,-740.205942,459.657299,8734.430116
16483.415547,-962.267725,612.876398,8882.471304
16483.415872,-740.205942,919.314598,9030.512492
16483.416196,-814.226536,1915.238745,9104.533087
16483.416520,-814.226536,2451.505594,8438.347739
16483.416844,-370.102971,2604.724693,8438.347739
16483.417169,222.061783,2834.553343,8808.450710
16483.417493,-370.102971,2681.334243,9252.574275
16483.417817,-1184.329507,2604.724693,8808.450710
16483.418142,-370.102971,2757.943793,9030.512492
16483.418466,-296.082377,2528.115143,8882.471304
16483.418790,-1258.350101,3140.991542,9252.574275
16483.419115,-1628.453072,2528.115143,9104.533087
16483.419439,-1036.288319,2987.772442,8882.471304
16483.419763,-1110.308913,2604.724693,9252.574275
16483.420088,-962.267725,2911.162892,9474.636058
16483.420412,-962.267725,3447.429741,9178.553681
16483.420736,-1406.391290,3370.820191,8660.409521
16483.421061,-222.061783,3447.429741,9400.615463
16483.421385,222.061783,4136.915689,9696.697840
16483.421709,-1258.350101,3294.210641,9400.615463
16483.422033,-1184.329507,2528.115143,9030.512492
16483.422358,-370.102971,2451.505594,8956.491898
16483.422682,-296.082377,2298.286494,9252.574275
16483.423006,-1258.350101,1915.238745,8660.409521
16483.423331,-1406.391290,2374.896044,8364.327145
16483.423655,-888.247130,2068.457845,9030.512492
16483.423979,-518.144159,1302.362347,8956.491898
16483.424304,0.000000,1532.190996,9104.533087
16483.424628,-296.082377,1149.143247,8956.491898
16483.424952,222.061783,1072.533697,8660.409521
16483.425277,1702.473667,1455.581446,9622.677246
16483.425601,1036.288319,306.438199,9326.594869
16483.425925,518.144159,306.438199,8956.491898
16483.426250,518.144159,-229.828649,8808.450710
16483.426574,1480.411884,-612.876398,9400.615463
16483.426898,222.061783,-1378.971896,9474.636058
16483.427222,148.041188,-1608.800546,9400.615463
16483.427547,740.205942,-1149.143247,8956.491898
16483.427871,888.247130,-1991.848295,9770.718434
16483.428195,1110.308913,-2528.115143,10140.821405
16483.428520,1554.432478,-2068.457845,10362.883188
16483.428844,1258.350101,-2374.896044,10214.842000
16483.429168,1998.556043,-2221.676944,10436.903782
16483.429493,2442.679609,-2451.505594,10510.924376
16483.429817,1702.473667,-2145.067394,10584.944971
16483.430141,814.226536,-2451.505594,9844.739029
16483.430466,2072.576638,-2145.067394,9918.759623
16483.430790,1406.391290,-2604.724693,9770.718434
16483.431114,-518.144159,-2221.676944,9548.656652
16483.431439,-222.061783,-1991.848295,9252.574275
16483.431763,0.000000,-1762.019645,9252.574275
16483.432087,0.000000,-1685.410096,9326.594869
16483.432411,0.000000,-1532.190996,9400.615463
16483.432736,-518.144159,-689.485948,8956.491898
16483.433060,-370.102971,0.000000,8734.430116
16483.433384,0.000000,0.000000,9400.615463
16483.433709,0.000000,306.438199,9400.615463
16483.434033,-1332.370696,383.047749,9030.512492
16483.434357,-1184.329507,612.876398,9030.512492
16483.434682,-592.164754,612.876398,8882.471304
16483.435006,-1258.350101,1455.581446,9474.636058
16483.435330,-2072.576638,1378.971896,8882.471304
16483.435655,-1110.308913,1455.581446,8364.327145
16483.435979,-1110.308913,2221.676944,8808.450710
16483.436303,-1036.288319,1838.629195,8956.491898
16483.436628,-592.164754,2374.896044,8882.471304
16483.436952,-814.226536,2604.724693,8956.491898
16483.437276,0.000000,3064.381992,8882.471304
16483.437600,740.205942,2681.334243,9178.553681
16483.437925,0.000000,2681.334243,9474.636058
16483.438249,-666.185348,2987.772442,8956.491898
16483.438573,-148.041188,3140.991542,9252.574275
16483.438898,0.000000,2681.334243,9474.636058
16483.439222,-740.205942,2911.162892,9178.553681
16483.439546,-740.205942,3294.210641,8956.491898
16483.439871,0.000000,3677.258390,8660.409521
16483.440195,-444.123565,2757.943793,8808.450710
16483.440519,222.061783,2987.772442,9474.636058
16483.440844,0.000000,2834.553343,9252.574275
16483.441168,-148.041188,2451.505594,8734.430116
16483.441492,962.267725,2298.286494,9400.615463
16483.441816,1332.370696,2221.676944,9252.574275
16483.442141,-296.082377,1378.971896,9252.574275
16483.442465,222.061783,536.266849,8882.471304
16483.442789,1184.329507,919.314598,9178.553681
16483.443114,222.061783,536.266849,9548.656652
16483.443438,-222.061783,229.828649,9474.636058
16483.443762,74.020594,306.438199,8808.450710
16483.444087,666.185348,306.438199,9326.594869
16483.444411,592.164754,689.485948,9326.594869
16483.444735,0.000000,-153.219100,9252.574275
16483.445060,1036.288319,-689.485948,8956.491898
16483.445384,1110.308913,-153.219100,9178.553681
16483.445708,1628.453072,-612.876398,9474.636058
16483.446033,444.123565,-1149.143247,9622.677246
16483.446357,0.000000,-1532.190996,9622.677246
16483.446681,1036.288319,-1532.190996,9548.656652
16483.447005,666.185348,-2221.676944,9918.759623
16483.447330,0.000000,-2145.067394,9696.697840
16483.447654,-592.164754,-2374.896044,9696.697840
16483.447978,0.000000,-2374.896044,9474.636058
16483.448303,444.123565,-2604.724693,9992.780217
16483.448627,518.144159,-2374.896044,9622.677246
16483.448951,444.123565,-2221.676944,9548.656652
16483.449276,888.247130,-1991.848295,10066.800811
16483.449600,1554.432478,-1608.800546,9844.739029
16483.449924,1258.350101,-1532.190996,10436.903782
16483.450249,74.020594,-2068.457845,9622.677246
16483.450573,0.000000,-1608.800546,9400.615463
16483.450897,888.247130,-1608.800546,9326.594869
16483.451222,0.000000,-1532.190996,9400.615463
16483.451546,-740.205942,-995.924147,8808.450710
16483.451870,-444.123565,-536.266849,8660.409521
16483.452194,-296.082377,-612.876398,9400.615463
16483.452519,-370.102971,0.000000,9474.636058
16483.452843,-370.102971,536.266849,9548.656652
16483.453167,-740.205942,842.705048,9400.615463
16483.453492,444.123565,842.705048,8808.450710
16483.453816,1184.329507,1991.848295,9474.636058
16483.454140,-222.061783,1991.848295,9474.636058
16483.454465,-592.164754,1838.629195,8882.471304
16483.454789,-222.061783,2451.505594,9030.512492
16483.455113,-370.102971,2374.896044,8882.471304
16483.455438,-888.247130,2451.505594,9400.615463
16483.455762,-1702.473667,3600.648841,8586.388927
16483.456086,-962.267725,3217.601092,7698.141797
16483.456411,-592.164754,2528.115143,8808.450710
16483.456735,-1258.350101,3217.601092,8512.368333
16483.457059,-740.205942,3370.820191,8734.430116
16483.457383,-666.185348,3370.820191,8660.409521
16483.457708,-148.041188,3524.039291,9030.512492
16483.458032,296.082377,3370.820191,9252.574275
16483.458356,-666.185348,3600.648841,9178.553681
16483.458681,-666.185348,2987.772442,9548.656652
16483.459005,-518.144159,2834.553343,9474.636058
16483.459329,-666.185348,2911.162892,9770.718434
16483.459654,-1332.370696,2757.943793,9474.636058
16483.459978,-1406.391290,2528.115143,9178.553681
16483.460302,-740.205942,2681.334243,9178.553681
16483.460627,0.000000,2681.334243,9326.594869
16483.460951,-592.164754,2528.115143,8956.491898
16483.461275,-1110.308913,2451.505594,8734.430116
16483.461600,296.082377,2298.286494,8808.450710
16483.461924,1184.329507,2068.457845,8956.491898
16483.462248,222.061783,1455.581446,9030.512492
16483.462572,-444.123565,1149.143247,8586.388927
16483.462897,148.041188,1225.752797,8734.430116
16483.463221,1036.288319,0.000000,9030.512492
16483.463545,-296.082377,76.609550,8882.471304
16483.463870,-740.205942,-459.657299,8586.388927
16483.464194,0.000000,-766.095498,8660.409521
16483.464518,518.144159,-1072.533697,9252.574275
16483.464843,814.226536,-1915.238745,9400.615463
16483.465167,444.123565,-1838.629195,9326.594869
16483.465491,518.144159,-1685.410096,9474.636058
16483.465816,1776.494261,-1915.238745,9622.677246
16483.466140,1998.556043,-2374.896044,10510.924376
16483.466464,740.205942,-2451.505594,10288.862594
16483.466789,666.185348,-2451.505594,10214.842000
16483.467113,1184.329507,-2528.115143,10140.821405
16483.467437,1406.391290,-2298.286494,10807.006753
16483.467761,222.061783,-2604.724693,10362.883188
16483.468086,370.102971,-2145.067394,9696.697840
16483.468410,666.185348,-2374.896044,9696.697840
16483.468734,962.267725,-2451.505594,10288.862594
16483.469059,740.205942,-1608.800546,9770.718434
16483.469383,0.000000,-1532.190996,9474.636058
16483.469707,814.226536,-689.485948,8734.430116
16483.470032,1998.556043,-689.485948,9622.677246
16483.470356,962.267725,-612.876398,9548.656652
16483.470680,-518.144159,-383.047749,9030.512492
16483.471005,-296.082377,-153.219100,8882.471304
16483.471329,148.041188,-229.828649,9252.574275
16483.471653,-1184.329507,-306.438199,9326.594869
16483.471978,-1628.453072,153.219100,8734.430116
16483.472302,-1332.370696,995.924147,8364.327145
16483.472626,-1036.288319,1532.190996,8808.450710
16483.472950,-1110.308913,1455.581446,9178.553681
16483.473275,-814.226536,1838.629195,8808.450710
16483.473599,-962.267725,1991.848295,8364.327145
16483.473923,-222.061783,2604.724693,8586.388927
16483.474248,740.205942,2757.943793,9326.594869
16483.474572,-222.061783,2451.505594,9178.553681
16483.474896,-444.123565,3140.991542,8808.450710
16483.475221,0.000000,2757.943793,9474.636058
16483.475545,74.020594,2451.505594,9548.656652
16483.475869,-888.247130,2528.115143,9622.677246
16483.476194,-962.267725,2834.553343,9252.574275
16483.476518,-592.164754,2757.943793,9030.512492
16483.476842,-222.061783,3370.820191,9252.574275
16483.477166,296.082377,2834.553343,9474.636058
16483.477491,-592.164754,2987.772442,8808.450710
16483.477815,-296.082377,3524.039291,8882.471304
16483.478139,1110.308913,3370.820191,9474.636058
16483.478464,444.123565,2681.334243,9252.574275
16483.478788,-814.226536,2604.724693,8956.491898
16483.479112,-592.164754,3064.381992,8364.327145
16483.479437,148.041188,1991.848295,8512.368333
16483.479761,-666.185348,1532.190996,8956.491898
16483.480085,-962.267725,995.924147,9030.512492
16483.480410,-444.123565,1532.190996,8512.368333
16483.480734,0.000000,766.095498,9178.553681
16483.481058,296.082377,612.876398,9400.615463
16483.481383,666.185348,842.705048,9252.574275
16483.481707,518.144159,1302.362347,8438.347739
16483.482031,1406.391290,153.219100,9252.574275
16483.482355,2220.617826,689.485948,9474.636058
16483.482680,1184.329507,0.000000,9770.718434
16483.483004,296.082377,-536.266849,9400.615463
16483.483328,1406.391290,-842.705048,9548.656652
16483.483653,740.205942,-1532.190996,9696.697840
16483.483977,148.041188,-2145.067394,9696.697840
16483.484301,74.020594,-2451.505594,9326.594869
16483.484626,74.020594,-2145.067394,9104.533087
16483.484950,592.164754,-2451.505594,9622.677246
16483.485274,1184.329507,-2374.896044,10214.842000
16483.485599,370.102971,-2221.676944,9622.677246
16483.485923,444.123565,-1991.848295,8882.471304
16483.486247,2368.659014,-2451.505594,10214.842000
16483.486572,1776.494261,-1915.238745,9844.739029
16483.486896,666.185348,-2528.115143,9622.677246
16483.487220,518.144159,-2374.896044,9474.636058
16483.487544,1406.391290,-2068.457845,9474.636058
16483.487869,370.102971,-2298.286494,9992.780217
16483.488193,-1184.329507,-1762.019645,9474.636058
16483.488517,-296.082377,-995.924147,9178.553681
16483.488842,0.000000,-1608.800546,9178.553681
16483.489166,74.020594,-1072.533697,9474.636058
16483.489490,0.000000,-1072.533697,9622.677246
16483.489815,-740.205942,-306.438199,9400.615463
16483.490139,0.000000,229.828649,9548.656652
16483.490463,1110.308913,612.876398,9844.739029
16483.490788,222.061783,153.219100,10288.862594
16483.491112,-962.267725,919.314598,8956.491898
16483.491436,-666.185348,2068.457845,9178.553681
16483.491761,-296.082377,1532.190996,9030.512492
16483.492085,-962.267725,1991.848295,9252.574275
16483.492409,-1554.432478,2298.286494,8438.347739
16483.492734,-1406.391290,2604.724693,8068.244768
16483.493058,-1258.350101,2834.553343,8734.430116
16483.493382,-592.164754,3524.039291,8586.388927
16483.493707,-1554.432478,3524.039291,8438.347739
16483.494031,-1554.432478,2911.162892,8364.327145
16483.494355,-222.061783,3370.820191,8438.347739
16483.494680,370.102971,2987.772442,9178.553681
16483.495004,-1258.350101,3370.820191,8956.491898
16483.495328,-1110.308913,3140.991542,8660.409521
16483.495653,-518.144159,3600.648841,9474.636058
16483.495977,-296.082377,2987.772442,9770.718434
16483.496301,-1036.288319,2604.724693,9326.594869
16483.496626,-1406.391290,3217.601092,9326.594869
16483.496950,-1036.288319,2757.943793,9548.656652
16483.497274,-370.102971,2987.772442,9992.780217
16483.497599,0.000000,2145.067394,9770.718434
16483.497923,-592.164754,3064.381992,9326.594869
16483.498247,222.061783,2987.772442,9252.574275
16483.498572,1480.411884,2757.943793,9474.636058
16483.498896,592.164754,2374.896044,9474.636058
16483.499220,-296.082377,2145.067394,9030.512492
16483.499545,0.000000,1838.629195,8512.368333
16483.499869,0.000000,1608.800546,8734.430116
16483.500193,-296.082377,459.657299,9030.512492
16483.500518,0.000000,0.000000,8512.368333
16483.500842,-296.082377,306.438199,8216.285956
16483.501166,0.000000,0.000000,8734.430116
16483.501490,518.144159,-229.828649,9178.553681
16483.501815,518.144159,-306.438199,8808.450710
16483.502139,592.164754,-919.314598,8660.409521
16483.502463,1110.308913,-766.095498,8882.471304
16483.502788,1850.514855,-1149.143247,9770.718434
16483.503112,296.082377,-1915.238745,9696.697840
16483.503436,518.144159,-2145.067394,9770.718434
16483.503761,1036.288319,-2145.067394,10140.821405
16483.504085,740.205942,-2451.505594,10510.924376
16483.504409,-148.041188,-2757.943793,10436.903782
16483.504734,74.020594,-2757.943793,10140.821405
16483.505058,592.164754,-2451.505594,10140.821405
16483.505382,518.144159,-2681.334243,10140.821405
16483.505707,740.205942,-2528.115143,10436.903782
16483.506031,148.041188,-2451.505594,10066.800811
16483.506355,962.267725,-1838.629195,9696.697840
16483.506680,2146.597232,-1455.581446,10214.842000
16483.507004,1036.288319,-1225.752797,9918.759623
16483.507328,0.000000,-1302.362347,8956.491898
16483.507653,888.247130,-612.876398,9474.636058
16483.507977,740.205942,-919.314598,9104.533087
16483.508301,-370.102971,-842.705048,9252.574275
16483.508626,-1258.350101,-536.266849,8882.471304
16483.508950,-962.267725,-306.438199,8586.388927
16483.509274,-740.205942,0.000000,8882.471304
16483.509599,-1110.308913,612.876398,9326.594869
16483.509923,-1036.288319,1225.752797,8882.471304
16483.510247,-1406.391290,1149.143247,8438.347739
16483.510572,0.000000,1838.629195,9030.512492
16483.510896,592.164754,1915.238745,9178.553681
16483.511220,-888.247130,2145.067394,8808.450710
16483.511545,-814.226536,2528.115143,8808.450710
16483.511869,222.061783,2757.943793,8956.491898
16483.512193,-222.061783,2528.115143,9400.615463
16483.512518,-888.247130,2298.286494,9622.677246
16483.512842,-888.247130,2681.334243,9252.574275
16483.513166,-814.226536,2451.505594,9030.512492
16483.513491,-370.102971,2604.724693,9400.615463
16483.513815,370.102971,3217.601092,9844.739029
16483.514139,-370.102971,3064.381992,9178.553681
16483.514464,0.000000,2681.334243,8956.491898
16483.514788,1184.329507,3677.258390,9252.574275
16483.515112,1258.350101,3524.039291,9548.656652
16483.515436,-222.061783,2911.162892,9104.533087
16483.515761,-222.061783,3064.381992,8808.450710
16483.516085,444.123565,2451.505594,8956.491898
16483.516409,-222.061783,2374.896044,8956.491898
16483.516734,-1258.350101,2068.457845,7772.162391
16483.517058,-592.164754,1838.629195,8290.306550
16483.517382,-666.185348,1838.629195,8734.430116
16483.517707,-222.061783,1608.800546,9178.553681
16483.518031,-370.102971,1685.410096,9252.574275
16483.518355,-666.185348,612.876398,8438.347739
16483.518680,74.020594,1685.410096,8660.409521
16483.519004,1554.432478,1072.533697,10214.842000
16483.519328,888.247130,459.657299,9474.636058
16483.519653,-222.061783,153.219100,9178.553681
16483.519977,814.226536,0.000000,9326.594869
16483.520301,888.247130,-612.876398,9844.739029
16483.520626,370.102971,-1072.533697,9622.677246
16483.520950,74.020594,-1378.971896,9252.574275
16483.521274,592.164754,-1225.752797,9474.636058
16483.521599,444.123565,-1608.800546,9400.615463
16483.521923,814.226536,-2145.067394,9918.759623
16483.522247,592.164754,-2068.457845,9696.697840
16483.522572,370.102971,-2374.896044,9326.594869
16483.522896,1776.494261,-1532.190996,9548.656652
16483.523220,2368.659014,-1838.629195,10140.821405
16483.523545,962.267725,-2757.943793,9104.533087
16483.523869,370.102971,-2681.334243,9326.594869
16483.524193,1480.411884,-2221.676944,9548.656652
16483.524518,888.247130,-2451.505594,9770.718434
16483.524842,-222.061783,-2604.724693,9622.677246
16483.525166,74.020594,-2298.286494,9104.533087
16483.525491,148.041188,-2145.067394,9178.553681
16483.525815,222.061783,-1762.019645,9622.677246
16483.526139,444.123565,-1225.752797,9992.780217
16483.526464,-148.041188,-1532.190996,9474.636058
16483.526788,74.020594,-919.314598,9474.636058
16483.527112,1554.432478,-306.438199,10140.821405
16483.527437,296.082377,-383.047749,10214.842000
16483.527761,-814.226536,-306.438199,9400.615463
16483.528085,222.061783,689.485948,9400.615463
16483.528410,296.082377,612.876398,9178.553681
16483.528734,-1258.350101,689.485948,9474.636058
16483.529058,-1184.329507,1302.362347,9104.533087
16483.529382,-888.247130,1838.629195,8586.388927
16483.529707,-888.247130,1838.629195,8586.388927
16483.530031,-296.082377,1838.629195,8438.347739
16483.530355,-296.082377,3140.991542,8216.285956
16483.530680,-518.144159,3064.381992,8216.285956
16483.531004,0.000000,2604.724693,8290.306550
16483.531328,518.144159,2911.162892,8882.471304
16483.531653,-592.164754,2834.553343,8734.430116
16483.531977,-1332.370696,2911.162892,8512.368333
16483.532301,-888.247130,3140.991542,8734.430116
16483.532626,-444.123565,2145.067394,9400.615463
16483.532950,-1850.514855,3140.991542,9030.512492
16483.533274,-1924.535449,2757.943793,8956.491898
16483.533599,-1036.288319,2757.943793,9400.615463
16483.533923,-1110.308913,2834.553343,9548.656652
16483.534247,-740.205942,3217.601092,9844.739029
16483.534572,-962.267725,3370.820191,9400.615463
16483.534896,-1036.288319,3064.381992,8808.450710
16483.535220,444.123565,2987.772442,9770.718434
16483.535545,0.000000,2757.943793,9474.636058
16483.535869,-1184.329507,2528.115143,9030.512492
16483.536193,-222.061783,2298.286494,9326.594869
16483.536518,296.082377,1991.848295,9030.512492
16483.536842,-444.123565,1532.190996,9252.574275
16483.537166,-814.226536,1072.533697,8438.347739
16483.537491,0.000000,1455.581446,8142.265362
16483.537815,148.041188,0.000000,8734.430116
16483.538139,222.061783,919.314598,8882.471304
16483.538464,740.205942,919.314598,8808.450710
16483.538788,592.164754,383.047749,8660.409521
16483.539112,1332.370696,689.485948,9104.533087
16483.539437,2368.659014,536.266849,8956.491898
16483.539761,518.144159,-229.828649,9252.574275
16483.540085,0.000000,-766.095498,8882.471304
16483.540410,1036.288319,-995.924147,9548.656652
16483.540734,518.144159,-1915.238745,10066.800811
16483.541058,0.000000,-2221.676944,9770.718434
16483.541383,-296.082377,-2374.896044,9770.718434
16483.541707,370.102971,-2221.676944,9992.780217
16483.542031,518.144159,-2221.676944,10362.883188
16483.542356,814.226536,-2451.505594,9992.780217
16483.542680,444.123565,-2374.896044,10140.821405
16483.543004,518.144159,-2451.505594,9770.718434
16483.543328,1924.535449,-2068.457845,10436.903782
16483.543653,1702.473667,-1991.848295,10140.821405
16483.543977,814.226536,-2298.286494,9474.636058
16483.544301,814.226536,-1915.238745,9622.677246
16483.544626,1480.411884,-1149.143247,9918.759623
16483.544950,74.020594,-2068.457845,9770.718434
16483.545274,0.000000,-1838.629195,9326.594869
16483.545599,0.000000,-1532.190996,8808.450710
16483.545923,-148.041188,-995.924147,9030.512492
16483.546247,-296.082377,-306.438199,9400.615463
16483.546572,222.061783,0.000000,9548.656652
16483.546896,-370.102971,229.828649,8734.430116
16483.547220,-518.144159,766.095498,8956.491898
16483.547545,296.082377,766.095498,9400.615463
16483.547869,-962.267725,1072.533697,9178.553681
16483.548193,-1480.411884,1532.190996,8660.409521
16483.548518,-740.205942,1991.848295,8734.430116
16483.548842,-592.164754,2451.505594,8734.430116
16483.549166,-1628.453072,2451.505594,9178.553681
16483.549491,-1998.556043,1838.629195,8364.327145
16483.549815,-1110.308913,2374.896044,8660.409521
16483.550139,-1036.288319,2221.676944,9252.574275
16483.550464,-666.185348,2451.505594,9326.594869
16483.550788,-592.164754,2911.162892,9252.574275
16483.551112,-592.164754,2987.772442,8808.450710
16483.551437,888.247130,3524.039291,9252.574275
16483.551761,1110.308913,3370.820191,9622.677246
16483.552085,-296.082377,2987.772442,9252.574275
16483.552410,0.000000,3064.381992,9178.553681
16483.552734,1184.329507,2834.553343,9326.594869
16483.553058,962.267725,2834.553343,9400.615463
16483.553383,-740.205942,2987.772442,8956.491898
16483.553707,-296.082377,2834.553343,9030.512492
16483.554031,296.082377,2528.115143,8882.471304
16483.554356,-296.082377,2604.724693,9030.512492
16483.554680,0.000000,2451.505594,9104.533087
16483.555004,-518.144159,2145.067394,8660.409521
16483.555329,74.020594,2451.505594,8808.450710
16483.555653,1406.391290,1608.800546,9400.615463
16483.555977,0.000000,1608.800546,9252.574275
16483.556302,-1110.308913,1072.533697,8438.347739
16483.556626,74.020594,842.705048,9252.574275
16483.556950,518.144159,459.657299,9252.574275
16483.557275,0.000000,-306.438199,9252.574275
16483.557599,0.000000,229.828649,9104.533087
16483.557923,592.164754,-536.266849,8882.471304
16483.558247,222.061783,-919.314598,9326.594869
16483.558572,814.226536,-919.314598,9474.636058
16483.558896,888.247130,-919.314598,9474.636058
16483.559220,518.144159,-1455.581446,9474.636058
16483.559545,1480.411884,-1378.971896,9770.718434
16483.559869,2368.659014,-1838.629195,10140.821405
16483.560193,814.226536,-2145.067394,9474.636058
16483.560518,222.061783,-2528.115143,9400.615463
16483.560842,1554.432478,-2451.505594,9548.656652
16483.561166,1332.370696,-2528.115143,10066.800811
16483.561491,370.102971,-2834.553343,9992.780217
16483.561815,444.123565,-2221.676944,9474.636058
16483.562139,740.205942,-2451.505594,9548.656652
16483.562464,814.226536,-1991.848295,9918.759623
16483.562788,666.185348,-1455.581446,9844.739029
16483.563112,592.164754,-1455.581446,9548.656652
16483.563437,0.000000,-1762.019645,9104.533087
16483.563761,1406.391290,-1378.971896,10214.842000
16483.564085,518.144159,-1072.533697,10140.821405
16483.564410,-888.247130,-1225.752797,9548.656652
16483.564734,-888.247130,-612.876398,9918.759623
16483.565058,0.000000,-766.095498,9770.718434
16483.565383,-814.226536,-306.438199,8956.491898
16483.565707,-1628.453072,-459.657299,9252.574275
16483.566031,-814.226536,0.000000,8956.491898
16483.566356,-1110.308913,766.095498,9252.574275
16483.566680,-814.226536,995.924147,9400.615463
16483.567004,-518.144159,1532.190996,9178.553681
16483.567329,-518.144159,1685.410096,9030.512492
16483.567653,0.000000,2681.334243,8438.347739
16483.567977,814.226536,2757.943793,9178.553681
16483.568302,-592.164754,2451.505594,8808.450710
16483.568626,-1184.329507,2604.724693,8882.471304
16483.568950,-148.041188,3217.601092,8734.430116
16483.569275,-148.041188,3064.381992,9844.739029
16483.569599,-1110.308913,3064.381992,9030.512492
16483.569923,-1258.350101,3447.429741,9252.574275
16483.570248,-740.205942,2911.162892,9030.512492
16483.570572,-592.164754,3370.820191,9474.636058
16483.570896,-888.247130,3447.429741,9474.636058
16483.571221,-1110.308913,3524.039291,8956.491898
16483.571545,-1036.288319,3370.820191,8660.409521
16483.571869,148.041188,4060.306139,9474.636058
16483.572193,222.061783,3524.039291,9474.636058
16483.572518,-1258.350101,3294.210641,8882.471304
16483.572842,-1036.288319,2987.772442,9030.512492
16483.573166,0.000000,2987.772442,9178.553681
16483.573491,-888.247130,2374.896044,9030.512492
16483.573815,-1332.370696,1455.581446,8734.430116
16483.574139,0.000000,2451.505594,8364.327145
16483.574464,-740.205942,2068.457845,8734.430116
16483.574788,-296.082377,1455.581446,9030.512492
16483.575112,296.082377,1762.019645,9252.574275
16483.575437,74.020594,1302.362347,8956.491898
16483.575761,888.247130,919.314598,9178.553681
16483.576085,1998.556043,919.314598,9548.656652
16483.576410,1332.370696,536.266849,9030.512492
16483.576734,370.102971,0.000000,8956.491898
16483.577058,1406.391290,0.000000,9178.553681
16483.577383,1258.350101,-612.876398,9548.656652
16483.577707,74.020594,-919.314598,9252.574275
16483.578031,0.000000,-1302.362347,9474.636058
16483.578356,74.020594,-1762.019645,9252.574275
16483.578680,444.123565,-2145.067394,9844.739029
16483.579004,592.164754,-2068.457845,10140.821405
16483.579329,-222.061783,-2451.505594,9844.739029
16483.579653,0.000000,-2757.943793,9474.636058
16483.579977,1628.453072,-2374.896044,10288.862594
16483.580302,1110.308913,-2451.505594,10288.862594
16483.580626,148.041188,-2911.162892,9918.759623
16483.580950,296.082377,-2298.286494,9548.656652
16483.581275,1480.411884,-2298.286494,10214.842000
16483.581599,370.102971,-2911.162892,10362.883188
16483.581923,-444.123565,-2528.115143,9918.759623
16483.582248,222.061783,-1838.629195,9474.636058
16483.582572,666.185348,-1762.019645,9696.697840
16483.582896,518.144159,-1225.752797,10066.800811
16483.583221,296.082377,-919.314598,9992.780217
16483.583545,0.000000,-766.095498,9252.574275
16483.583869,518.144159,-306.438199,9474.636058
16483.584194,1258.350101,306.438199,9622.677246
16483.584518,0.000000,383.047749,9548.656652
16483.584842,-1036.288319,689.485948,8660.409521
16483.585167,-518.144159,1149.143247,8660.409521
16483.585491,-444.123565,1455.581446,9030.512492
16483.585815,-1184.329507,1532.190996,8586.388927
16483.586139,-1480.411884,2068.457845,8364.327145
16483.586464,-1258.350101,1762.019645,8142.265362
16483.586788,-1036.288319,2145.067394,8290.306550
16483.587112,-888.247130,2298.286494,8438.347739
16483.587437,-888.247130,2604.724693,8660.409521
16483.587761,-888.247130,2374.896044,8142.265362
16483.588085,74.020594,2757.943793,9178.553681
16483.588410,814.226536,2298.286494,9400.615463
16483.588734,-444.123565,2528.115143,9326.594869
16483.589058,-888.247130,2528.115143,9326.594869
16483.589383,370.102971,2834.553343,9326.594869
16483.589707,222.061783,2451.505594,9696.697840
16483.590031,-518.144159,2298.286494,9474.636058
16483.590356,74.020594,2987.772442,9178.553681
16483.590680,296.082377,2528.115143,9104.533087
16483.591004,444.123565,2451.505594,9474.636058
16483.591328,148.041188,2911.162892,9548.656652
16483.591653,0.000000,2528.115143,9030.512492
16483.591977,518.144159,2451.505594,8808.450710
16483.592301,1480.411884,2451.505594,9474.636058
16483.592626,592.164754,1991.848295,8734.430116
16483.592950,-148.041188,1685.410096,9030.512492
16483.593274,-296.082377,1455.581446,8956.491898
16483.593599,296.082377,1302.362347,9178.553681
16483.593923,-444.123565,842.705048,9326.594869
16483.594247,-962.267725,306.438199,8734.430116
16483.594572,0.000000,153.219100,8882.471304
16483.594896,-222.061783,229.828649,8882.471304
16483.595220,0.000000,-536.266849,9622.677246
16483.595544,0.000000,-536.266849,8882.471304
16483.595869,0.000000,-459.657299,8808.450710
16483.596193,1184.329507,-383.047749,9178.553681
16483.596517,1258.350101,-995.924147,9770.718434
16483.596842,0.000000,-1608.800546,9400.615463
16483.597166,0.000000,-1915.238745,9326.594869
16483.597490,1184.329507,-2374.896044,9474.636058
16483.597815,666.185348,-2451.505594,9844.739029
16483.598139,-296.082377,-2528.115143,9918.759623
16483.598463,148.041188,-2298.286494,9474.636058
16483.598787,888.247130,-2451.505594,9770.718434
16483.599112,1480.411884,-2528.115143,10436.903782
16483.599436,740.205942,-1762.019645,9844.739029
16483.599760,592.164754,-1991.848295,9622.677246
16483.600085,1406.391290,-1762.019645,9918.759623
16483.600409,2294.638420,-1455.581446,10288.862594
16483.600733,1258.350101,-1685.410096,10362.883188
16483.601058,0.000000,-1762.019645,9548.656652
16483.601382,222.061783,-1915.238745,9400.615463
16483.601706,666.185348,-1455.581446,9474.636058
16483.602030,-296.082377,-1915.238745,9474.636058
16483.602355,-814.226536,-1149.143247,8734.430116
16483.602679,-1036.288319,-689.485948,8364.327145
16483.603003,-888.247130,-536.266849,9030.512492
16483.603328,-592.164754,0.000000,9326.594869
16483.603652,-814.226536,-153.219100,9252.574275
16483.603976,-592.164754,1455.581446,8660.409521
16483.604301,444.123565,1378.971896,8956.491898
16483.604625,1110.308913,2681.334243,9474.636058
16483.604949,-222.061783,2221.676944,9400.615463
16483.605274,-148.041188,2145.067394,8956.491898
16483.605598,296.082377,2451.505594,9326.594869
16483.605922,444.123565,2528.115143,9474.636058
16483.606246,-666.185348,2911.162892,9400.615463
16483.606571,-740.205942,3064.381992,8956.491898
16483.606895,-518.144159,3217.601092,8882.471304
16483.607219,-148.041188,3064.381992,9474.636058
16483.607544,-370.102971,3064.381992,9252.574275
16483.607868,-1036.288319,3524.039291,9400.615463
16483.608192,-666.185348,3447.429741,8734.430116
16483.608517,370.102971,3600.648841,9030.512492
16483.608841,0.000000,3294.210641,9326.594869
16483.609165,-1406.391290,3370.820191,9104.533087
16483.609489,-1332.370696,3294.210641,8660.409521
16483.609814,-814.226536,2911.162892,8882.471304
16483.610138,-1776.494261,2757.943793,9326.594869
16483.610462,-2220.617826,2451.505594,9178.553681
16483.610787,-2072.576638,2451.505594,8290.306550
16483.611111,-1480.411884,2911.162892,8512.368333
16483.611435,-962.267725,2374.896044,9178.553681
16483.611760,-666.185348,1915.238745,8956.491898
16483.612084,-1036.288319,2068.457845,8364.327145
16483.612408,370.102971,2451.505594,9178.553681
16483.612732,1628.453072,1762.019645,9844.739029
16483.613057,296.082377,1302.362347,9770.718434
16483.613381,0.000000,1149.143247,8882.471304
16483.613705,962.267725,1302.362347,9252.574275
16483.614030,1110.308913,153.219100,9326.594869
16483.614354,444.123565,-306.438199,9326.594869
16483.614678,74.020594,-536.266849,9252.574275
16483.615003,444.123565,-689.485948,9030.512492
16483.615327,592.164754,-1149.143247,9252.574275
16483.615651,1184.329507,-1302.362347,9696.697840
16483.615975,592.164754,-612.876398,9178.553681
16483.616300,666.185348,-1915.238745,9178.553681
16483.616624,1998.556043,-1762.019645,9992.780217
16483.616948,1850.514855,-2145.067394,10214.842000
16483.617273,518.144159,-2451.505594,9548.656652
16483.617597,296.082377,-2451.505594,9770.718434
16483.617921,1184.329507,-2834.553343,9326.594869
16483.618246,740.205942,-2757.943793,10140.821405
16483.618570,0.000000,-2911.162892,9770.718434
16483.618894,592.164754,-2221.676944,9622.677246
16483.619219,444.123565,-2604.724693,9844.739029
16483.619543,814.226536,-2374.896044,10288.862594
16483.619867,814.226536,-1762.019645,10214.842000
16483.620191,444.123565,-1455.581446,9548.656652
16483.620516,1036.288319,-1225.752797,9252.574275
16483.620840,1776.494261,-995.924147,9622.677246
16483.621164,666.185348,-612.876398,10066.800811
16483.621489,-296.082377,-766.095498,9400.615463
16483.621813,74.020594,-229.828649,9474.636058
16483.622137,0.000000,0.000000,9622.677246
16483.622462,-962.267725,76.609550,8956.491898
16483.622786,-1480.411884,76.609550,8216.285956
16483.623110,-1258.350101,536.266849,8512.368333
16483.623434,-1258.350101,1225.752797,8586.388927
16483.623759,-666.185348,1455.581446,8956.491898
16483.624083,-1110.308913,2068.457845,8660.409521
16483.624407,-1480.411884,1991.848295,8216.285956
16483.624732,-148.041188,2987.772442,7994.224174
16483.625056,296.082377,2451.505594,8586.388927
16483.625380,-814.226536,2451.505594,9104.533087
16483.625705,-1332.370696,2374.896044,8512.368333
16483.626029,74.020594,2604.724693,9030.512492
16483.626353,-296.082377,2528.115143,9474.636058
16483.626677,-1332.370696,2528.115143,9326.594869
16483.627002,-666.185348,3064.381992,9474.636058
16483.627326,-518.144159,3600.648841,9474.636058
16483.627650,-148.041188,2834.553343,9252.574275
16483.627975,370.102971,3753.867940,9548.656652
16483.628299,-296.082377,3370.820191,9252.574275
16483.628623,0.000000,3217.601092,8512.368333
16483.628948,1850.514855,3753.867940,9474.636058
16483.629272,740.205942,2987.772442,9548.656652
16483.629596,0.000000,2757.943793,9104.533087
16483.629921,740.205942,2987.772442,9178.553681
16483.630245,888.247130,1915.238745,9030.512492
16483.630569,0.000000,1455.581446,9474.636058
16483.630893,-370.102971,1608.800546,8808.450710
16483.631218,0.000000,1149.143247,8660.409521
16483.631542,-370.102971,1072.533697,8956.491898
16483.631866,222.061783,842.705048,9474.636058
16483.632191,444.123565,229.828649,9696.697840
16483.632515,0.000000,-76.609550,8290.306550
16483.632839,740.205942,383.047749,9252.574275
16483.633164,1258.350101,153.219100,9474.636058
16483.633488,296.082377,-459.657299,9252.574275
16483.633812,0.000000,-766.095498,9252.574275
16483.634136,592.164754,-842.705048,9400.615463
16483.634461,370.102971,-1685.410096,9548.656652
16483.634785,-518.144159,-1762.019645,9918.759623
16483.635109,0.000000,-1915.238745,9326.594869
16483.635434,148.041188,-2374.896044,9770.718434
16483.635758,518.144159,-2451.505594,10066.800811
16483.636082,1110.308913,-2221.676944,10066.800811
16483.636407,518.144159,-1991.848295,9918.759623
16483.636731,1036.288319,-2911.162892,9548.656652
16483.637055,2368.659014,-1915.238745,10066.800811
16483.637379,1628.453072,-1991.848295,10066.800811
16483.637704,518.144159,-2451.505594,9844.739029
16483.638028,1036.288319,-2145.067394,9696.697840
16483.638352,1258.350101,-1915.238745,9918.759623
16483.638677,148.041188,-1838.629195,9548.656652
16483.639001,-222.061783,-1685.410096,9326.594869
16483.639325,0.000000,-1762.019645,9178.553681
16483.639650,0.000000,-1532.190996,9178.553681
16483.639974,-370.102971,-1072.533697,9622.677246
16483.640298,-666.185348,-459.657299,8882.471304
16483.640623,-1258.350101,-76.609550,8882.471304
16483.640947,296.082377,0.000000,9474.636058
16483.641271,518.144159,1149.143247,8808.450710
16483.641595,-592.164754,919.314598,9252.574275
16483.641920,-814.226536,1302.362347,8586.388927
16483.642244,-148.041188,1532.190996,8956.491898
16483.642568,0.000000,1532.190996,9030.512492
16483.642893,-666.185348,1838.629195,9178.553681
16483.643217,-1184.329507,1915.238745,8882.471304
16483.643541,-962.267725,2681.334243,8734.430116
16483.643866,-444.123565,2298.286494,9104.533087
16483.644190,-148.041188,2145.067394,9030.512492
16483.644514,-740.205942,2987.772442,9104.533087
16483.644838,-666.185348,3217.601092,8660.409521
16483.645163,518.144159,3294.210641,9030.512492
16483.645487,518.144159,3370.820191,9474.636058
16483.645811,-740.205942,2987.772442,9252.574275
16483.646136,-814.226536,3370.820191,9400.615463
16483.646460,0.000000,3217.601092,9326.594869
16483.646784,-888.247130,3140.991542,9622.677246
16483.647109,-1480.411884,2911.162892,9474.636058
16483.647433,-1184.329507,2834.553343,8808.450710
16483.647757,-1628.453072,2911.162892,8734.430116
16483.648081,-888.247130,2911.162892,9548.656652
16483.648406,-962.267725,3294.210641,9474.636058
16483.648730,-1702.473667,3294.210641,8586.388927
16483.649054,-888.247130,2834.553343,8734.430116
16483.649379,148.041188,2834.553343,9474.636058
16483.649703,-148.041188,2528.115143,9400.615463
16483.650027,-444.123565,1991.848295,8956.491898
16483.650352,0.000000,1762.019645,8734.430116
16483.650676,148.041188,1378.971896,8956.491898
16483.651000,-518.144159,766.095498,9104.533087
16483.651325,-74.020594,842.705048,8956.491898
16483.651649,0.000000,229.828649,8660.409521
16483.651973,74.020594,76.609550,8882.471304
16483.652297,814.226536,76.609550,9474.636058
16483.652622,962.267725,536.266849,9178.553681
16483.652946,592.164754,-689.485948,8882.471304
16483.653270,2072.576638,-919.314598,9252.574275
16483.653595,2368.659014,-1149.143247,9622.677246
16483.653919,592.164754,-1762.019645,9770.718434
16483.654243,666.185348,-1685.410096,9918.759623
16483.654568,1628.453072,-1838.629195,10214.842000
16483.654892,962.267725,-2451.505594,9918.759623
16483.655216,0.000000,-3294.210641,10140.821405
16483.655540,296.082377,-2834.553343,9844.739029
16483.655865,666.185348,-2681.334243,9844.739029
16483.656189,518.144159,-2451.505594,10288.862594
16483.656513,592.164754,-2221.676944,10214.842000
16483.656838,148.041188,-2221.676944,9992.780217
16483.657162,740.205942,-2298.286494,9474.636058
16483.657486,2220.617826,-1915.238745,9918.759623
16483.657811,814.226536,-1378.971896,10140.821405
16483.658135,-370.102971,-1915.238745,8882.471304
16483.658459,666.185348,-1225.752797,9474.636058
16483.658783,592.164754,-1455.581446,9326.594869
16483.659108,-592.164754,-1302.362347,9400.615463
16483.659432,-888.247130,-689.485948,9326.594869
16483.659756,0.000000,153.219100,8956.491898
16483.660081,-444.123565,306.438199,9104.533087
16483.660405,0.000000,-153.219100,9474.636058
16483.660729,-518.144159,612.876398,9030.512492
16483.661054,-962.267725,919.314598,8364.327145
16483.661378,0.000000,1838.629195,9104.533087
16483.661702,370.102971,2451.505594,9178.553681
16483.662027,-666.185348,2298.286494,8660.409521
16483.662351,-1258.350101,2681.334243,8512.368333
16483.662675,0.000000,2834.553343,8734.430116
16483.662999,-814.226536,2221.676944,9252.574275
16483.663324,-1702.473667,2374.896044,8956.491898
16483.663648,-1258.350101,2681.334243,8882.471304
16483.663972,-1258.350101,2451.505594,8882.471304
16483.664297,-814.226536,2757.943793,9030.512492
16483.664621,0.000000,1762.019645,9548.656652
16483.664945,-740.205942,3217.601092,8660.409521
16483.665270,-296.082377,2987.772442,9030.512492
16483.665594,888.247130,3370.820191,9474.636058
16483.665918,814.226536,3217.601092,9622.677246
16483.666242,-370.102971,2987.772442,8882.471304
16483.666567,222.061783,2681.334243,8142.265362
16483.666891,1110.308913,3524.039291,9104.533087
16483.667215,0.000000,2145.067394,9178.553681
16483.667540,-444.123565,2451.505594,9178.553681
16483.667864,-296.082377,1838.629195,8808.450710
16483.668188,0.000000,1532.190996,9030.512492
16483.668513,0.000000,1685.410096,9400.615463
16483.668837,518.144159,1378.971896,9474.636058
16483.669161,-296.082377,1455.581446,8734.430116
16483.669485,740.205942,1225.752797,9030.512492
16483.669810,1702.473667,1072.533697,9770.718434
16483.670134,74.020594,459.657299,9474.636058
16483.670458,-148.041188,383.047749,8956.491898
16483.670783,518.144159,153.219100,9326.594869
16483.671107,518.144159,459.657299,9326.594869
16483.671431,-296.082377,-766.095498,8956.491898
16483.671756,-370.102971,-1302.362347,8660.409521
16483.672080,-296.082377,-995.924147,8882.471304
16483.672404,222.061783,-1302.362347,9474.636058
16483.672729,740.205942,-1608.800546,9548.656652
16483.673053,148.041188,-1915.238745,9770.718434
16483.673377,740.205942,-1915.238745,9326.594869
16483.673701,2072.576638,-1915.238745,10066.800811
16483.674026,1702.473667,-1915.238745,10140.821405
16483.674350,962.267725,-2987.772442,9770.718434
16483.674674,814.226536,-1991.848295,10140.821405
16483.674999,1554.432478,-1991.848295,9770.718434
16483.675323,962.267725,-2374.896044,10510.924376
16483.675647,444.123565,-2298.286494,9918.759623
16483.675972,814.226536,-1915.238745,9326.594869
16483.676296,592.164754,-2221.676944,9400.615463
16483.676620,518.144159,-1915.238745,9918.759623
16483.676944,74.020594,-1455.581446,9770.718434
16483.677269,-296.082377,-995.924147,9400.615463
16483.677593,222.061783,-766.095498,9252.574275
16483.677917,1036.288319,-536.266849,9844.739029
16483.678242,-222.061783,0.000000,9252.574275
16483.678566,-666.185348,0.000000,9030.512492
16483.678890,-518.144159,0.000000,8956.491898
16483.679215,-296.082377,383.047749,9400.615463
16483.679539,-962.267725,459.657299,9178.553681
16483.679863,-962.267725,1072.533697,8660.409521
16483.680187,-740.205942,1762.019645,8882.471304
16483.680512,-444.123565,1915.238745,9030.512492
16483.680836,0.000000,2145.067394,9326.594869
16483.681160,0.000000,2068.457845,8290.306550
16483.681485,-370.102971,2604.724693,8660.409521
16483.681809,518.144159,2834.553343,9104.533087
16483.682133,814.226536,2834.553343,9474.636058
16483.682458,-740.205942,2451.505594,9252.574275
16483.682782,-962.267725,2374.896044,8808.450710
16483.683106,0.000000,3140.991542,8956.491898
16483.683431,-888.247130,2834.553343,9622.677246
16483.683755,-1628.453072,2451.505594,9400.615463
16483.684079,-1480.411884,3140.991542,9104.533087
16483.684403,-962.267725,2911.162892,9104.533087
16483.684728,-1036.288319,3294.210641,9548.656652
16483.685052,-666.185348,3600.648841,9622.677246
16483.685376,-1702.473667,3370.820191,8364.327145
16483.685701,-222.061783,3524.039291,9252.574275
16483.686025,814.226536,3753.867940,9474.636058
16483.686349,-370.102971,3064.381992,9178.553681
16483.686674,-1110.308913,2911.162892,8882.471304
16483.686998,0.000000,2604.724693,8586.388927
16483.687322,888.247130,2145.067394,9030.512492
16483.687646,-592.164754,1838.629195,9178.553681
16483.687971,-740.205942,1685.410096,9030.512492
16483.688295,0.000000,1225.752797,8364.327145
16483.688619,0.000000,919.314598,8956.491898
16483.688944,222.061783,842.705048,9178.553681
16483.689268,0.000000,459.657299,8956.491898
16483.689592,-296.082377,0.000000,8586.388927
16483.689917,1406.391290,-383.047749,8956.491898
16483.690241,1776.494261,153.219100,9770.718434
16483.690565,888.247130,-1225.752797,9844.739029
16483.690890,74.020594,-995.924147,9474.636058
16483.691214,1110.308913,-1455.581446,9622.677246
16483.691538,888.247130,-1915.238745,10140.821405
16483.691863,222.061783,-1685.410096,10066.800811
16483.692187,148.041188,-2068.457845,9844.739029
16483.692511,888.247130,-2374.896044,9844.739029
16483.692835,1110.308913,-2528.115143,10510.924376
16483.693160,1110.308913,-2145.067394,10584.944971
16483.693484,592.164754,-2374.896044,10066.800811
16483.693808,888.247130,-2298.286494,9844.739029
16483.694133,2072.576638,-2068.457845,10214.842000
16483.694457,1258.350101,-1915.238745,9992.780217
16483.694781,222.061783,-2145.067394,9622.677246
16483.695106,962.267725,-1685.410096,9252.574275
16483.695430,888.247130,-1838.629195,9548.656652
16483.695754,0.000000,-1915.238745,9474.636058
16483.696079,-666.185348,-1532.190996,9252.574275
16483.696403,-148.041188,-1302.362347,8586.388927
16483.696727,-666.185348,-995.924147,9030.512492
16483.697052,-888.247130,-612.876398,9400.615463
16483.697376,-518.144159,-383.047749,9252.574275
16483.697700,-1184.329507,306.438199,8808.450710
16483.698025,-370.102971,689.485948,9252.574275
16483.698349,0.000000,842.705048,9548.656652
16483.698673,-666.185348,1302.362347,9400.615463
16483.698998,-666.185348,1532.190996,9178.553681
16483.699322,-370.102971,1838.629195,9622.677246
16483.699646,-148.041188,1838.629195,9104.533087
16483.699970,-888.247130,2145.067394,9178.553681
16483.700295,-1406.391290,2145.067394,8438.347739
16483.700619,-888.247130,2451.505594,9030.512492
16483.700943,-962.267725,2451.505594,8956.491898
16483.701268,-222.061783,2834.553343,9030.512492
16483.701592,-888.247130,2681.334243,8734.430116
16483.701916,-888.247130,3140.991542,8734.430116
16483.702241,814.226536,3294.210641,9400.615463
16483.702565,888.247130,3140.991542,9326.594869
16483.702889,-518.144159,2681.334243,9030.512492
16483.703214,-370.102971,3294.210641,8660.409521
16483.703538,888.247130,2987.772442,9252.574275
16483.703862,148.041188,2451.505594,8734.430116
16483.704187,-444.123565,2451.505594,9178.553681
16483.704511,-740.205942,2604.724693,8364.327145
16483.704835,-370.102971,2221.676944,9178.553681
16483.705160,0.000000,2145.067394,9252.574275
16483.705484,-296.082377,2298.286494,9252.574275
16483.705808,-148.041188,2451.505594,8956.491898
16483.706133,518.144159,1915.238745,8956.491898
16483.706457,1406.391290,1685.410096,9770.718434
16483.706781,370.102971,1378.971896,9770.718434
16483.707105,-222.061783,1149.143247,9548.656652
16483.707430,370.102971,919.314598,9474.636058
16483.707754,518.144159,536.266849,9400.615463
16483.708078,370.102971,0.000000,9474.636058
16483.708403,0.000000,153.219100,8512.368333
16483.708727,222.061783,0.000000,8808.450710
16483.709051,518.144159,-689.485948,9474.636058
16483.709376,444.123565,-689.485948,9030.512492
16483.709700,518.144159,-689.485948,9178.553681
16483.710024,592.164754,-919.314598,8808.450710
16483.710349,1406.391290,-1072.533697,8808.450710
16483.710673,1036.288319,-1378.971896,9252.574275
16483.710997,0.000000,-1991.848295,8882.471304
16483.711322,74.020594,-2068.457845,9104.533087
16483.711646,888.247130,-2374.896044,9622.677246
16483.711970,666.185348,-2834.553343,9992.780217
16483.712295,-370.102971,-2911.162892,9918.759623
16483.712619,0.000000,-2911.162892,9770.718434
16483.712943,666.185348,-2834.553343,10066.800811
16483.713267,1036.288319,-2451.505594,10510.924376
16483.713592,592.164754,-1838.629195,9992.780217
16483.713916,0.000000,-1915.238745,9844.739029
16483.714240,888.247130,-1685.410096,10140.821405
16483.714565,1924.535449,-1149.143247,10510.924376
16483.714889,518.144159,-1225.752797,10140.821405
16483.715213,0.000000,-995.924147,9622.677246
16483.715538,444.123565,-689.485948,9770.718434
16483.715862,518.144159,0.000000,9474.636058
16483.716186,-666.185348,-383.047749,9622.677246
16483.716511,-1184.329507,0.000000,8660.409521
16483.716835,-592.164754,306.438199,8438.347739
16483.717159,-740.205942,536.266849,8882.471304
16483.717484,-592.164754,1149.143247,8438.347739
16483.717808,-888.247130,1838.629195,8216.285956
16483.718132,-814.226536,2145.067394,8068.244768
16483.718457,148.041188,2451.505594,8734.430116
16483.718781,370.102971,2451.505594,8734.430116
16483.719105,-592.164754,2451.505594,8882.471304
16483.719430,-888.247130,2451.505594,8660.409521
16483.719754,296.082377,2757.943793,8808.450710
16483.720078,-444.123565,2451.505594,9622.677246
16483.720402,-740.205942,2528.115143,9030.512492
16483.720727,-1332.370696,2757.943793,8956.491898
16483.721051,-888.247130,2451.505594,9252.574275
16483.721375,-444.123565,2987.772442,9918.759623
16483.721700,-370.102971,3370.820191,9696.697840
16483.722024,-592.164754,3830.477490,9252.574275
16483.722348,-592.164754,3677.258390,9104.533087
16483.722673,592.164754,3677.258390,9400.615463
16483.722997,74.020594,3217.601092,10066.800811
16483.723321,-1184.329507,2834.553343,9104.533087
16483.723646,-888.247130,3447.429741,9104.533087
16483.723970,-222.061783,2528.115143,9104.533087
16483.724294,-1110.308913,2604.724693,8734.430116
16483.724619,-1258.350101,1302.362347,9104.533087
16483.724943,-666.185348,2145.067394,7994.224174
16483.725267,-592.164754,1608.800546,8734.430116
16483.725592,-592.164754,1378.971896,8882.471304
16483.725916,-296.082377,1608.800546,8808.450710
16483.726240,-518.144159,1072.533697,8512.368333
16483.726565,518.144159,1762.019645,9030.512492
16483.726889,1628.453072,459.657299,9252.574275
16483.727213,444.123565,536.266849,9474.636058
16483.727537,0.000000,0.000000,9030.512492
16483.727862,1036.288319,0.000000,9474.636058
16483.728186,1036.288319,-612.876398,9696.697840
16483.728510,222.061783,-1225.752797,9696.697840
16483.728835,0.000000,-995.924147,9178.553681
16483.729159,592.164754,-1762.019645,9474.636058
16483.729483,444.123565,-1608.800546,9992.780217
16483.729808,1110.308913,-2068.457845,10214.842000
16483.730132,592.164754,-1762.019645,10066.800811
16483.730456,592.164754,-1991.848295,9696.697840
16483.730781,1998.556043,-1991.848295,10436.903782
16483.731105,2294.638420,-1915.238745,10140.821405
16483.731429,370.102971,-2068.457845,9844.739029
16483.731754,666.185348,-2298.286494,9992.780217
16483.732078,2220.617826,-2145.067394,9474.636058
16483.732402,592.164754,-2451.505594,10066.800811
16483.732727,0.000000,-2145.067394,9622.677246
16483.733051,148.041188,-1991.848295,9178.553681
16483.733375,0.000000,-1302.362347,8956.491898
16483.733700,814.226536,-1532.190996,9548.656652
16483.734024,222.061783,-1225.752797,8808.450710
16483.734348,-74.020594,-536.266849,8882.471304
16483.734672,518.144159,-306.438199,9030.512492
16483.734997,1036.288319,306.438199,9622.677246
16483.735321,0.000000,306.438199,9474.636058
16483.735645,-962.267725,459.657299,9178.553681
16483.735970,-296.082377,919.314598,9474.636058
16483.736294,0.000000,766.095498,9548.656652
16483.736618,-888.247130,1149.143247,9104.533087
16483.736943,-1184.329507,1915.238745,8512.368333
16483.737267,-1036.288319,1608.800546,8956.491898
16483.737591,-1258.350101,1838.629195,9178.553681
16483.737916,-666.185348,1838.629195,9400.615463
16483.738240,-296.082377,2145.067394,9030.512492
16483.738564,-740.205942,1991.848295,8364.327145
16483.738889,0.000000,3294.210641,8956.491898
16483.739213,740.205942,2604.724693,9400.615463
16483.739537,-592.164754,2298.286494,9030.512492
16483.739862,-666.185348,2604.724693,9104.533087
16483.740186,296.082377,2681.334243,9030.512492
16483.740510,-148.041188,2451.505594,9252.574275
16483.740834,-962.267725,2451.505594,9474.636058
16483.741159,0.000000,2604.724693,9104.533087
16483.741483,222.061783,3140.991542,8734.430116
16483.741807,-148.041188,2528.115143,9400.615463
16483.742132,0.000000,2987.772442,9326.594869
16483.742456,-296.082377,2834.553343,9104.533087
16483.742780,0.000000,2681.334243,8882.471304
16483.743105,888.247130,3064.381992,9104.533087
16483.743429,148.041188,2681.334243,9030.512492
16483.743753,-222.061783,1762.019645,9030.512492
16483.744078,0.000000,1838.629195,9104.533087
16483.744402,444.123565,1302.362347,9178.553681
16483.744726,-370.102971,766.095498,9622.677246
16483.745051,-370.102971,766.095498,9252.574275
16483.745375,222.061783,536.266849,9030.512492
16483.745699,-444.123565,229.828649,9030.512492
16483.746024,666.185348,306.438199,9252.574275
16483.746348,888.247130,0.000000,9326.594869
16483.746672,444.123565,-459.657299,8956.491898
16483.746997,1480.411884,-229.828649,9178.553681
16483.747321,2294.638420,-229.828649,9474.636058
16483.747645,666.185348,-995.924147,9030.512492
16483.747969,296.082377,-1225.752797,9030.512492
16483.748294,1332.370696,-1685.410096,9474.636058
16483.748618,962.267725,-2145.067394,9474.636058
16483.748942,-370.102971,-2221.676944,9622.677246
16483.749267,0.000000,-2221.676944,9622.677246
16483.749591,444.123565,-2528.115143,9548.656652
16483.749915,222.061783,-2604.724693,9918.759623
16483.750240,666.185348,-1302.362347,10288.862594
16483.750564,222.061783,-1915.238745,10066.800811
16483.750888,666.185348,-2451.505594,9770.718434
16483.751213,1776.494261,-1915.238745,10214.842000
16483.751537,1184.329507,-1762.019645,10436.903782
16483.751861,0.000000,-2145.067394,9844.739029
16483.752186,518.144159,-1225.752797,9918.759623
16483.752510,962.267725,-919.314598,9770.718434
16483.752834,0.000000,-1685.410096,9918.759623
16483.753159,-222.061783,-1455.581446,9474.636058
16483.753483,-222.061783,-766.095498,8956.491898
16483.753807,-592.164754,-612.876398,9400.615463
16483.754132,0.000000,-229.828649,9622.677246
16483.754456,74.020594,612.876398,9326.594869
16483.754780,-518.144159,1378.971896,8882.471304
16483.755104,444.123565,1685.410096,9400.615463
16483.755429,814.226536,1225.752797,8438.347739
16483.755753,-148.041188,1608.800546,9104.533087
16483.756077,-888.247130,1991.848295,8808.450710
16483.756402,-370.102971,2374.896044,8956.491898
16483.756726,-666.185348,1991.848295,8808.450710
16483.757050,-1554.432478,2681.334243,8808.450710
16483.757375,-1628.453072,2451.505594,9030.512492
16483.757699,-1554.432478,2681.334243,8438.347739
16483.758023,-1184.329507,2451.505594,9178.553681
16483.758348,-1258.350101,2911.162892,9252.574275
16483.758672,-1554.432478,2834.553343,9104.533087
16483.758996,-1258.350101,3140.991542,8882.471304
16483.759321,444.123565,3064.381992,8882.471304
16483.759645,-222.061783,3830.477490,9474.636058
16483.759969,-1406.391290,3217.601092,9178.553681
16483.760294,-740.205942,3370.820191,9178.553681
16483.760618,74.020594,3294.210641,9252.574275
16483.760942,-1184.329507,3064.381992,9548.656652
16483.761267,-1184.329507,2604.724693,9474.636058
16483.761591,-1110.308913,3447.429741,8882.471304
16483.761915,0.000000,3370.820191,8956.491898
16483.762239,-296.082377,2834.553343,9030.512492
16483.762564,-518.144159,2451.505594,9030.512492
16483.762888,-518.144159,2604.724693,8512.368333
16483.763212,370.102971,2374.896044,8882.471304
16483.763537,1036.288319,1991.848295,9178.553681
16483.763861,0.000000,1762.019645,9252.574275
16483.764185,-74.020594,1608.800546,8586.388927
16483.764510,370.102971,1532.190996,8734.430116
16483.764834,370.102971,459.657299,8956.491898
16483.765158,-444.123565,153.219100,8956.491898
16483.765483,-296.082377,0.000000,9030.512492
16483.765807,0.000000,-459.657299,8660.409521
16483.766131,222.061783,-995.924147,9030.512492
16483.766456,592.164754,-995.924147,9326.594869
16483.766780,592.164754,-995.924147,9326.594869
16483.767104,1110.308913,-1608.800546,9474.636058
16483.767429,2294.638420,-1225.752797,10288.862594
16483.767753,2146.597232,-1685.410096,10362.883188
16483.768077,1110.308913,-2068.457845,10288.862594
16483.768402,1110.308913,-2451.505594,10066.800811
16483.768726,2294.638420,-2451.505594,10066.800811
16483.769050,1480.411884,-2528.115143,10658.965565
16483.769374,148.041188,-2834.553343,10140.821405
16483.769699,518.144159,-2604.724693,9696.697840
16483.770023,666.185348,-2451.505594,10140.821405
16483.770347,518.144159,-2451.505594,9992.780217
16483.770672,296.082377,-1915.238745,9696.697840
16483.770996,-444.123565,-1915.238745,8586.388927
16483.771320,592.164754,-1149.143247,9252.574275
16483.771645,1258.350101,-919.314598,9400.615463
16483.771969,0.000000,-995.924147,9400.615463
16483.772293,-888.247130,-919.314598,8882.471304
16483.772618,0.000000,-459.657299,9178.553681
16483.772942,-222.061783,-229.828649,9252.574275
16483.773266,-1554.432478,-229.828649,9326.594869
16483.773591,-1554.432478,383.047749,9400.615463
16483.773915,-1036.288319,0.000000,8734.430116
16483.774239,-1184.329507,842.705048,9252.574275
16483.774564,-1036.288319,995.924147,9326.594869
16483.774888,-1110.308913,1378.971896,8956.491898
16483.775212,-666.185348,1838.629195,8438.347739
16483.775536,592.164754,2221.676944,8956.491898
16483.775861,962.267725,2451.505594,9252.574275
16483.776185,-962.267725,2068.457845,8364.327145
16483.776509,-888.247130,2451.505594,9030.512492
16483.776834,370.102971,2528.115143,9326.594869
16483.777158,0.000000,2298.286494,9474.636058
16483.777482,-1184.329507,2451.505594,8956.491898
16483.777807,-518.144159,2451.505594,8956.491898
16483.778131,0.000000,3370.820191,9252.574275
16483.778455,-296.082377,3217.601092,9548.656652
16483.778780,-222.061783,3294.210641,9252.574275
16483.779104,-444.123565,3447.429741,8808.450710
16483.779428,296.082377,3524.039291,8512.368333
16483.779753,1110.308913,3830.477490,9252.574275
16483.780077,0.000000,3600.648841,9252.574275
16483.780401,-740.205942,3370.820191,8142.265362
16483.780726,0.000000,2451.505594,8586.388927
16483.781050,0.000000,2604.724693,9030.512492
16483.781374,-962.267725,1838.629195,9400.615463
16483.781699,-1110.308913,1532.190996,8734.430116
16483.782023,-370.102971,1302.362347,8512.368333
16483.782347,0.000000,919.314598,8660.409521
16483.782671,0.000000,1149.143247,9474.636058
16483.782996,444.123565,536.266849,9548.656652
16483.783320,370.102971,383.047749,8808.450710
16483.783644,1332.370696,919.314598,9400.615463
16483.783969,1850.514855,612.876398,9696.697840
16483.784293,814.226536,0.000000,9474.636058
16483.784617,666.185348,-229.828649,9178.553681
16483.784942,814.226536,-536.266849,8808.450710
16483.785266,888.247130,-1225.752797,9326.594869
16483.785590,0.000000,-1608.800546,9400.615463
16483.785915,-296.082377,-2221.676944,9400.615463
16483.786239,148.041188,-1991.848295,9400.615463
16483.786563,222.061783,-2221.676944,9918.759623
16483.786888,1036.288319,-1685.410096,10066.800811
16483.787212,666.185348,-2374.896044,9474.636058
16483.787536,814.226536,-1915.238745,9474.636058
16483.787861,1628.453072,-1838.629195,9918.759623
16483.788185,1258.350101,-2451.505594,10214.842000
16483.788509,222.061783,-2681.334243,9696.697840
16483.788834,888.247130,-2298.286494,9622.677246
16483.789158,1184.329507,-1532.190996,9400.615463
16483.789482,296.082377,-2757.943793,9770.718434
16483.789806,-592.164754,-2145.067394,9622.677246
16483.790131,-296.082377,-1608.800546,8956.491898
16483.790455,296.082377,-1838.629195,9474.636058
16483.790779,222.061783,-1455.581446,9622.677246
16483.791104,0.000000,-995.924147,9474.636058
16483.791428,-370.102971,0.000000,9326.594869
16483.791752,518.144159,229.828649,9770.718434
16483.792077,1480.411884,459.657299,9696.697840
16483.792401,148.041188,766.095498,9770.718434
16483.792725,-888.247130,995.924147,9178.553681
16483.793050,0.000000,1149.143247,9252.574275
16483.793374,0.000000,1378.971896,9474.636058
16483.793698,-814.226536,1455.581446,9030.512492
16483.794023,-1184.329507,1915.238745,8290.306550
16483.794347,-962.267725,2604.724693,8142.265362
16483.794671,-888.247130,2451.505594,8512.368333
16483.794996,-814.226536,2681.334243,8956.491898
16483.795320,-962.267725,2987.772442,8956.491898
16483.795644,-1036.288319,3064.381992,8216.285956
16483.795969,0.000000,3140.991542,8660.409521
16483.796293,222.061783,3753.867940,8956.491898
16483.796617,-1110.308913,3294.210641,8364.327145
16483.796942,-1332.370696,3370.820191,9030.512492
16483.797266,-592.164754,2987.772442,8660.409521
16483.797590,-888.247130,3064.381992,9400.615463
16483.797915,-1480.411884,2757.943793,9474.636058
16483.798239,-1110.308913,3064.381992,9178.553681
16483.798563,-1036.288319,2757.943793,9178.553681
16483.798888,-592.164754,2451.505594,9918.759623
16483.799212,-222.061783,3370.820191,9770.718434
16483.799536,-222.061783,2911.162892,9030.512492
16483.799861,0.000000,2987.772442,9326.594869
16483.800185,666.185348,2834.553343,9474.636058
16483.800509,74.020594,2987.772442,9474.636058
16483.800834,-222.061783,2374.896044,8882.471304
16483.801158,444.123565,1915.238745,9178.553681
16483.801482,296.082377,1915.238745,9326.594869
16483.801807,-444.123565,842.705048,8808.450710
16483.802131,-962.267725,919.314598,8512.368333
16483.802455,-296.082377,536.266849,8216.285956
16483.802780,-148.041188,76.609550,8660.409521
16483.803104,-148.041188,-383.047749,8882.471304
16483.803428,518.144159,0.000000,8364.327145
16483.803753,222.061783,-536.266849,9030.512492
16483.804077,962.267725,-612.876398,9104.533087
16483.804401,1850.514855,-995.924147,9844.739029
16483.804726,296.082377,-1915.238745,9548.656652
16483.805050,148.041188,-1991.848295,9474.636058
16483.805374,1406.391290,-1991.848295,9696.697840
16483.805699,1036.288319,-2681.334243,10214.842000
16483.806023,148.041188,-2911.162892,10436.903782
16483.806347,444.123565,-2681.334243,9992.780217
16483.806672,1184.329507,-2757.943793,10214.842000
16483.806996,1110.308913,-2757.943793,10807.006753
16483.807320,1184.329507,-2604.724693,10584.944971
16483.807645,740.205942,-2145.067394,10214.842000
16483.807969,962.267725,-2068.457845,9918.759623
16483.808293,2072.576638,-1302.362347,9474.636058
16483.808618,1406.391290,-2068.457845,10214.842000
16483.808942,148.041188,-1455.581446,9030.512492
16483.809266,296.082377,-919.314598,9252.574275
16483.809591,888.247130,-1225.752797,9178.553681
16483.809915,-666.185348,-1532.190996,9770.718434
16483.810239,-1184.329507,-689.485948,8438.347739
16483.810564,-814.226536,229.828649,8290.306550
16483.810888,-740.205942,-153.219100,9030.512492
16483.811212,-740.205942,76.609550,9326.594869
16483.811537,-1406.391290,612.876398,9104.533087
16483.811861,-1110.308913,919.314598,8438.347739
16483.812185,-296.082377,1455.581446,9104.533087
16483.812510,-444.123565,2451.505594,9326.594869
16483.812834,-1184.329507,1685.410096,8956.491898
16483.813158,-1036.288319,2221.676944,8660.409521
16483.813483,-222.061783,2451.505594,8882.471304
16483.813807,-296.082377,2068.457845,9400.615463
16483.814131,-1184.329507,1991.848295,9178.553681
16483.814456,-1110.308913,2681.334243,9030.512492
16483.814780,-296.082377,2374.896044,9104.533087
16483.815104,74.020594,2757.943793,9622.677246
16483.815429,0.000000,3140.991542,9622.677246
16483.815753,-370.102971,3370.820191,9252.574275
16483.816077,222.061783,3140.991542,9104.533087
16483.816402,1406.391290,3447.429741,9622.677246
16483.816726,518.144159,3294.210641,9548.656652
16483.817050,-370.102971,2911.162892,8956.491898
16483.817375,148.041188,3447.429741,8438.347739
16483.817699,592.164754,2987.772442,9252.574275
16483.818023,-148.041188,1685.410096,9178.553681
16483.818348,-1184.329507,2298.286494,8512.368333
16483.818672,-518.144159,2374.896044,8512.368333
16483.818996,-222.061783,2145.067394,8808.450710
16483.819321,-370.102971,1685.410096,9252.574275
16483.819645,-370.102971,1302.362347,8660.409521
16483.819969,-518.144159,1685.410096,8438.347739
16483.820294,592.164754,2068.457845,8882.471304
16483.820618,1776.494261,1072.533697,9622.677246
16483.820942,444.123565,766.095498,9696.697840
16483.821267,296.082377,536.266849,9178.553681
16483.821591,1036.288319,459.657299,9474.636058
16483.821915,1776.494261,-153.219100,9844.739029
16483.822240,296.082377,-459.657299,9474.636058
16483.822564,518.144159,-1378.971896,9104.533087
16483.822888,296.082377,-1072.533697,8956.491898
16483.823213,740.205942,-1225.752797,9770.718434
16483.823537,962.267725,-1608.800546,9992.780217
16483.823861,148.041188,-1838.629195,9696.697840
16483.824186,148.041188,-1991.848295,9252.574275
16483.824510,1554.432478,-2145.067394,9696.697840
16483.824834,962.267725,-1991.848295,9844.739029
16483.825159,222.061783,-2451.505594,9622.677246
16483.825483,0.000000,-2221.676944,9474.636058
16483.825807,1184.329507,-2451.505594,9474.636058
16483.826132,444.123565,-2681.334243,10066.800811
16483.826456,-296.082377,-2451.505594,9918.759623
16483.826780,0.000000,-2068.457845,9178.553681
16483.827105,74.020594,-2374.896044,9474.636058
16483.827429,0.000000,-2451.505594,9844.739029
16483.827753,0.000000,-1608.800546,9770.718434
16483.828078,0.000000,-1225.752797,9474.636058
16483.828402,370.102971,-842.705048,9178.553681
16483.828726,1184.329507,-536.266849,9770.718434
16483.829051,148.041188,-383.047749,9696.697840
16483.829375,-296.082377,0.000000,9622.677246
16483.829699,296.082377,536.266849,9326.594869
16483.830024,74.020594,76.609550,9548.656652
16483.830348,-740.205942,383.047749,9474.636058
16483.830672,-592.164754,1149.143247,9030.512492
16483.830997,-444.123565,1302.362347,8512.368333
16483.831321,-148.041188,1608.800546,8586.388927
16483.831645,-222.061783,2145.067394,9030.512492
16483.831970,-296.082377,2451.505594,8512.368333
16483.832294,-592.164754,2451.505594,8660.409521
16483.832618,296.082377,2604.724693,8808.450710
16483.832943,444.123565,2987.772442,9104.533087
16483.833267,-1110.308913,2834.553343,9030.512492
16483.833591,-814.226536,2604.724693,8956.491898
16483.833916,148.041188,2681.334243,9030.512492
16483.834240,-814.226536,3370.820191,8956.491898
16483.834564,-1850.514855,2528.115143,9252.574275
16483.834889,-1332.370696,3064.381992,8882.471304
16483.835213,-814.226536,3140.991542,9178.553681
16483.835537,-1036.288319,2987.772442,9770.718434
16483.835862,-666.185348,3753.867940,9696.697840
16483.836186,-1628.453072,3447.429741,8956.491898
16483.836510,0.000000,3217.601092,8882.471304
16483.836835,740.205942,3753.867940,9474.636058
16483.837159,-296.082377,3217.601092,9474.636058
16483.837483,-962.267725,2911.162892,8956.491898
16483.837808,0.000000,2604.724693,9178.553681
16483.838132,0.000000,2528.115143,9178.553681
16483.838456,-592.164754,2451.505594,9252.574275
16483.838781,-888.247130,1685.410096,8512.368333
16483.839105,-518.144159,1378.971896,8068.244768
16483.839429,-296.082377,1378.971896,8660.409521
16483.839754,0.000000,1302.362347,8808.450710
16483.840078,0.000000,919.314598,8660.409521
16483.840402,0.000000,459.657299,8364.327145
16483.840727,444.123565,459.657299,8734.430116
16483.841051,1258.350101,0.000000,9178.553681
16483.841375,74.020594,-383.047749,8956.491898
16483.841700,0.000000,-766.095498,9030.512492
16483.842024,888.247130,-919.314598,9400.615463
16483.842348,444.123565,-1532.190996,9918.759623
16483.842673,0.000000,-2451.505594,9844.739029
16483.842997,148.041188,-1838.629195,9622.677246
16483.843321,592.164754,-2221.676944,9770.718434
16483.843646,814.226536,-2451.505594,10288.862594
16483.843970,1184.329507,-2298.286494,10510.924376
16483.844294,1036.288319,-2068.457845,10214.842000
16483.844619,1184.329507,-2068.457845,9992.780217
16483.844943,2590.720797,-1608.800546,10658.965565
16483.845267,2146.597232,-2374.896044,10066.800811
16483.845592,592.164754,-2451.505594,10140.821405
16483.845916,962.267725,-1685.410096,9622.677246
16483.846240,1554.432478,-1915.238745,9696.697840
16483.846565,0.000000,-2221.676944,9770.718434
16483.846889,-222.061783,-1762.019645,9104.533087
16483.847213,222.061783,-842.705048,8512.368333
16483.847538,74.020594,-1685.410096,8956.491898
16483.847862,74.020594,-995.924147,9696.697840
16483.848186,-370.102971,-153.219100,8882.471304
16483.848511,-592.164754,76.609550,8882.471304
16483.848835,0.000000,536.266849,9104.533087
16483.849159,222.061783,536.266849,9400.615463
16483.849484,-1628.453072,1378.971896,8808.450710
16483.849808,-1480.411884,1685.410096,8364.327145
16483.850132,-592.164754,1455.581446,9030.512492
16483.850457,-962.267725,1608.800546,9030.512492
16483.850781,-1702.473667,1991.848295,9030.512492
16483.851105,-1776.494261,2068.457845,8512.368333
16483.851430,-1110.308913,2145.067394,8438.347739
16483.851754,-888.247130,2145.067394,8882.471304
16483.852078,-370.102971,2374.896044,9030.512492
16483.852403,-148.041188,2911.162892,8882.471304
16483.852727,0.000000,2911.162892,8438.347739
16483.853051,1036.288319,3140.991542,9474.636058
16483.853376,888.247130,2987.772442,9992.780217
16483.853700,0.000000,2757.943793,9252.574275
16483.854024,-74.020594,2834.553343,9104.533087
16483.854349,962.267725,2834.553343,8956.491898
16483.854673,222.061783,2911.162892,9178.553681
16483.854997,-444.123565,2604.724693,8882.471304
16483.855322,-222.061783,2987.772442,9030.512492
16483.855646,-222.061783,2451.505594,8956.491898
16483.855970,0.000000,2145.067394,9474.636058
16483.856295,0.000000,2221.676944,9104.533087
16483.856619,-370.102971,2451.505594,8364.327145
16483.856943,74.020594,1838.629195,8956.491898
16483.857268,370.102971,1915.238745,9104.533087
16483.857592,0.000000,1455.581446,9030.512492
16483.857916,-222.061783,1532.190996,8956.491898
16483.858241,0.000000,1072.533697,9252.574275
16483.858565,296.082377,536.266849,9400.615463
16483.858889,0.000000,76.609550,9252.574275
16483.859214,0.000000,153.219100,8956.491898
16483.859538,370.102971,-306.438199,8882.471304
16483.859862,370.102971,-229.828649,9178.553681
16483.860187,666.185348,-306.438199,9474.636058
16483.860511,740.205942,-383.047749,9622.677246
16483.860835,592.164754,-766.095498,9252.574275
16483.861160,1702.473667,-1149.143247,9696.697840
16483.861484,1702.473667,-1302.362347,10066.800811
16483.861808,444.123565,-1915.238745,9770.718434
16483.862133,148.041188,-1838.629195,9622.677246
16483.862457,1406.391290,-2298.286494,9918.759623
16483.862781,148.041188,-2298.286494,9844.739029
16483.863105,-444.123565,-2681.334243,9696.697840
16483.863430,0.000000,-2374.896044,9474.636058
16483.863754,148.041188,-2604.724693,9104.533087
16483.864078,444.123565,-1991.848295,9622.677246
16483.864403,444.123565,-1685.410096,9844.739029
16483.864727,0.000000,-1455.581446,9548.656652
16483.865051,666.185348,-1302.362347,9696.697840
16483.865376,1702.473667,-1302.362347,10066.800811
16483.865700,444.123565,-1378.971896,9918.759623
16483.866024,-296.082377,-766.095498,9474.636058
16483.866349,888.247130,-1149.143247,9326.594869
16483.866673,592.164754,-1225.752797,9474.636058
16483.866997,-814.226536,-766.095498,9770.718434
16483.867322,-888.247130,-612.876398,9326.594869
16483.867646,-296.082377,0.000000,9252.574275
16483.867970,-444.123565,229.828649,9326.594869
16483.868295,0.000000,612.876398,9252.574275
16483.868619,-296.082377,689.485948,9104.533087
16483.868943,-592.164754,1685.410096,8364.327145
16483.869268,592.164754,1378.971896,8956.491898
16483.869592,888.247130,1991.848295,9252.574275
16483.869916,-592.164754,2068.457845,8734.430116
16483.870241,-962.267725,2298.286494,8734.430116
16483.870565,0.000000,2987.772442,8290.306550
16483.870889,-518.144159,2374.896044,9252.574275
16483.871214,-1258.350101,2681.334243,9030.512492
16483.871538,-1184.329507,3140.991542,8512.368333
16483.871862,-1332.370696,2987.772442,8882.471304
16483.872187,-1332.370696,2987.772442,9326.594869
16483.872511,-962.267725,3294.210641,9474.636058
16483.872835,-1110.308913,3294.210641,9178.553681
16483.873160,-666.185348,3907.087040,9400.615463
16483.873484,-370.102971,3524.039291,9696.697840
16483.873808,-370.102971,3064.381992,9844.739029
16483.874133,-1628.453072,3294.210641,9326.594869
16483.874457,-1036.288319,3140.991542,9104.533087
16483.874781,-444.123565,2987.772442,9326.594869
16483.875106,-1184.329507,3524.039291,9326.594869
16483.875430,-1332.370696,2604.724693,8586.388927
16483.875754,-296.082377,2145.067394,8068.244768
16483.876079,-444.123565,2298.286494,8586.388927
16483.876403,-370.102971,1838.629195,9030.512492
16483.876727,0.000000,1991.848295,8586.388927
16483.877052,-148.041188,1762.019645,8438.347739
16483.877376,740.205942,2221.676944,8660.409521
16483.877700,1406.391290,1838.629195,8438.347739
16483.878025,74.020594,1072.533697,8882.471304
16483.878349,222.061783,536.266849,8734.430116
16483.878673,1036.288319,383.047749,9178.553681
16483.878998,592.164754,0.000000,9400.615463
16483.879322,-222.061783,-919.314598,9474.636058
16483.879646,0.000000,-1072.533697,9104.533087
16483.879971,592.164754,-1455.581446,9474.636058
16483.880295,666.185348,-1225.752797,9548.656652
16483.880619,1036.288319,-1915.238745,9844.739029
16483.880944,444.123565,-1915.238745,9770.718434
16483.881268,1110.308913,-1915.238745,9918.759623
16483.881592,2220.617826,-1991.848295,10362.883188
16483.881917,1628.453072,-2451.505594,10436.903782
16483.882241,444.123565,-1608.800546,10214.842000
16483.882565,1332.370696,-2528.115143,9770.718434
16483.882890,1628.453072,-2451.505594,10288.862594
16483.883214,518.144159,-2834.553343,10436.903782
16483.883538,148.041188,-2451.505594,9918.759623
16483.883863,740.205942,-2145.067394,9548.656652
16483.884187,592.164754,-1915.238745,9696.697840
16483.884511,222.061783,-1838.629195,9696.697840
16483.884836,222.061783,-1149.143247,9326.594869
16483.885160,0.000000,-995.924147,9178.553681
16483.885484,666.185348,-689.485948,9178.553681
16483.885809,592.164754,-306.438199,9696.697840
16483.886133,-222.061783,0.000000,9548.656652
16483.886457,-740.205942,229.828649,9252.574275
16483.886782,-444.123565,536.266849,8734.430116
16483.887106,-888.247130,766.095498,9178.553681
16483.887430,-1406.391290,1072.533697,8808.450710
16483.887755,-2368.659014,1455.581446,8142.265362
16483.888079,-1480.411884,1685.410096,8438.347739
16483.888403,-1332.370696,2221.676944,8438.347739
16483.888728,-962.267725,2221.676944,8808.450710
16483.889052,-814.226536,2451.505594,8364.327145
16483.889376,-1036.288319,2528.115143,8290.306550
16483.889701,0.000000,2604.724693,9104.533087
16483.890025,148.041188,2374.896044,9178.553681
16483.890349,-962.267725,2145.067394,8956.491898
16483.890674,-370.102971,2604.724693,8956.491898
16483.890998,296.082377,2528.115143,9252.574275
16483.891322,0.000000,2834.553343,9548.656652
16483.891647,-666.185348,2451.505594,9474.636058
16483.891971,0.000000,3217.601092,8586.388927
16483.892295,592.164754,3140.991542,9474.636058
16483.892620,444.123565,3064.381992,9696.697840
16483.892944,0.000000,3064.381992,9252.574275
16483.893268,0.000000,2834.553343,9104.533087
16483.893593,1036.288319,3370.820191,9030.512492
16483.893917,1332.370696,3217.601092,9474.636058
16483.894241,0.000000,2374.896044,8882.471304
16483.894565,-444.123565,2145.067394,8586.388927
16483.894890,0.000000,1991.848295,8734.430116
16483.895214,148.041188,1149.143247,9326.594869
16483.895538,-592.164754,842.705048,9178.553681
16483.895863,-962.267725,612.876398,8586.388927
16483.896187,-222.061783,689.485948,7994.224174
16483.896511,0.000000,536.266849,9104.533087
16483.896836,222.061783,306.438199,8956.491898
16483.897160,148.041188,383.047749,8882.471304
16483.897484,666.185348,229.828649,9030.512492
16483.897809,1628.453072,0.000000,9252.574275
16483.898133,1702.473667,-383.047749,9622.677246
16483.898457,370.102971,-1532.190996,9918.759623
16483.898782,666.185348,-1149.143247,9918.759623
16483.899106,1554.432478,-2145.067394,9696.697840
16483.899430,1036.288319,-2451.505594,10066.800811
16483.899755,0.000000,-2451.505594,10066.800811
16483.900079,0.000000,-2528.115143,9326.594869
16483.900403,518.144159,-2528.115143,9918.759623
16483.900727,888.247130,-2068.457845,10288.862594
16483.901052,592.164754,-2374.896044,9696.697840
16483.901376,666.185348,-2298.286494,9770.718434
16483.901700,1332.370696,-2145.067394,9844.739029
16483.902025,1702.473667,-1838.629195,10288.862594
16483.902349,592.164754,-1915.238745,10140.821405
16483.902673,0.000000,-1915.238745,9400.615463
16483.902998,518.144159,-1225.752797,9992.780217
16483.903322,222.061783,-1455.581446,9696.697840
16483.903646,-592.164754,-1685.410096,9474.636058
16483.903971,-666.185348,-1455.581446,9326.594869
16483.904295,-370.102971,-995.924147,9178.553681
16483.904619,-592.164754,-689.485948,9474.636058
16483.904944,-1036.288319,-306.438199,9178.553681
16483.905268,0.000000,-76.609550,9030.512492
16483.905592,-296.082377,612.876398,8512.368333
16483.905917,222.061783,995.924147,9474.636058
16483.906241,814.226536,1378.971896,9548.656652
16483.906565,-222.061783,1532.190996,9474.636058
16483.906890,-592.164754,1685.410096,8734.430116
16483.907214,74.020594,2068.457845,9178.553681
16483.907538,0.000000,2145.067394,8882.471304
16483.907862,-444.123565,2068.457845,9104.533087
16483.908187,-962.267725,2374.896044,8882.471304
16483.908511,-444.123565,2987.772442,9030.512492
16483.908835,-518.144159,2681.334243,9400.615463
16483.909160,-222.061783,2987.772442,9252.574275
16483.909484,-888.247130,3370.820191,9104.533087
16483.909808,-370.102971,3677.258390,8882.471304
16483.910133,666.185348,3370.820191,9030.512492
16483.910457,222.061783,3217.601092,9770.718434
16483.910781,-1554.432478,2757.943793,8956.491898
16483.911106,-1110.308913,3447.429741,9030.512492
16483.911430,-444.123565,3217.601092,9030.512492
16483.911754,-1628.453072,2681.334243,9326.594869
16483.912079,-1702.473667,3294.210641,9030.512492
16483.912403,-1184.329507,3140.991542,8734.430116
16483.912727,-888.247130,2451.505594,8364.327145
16483.913052,-666.185348,2681.334243,8956.491898
16483.913376,-666.185348,2681.334243,8882.471304
16483.913700,-666.185348,2451.505594,8438.347739
16483.914024,0.000000,2374.896044,8882.471304
16483.914349,1406.391290,2145.067394,9104.533087
16483.914673,592.164754,1915.238745,9474.636058
16483.914997,222.061783,1532.190996,9548.656652
16483.915322,666.185348,1225.752797,9030.512492
16483.915646,1036.288319,766.095498,9548.656652
16483.915970,222.061783,76.609550,9474.636058
16483.916295,222.061783,153.219100,9030.512492
16483.916619,444.123565,76.609550,9030.512492
16483.916943,592.164754,-689.485948,9400.615463
16483.917268,666.185348,-689.485948,9474.636058
16483.917592,444.123565,-689.485948,9252.574275
16483.917916,592.164754,-1455.581446,9252.574275
16483.918241,1332.370696,-1608.800546,9548.656652
16483.918565,1332.370696,-2068.457845,10066.800811
16483.918889,74.020594,-2451.505594,9622.677246
16483.919214,444.123565,-2145.067394,9400.615463
16483.919538,1184.329507,-2068.457845,9252.574275
16483.919862,444.123565,-3064.381992,10214.842000
16483.920187,74.020594,-3064.381992,9844.739029
16483.920511,1110.308913,-2604.724693,9770.718434
16483.920835,888.247130,-2528.115143,9918.759623
16483.921159,814.226536,-2374.896044,10288.862594
16483.921484,1110.308913,-1532.190996,10214.842000
16483.921808,592.164754,-1225.752797,9696.697840
16483.922132,1480.411884,-1685.410096,9844.739029
16483.922457,1998.556043,-766.095498,10214.842000
16483.922781,666.185348,-919.314598,9622.677246
16483.923105,0.000000,-1072.533697,9326.594869
16483.923430,0.000000,-383.047749,9548.656652
16483.923754,370.102971,-306.438199,9474.636058
16483.924078,-1036.288319,306.438199,8882.471304
16483.924403,-1332.370696,612.876398,8660.409521
16483.924727,-1258.350101,459.657299,8364.327145
16483.925051,-1184.329507,1072.533697,8956.491898
16483.925376,-962.267725,1302.362347,8808.450710
16483.925700,-1480.411884,1838.629195,8512.368333
16483.926024,-962.267725,2374.896044,8290.306550
16483.926349,-222.061783,2451.505594,8512.368333
16483.926673,296.082377,2068.457845,8660.409521
16483.926997,-962.267725,2528.115143,8512.368333
16483.927321,-1332.370696,2528.115143,8660.409521
16483.927646,-296.082377,2451.505594,8734.430116
16483.927970,-518.144159,2298.286494,9326.594869
16483.928294,-1258.350101,2451.505594,9104.533087
16483.928619,-814.226536,2757.943793,9326.594869
16483.928943,-740.205942,2374.896044,9474.636058
16483.929267,0.000000,2298.286494,9622.677246
16483.929592,0.000000,3064.381992,9696.697840
16483.929916,0.000000,3140.991542,9474.636058
16483.930240,592.164754,3447.429741,9104.533087
16483.930565,1480.411884,3524.039291,9770.718434
16483.930889,296.082377,3677.258390,9548.656652
16483.931213,0.000000,3140.991542,8586.388927
16483.931538,296.082377,2681.334243,9104.533087
16483.931862,296.082377,2451.505594,9030.512492
16483.932186,-518.144159,1915.238745,9252.574275
16483.932511,-740.205942,1915.238745,8808.450710
16483.932835,0.000000,1915.238745,8660.409521
16483.933159,-296.082377,842.705048,8586.388927
16483.933484,0.000000,536.266849,9474.636058
16483.933808,296.082377,995.924147,8734.430116
16483.934132,370.102971,1072.533697,8882.471304
16483.934456,962.267725,689.485948,8956.491898
16483.934781,1406.391290,76.609550,9474.636058
16483.935105,148.041188,0.000000,8956.491898
16483.935429,444.123565,-766.095498,9178.553681
16483.935754,1036.288319,-919.314598,8956.491898
16483.936078,814.226536,-1608.800546,9770.718434
16483.936402,-370.102971,-1915.238745,9474.636058
16483.936727,0.000000,-2068.457845,9622.677246
16483.937051,592.164754,-2221.676944,9844.739029
16483.937375,592.164754,-2604.724693,10214.842000
16483.937700,740.205942,-1991.848295,10288.862594
16483.938024,666.185348,-2068.457845,9696.697840
16483.938348,1110.308913,-1915.238745,9770.718434
16483.938673,2368.659014,-1915.238745,10214.842000
16483.938997,1628.453072,-1915.238745,10066.800811
16483.939321,518.144159,-2451.505594,9844.739029
16483.939646,1110.308913,-2221.676944,9844.739029
16483.939970,1406.391290,-2451.505594,10140.821405
16483.940294,0.000000,-2757.943793,9696.697840
16483.940619,-888.247130,-1762.019645,9400.615463
16483.940943,-222.061783,-1762.019645,9030.512492
16483.941267,-296.082377,-1685.410096,9400.615463
16483.941591,-370.102971,-1455.581446,9474.636058
16483.941916,-814.226536,-766.095498,9178.553681
16483.942240,-888.247130,0.000000,9104.533087
16483.942564,296.082377,306.438199,9474.636058
16483.942889,148.041188,0.000000,9696.697840
16483.943213,-592.164754,459.657299,9104.533087
16483.943537,-962.267725,919.314598,9030.512492
16483.943862,0.000000,1302.362347,8882.471304
16483.944186,-148.041188,1302.362347,9400.615463
16483.944510,-814.226536,1302.362347,9030.512492
16483.944835,0.000000,842.705048,9252.574275
16483.945159,-592.164754,2451.505594,8438.347739
16483.945483,-666.185348,2374.896044,9178.553681
16483.945808,-296.082377,2528.115143,9474.636058
16483.946132,-222.061783,2911.162892,9104.533087
16483.946456,0.000000,2987.772442,9474.636058
16483.946781,666.185348,2834.553343,9252.574275
16483.947105,444.123565,3600.648841,9474.636058
16483.947429,0.000000,3064.381992,8956.491898
16483.947753,-518.144159,3370.820191,9252.574275
16483.948078,-74.020594,3064.381992,9326.594869
16483.948402,-1332.370696,2757.943793,9252.574275
16483.948726,-1628.453072,2757.943793,9030.512492
16483.949051,-1184.329507,3370.820191,8882.471304
16483.949375,-1258.350101,2374.896044,8660.409521
16483.949699,-1258.350101,3907.087040,8882.471304
16483.950024,-1184.329507,2834.553343,8882.471304
16483.950348,-1036.288319,3064.381992,8882.471304
16483.950672,-370.102971,2987.772442,8956.491898
16483.950997,592.164754,2834.553343,9400.615463
16483.951321,-222.061783,3064.381992,9252.574275
16483.951645,-740.205942,2604.724693,9178.553681
16483.951970,296.082377,1378.971896,8734.430116
16483.952294,370.102971,1532.190996,8956.491898
16483.952618,-370.102971,1378.971896,9252.574275
16483.952943,-222.061783,1225.752797,9178.553681
16483.953267,444.123565,689.485948,9104.533087
16483.953591,444.123565,459.657299,9474.636058
16483.953916,740.205942,689.485948,9326.594869
16483.954240,888.247130,536.266849,8956.491898
16483.954564,740.205942,-612.876398,9104.533087
16483.954888,1480.411884,-459.657299,9622.677246
16483.955213,1850.514855,-1149.143247,9548.656652
16483.955537,296.082377,-1608.800546,9474.636058
16483.955861,0.000000,-1608.800546,9178.553681
16483.956186,1332.370696,-1532.190996,9622.677246
16483.956510,222.061783,-2681.334243,9474.636058
16483.956834,-222.061783,-2681.334243,9770.718434
16483.957159,0.000000,-2528.115143,9696.697840
16483.957483,888.247130,-2911.162892,9918.759623
16483.957807,518.144159,-2528.115143,10510.924376
16483.958132,962.267725,-2221.676944,10288.862594
16483.958456,518.144159,-2221.676944,9844.739029
16483.958780,1480.411884,-1915.238745,9696.697840
16483.959105,1850.514855,-1378.971896,10362.883188
16483.959429,1110.308913,-2068.457845,10510.924376
16483.959753,222.061783,-1915.238745,9474.636058
16483.960078,888.247130,-1149.143247,9918.759623
16483.960402,740.205942,-1149.143247,9548.656652
16483.960726,-222.061783,-1455.581446,9696.697840
16483.961050,-296.082377,-1225.752797,8956.491898
16483.961375,-444.123565,153.219100,8956.491898
16483.961699,-592.164754,0.000000,9474.636058
16483.962023,-444.123565,306.438199,9252.574275
16483.962348,-888.247130,689.485948,8734.430116
16483.962672,-888.247130,1225.752797,8660.409521
16483.962996,0.000000,1378.971896,8808.450710
16483.963321,74.020594,1991.848295,8882.471304
16483.963645,-1110.308913,1991.848295,8586.388927
16483.963969,-1480.411884,2221.676944,8290.306550
16483.964294,-518.144159,2068.457845,8734.430116
16483.964618,-814.226536,2145.067394,8734.430116
16483.964942,-1480.411884,2451.505594,8808.450710
16483.965267,-1036.288319,2145.067394,8586.388927
16483.965591,-1184.329507,2604.724693,8956.491898
16483.965915,-518.144159,2834.553343,9770.718434
16483.966240,0.000000,2987.772442,9326.594869
16483.966564,-888.247130,2987.772442,8956.491898
16483.966888,0.000000,2757.943793,9178.553681
16483.967213,1110.308913,3370.820191,9622.677246
16483.967537,296.082377,3677.258390,9548.656652
16483.967861,-296.082377,2604.724693,9474.636058
16483.968185,296.082377,3370.820191,8734.430116
16483.968510,296.082377,2757.943793,9030.512492
16483.968834,-518.144159,2298.286494,9252.574275
16483.969158,-296.082377,2298.286494,8956.491898
16483.969483,0.000000,2068.457845,8660.409521
16483.969807,-222.061783,1838.629195,9474.636058
16483.970131,222.061783,1915.238745,9030.512492
16483.970456,370.102971,1378.971896,8808.450710
16483.970780,-518.144159,1608.800546,8882.471304
16483.971104,740.205942,1532.190996,9252.574275
16483.971429,1184.329507,995.924147,9844.739029
16483.971753,0.000000,536.266849,9252.574275
16483.972077,0.000000,459.657299,8808.450710
16483.972402,740.205942,536.266849,9178.553681
16483.972726,0.000000,0.000000,8956.491898
16483.973050,-222.061783,229.828649,8956.491898
16483.973375,-370.102971,-383.047749,9030.512492
16483.973699,0.000000,-1149.143247,9252.574275
16483.974023,222.061783,-1302.362347,9622.677246
16483.974347,666.185348,-1225.752797,9548.656652
16483.974672,444.123565,-1608.800546,9548.656652
16483.974996,666.185348,-1149.143247,9030.512492
16483.975320,2294.638420,-1455.581446,9770.718434
16483.975645,1258.350101,-1838.629195,10288.862594
16483.975969,518.144159,-2221.676944,9992.780217
16483.976293,1110.308913,-2145.067394,9918.759623
16483.976618,1554.432478,-2451.505594,10140.821405
16483.976942,888.247130,-3294.210641,10140.821405
16483.977266,518.144159,-2757.943793,9548.656652
16483.977591,592.164754,-1608.800546,9548.656652
16483.977915,444.123565,-2145.067394,9696.697840
16483.978239,592.164754,-1991.848295,9844.739029
16483.978564,592.164754,-1302.362347,9844.739029
16483.978888,0.000000,-1302.362347,9326.594869
16483.979212,444.123565,-842.705048,9326.594869
16483.979537,592.164754,-612.876398,8956.491898
16483.979861,-444.123565,-612.876398,9252.574275
16483.980185,-666.185348,-383.047749,9252.574275
16483.980510,0.000000,76.609550,9178.553681
16483.980834,-592.164754,76.609550,9400.615463
16483.981158,-1332.370696,306.438199,8882.471304
16483.981482,-1184.329507,536.266849,8586.388927
16483.981807,-740.205942,919.314598,8660.409521
16483.982131,-370.102971,1532.190996,9474.636058
16483.982455,-296.082377,1915.238745,8660.409521
16483.982780,-518.144159,2221.676944,8882.471304
16483.983104,-370.102971,1991.848295,8956.491898
16483.983428,592.164754,2451.505594,8956.491898
16483.983753,296.082377,2604.724693,9474.636058
16483.984077,-1332.370696,1838.629195,8882.471304
16483.984401,-740.205942,2145.067394,8956.491898
16483.984726,296.082377,2757.943793,9326.594869
16483.985050,-888.247130,2451.505594,9622.677246
16483.985374,-1850.514855,2681.334243,9030.512492
16483.985699,-1110.308913,2911.162892,9030.512492
16483.986023,-1110.308913,2987.772442,8808.450710
16483.986347,-1036.288319,3370.820191,9252.574275
16483.986672,-962.267725,3447.429741,9178.553681
16483.986996,-1554.432478,3447.429741,8956.491898
16483.987320,-444.123565,3677.258390,8882.471304
16483.987644,444.123565,3830.477490,9474.636058
16483.987969,-740.205942,2834.553343,9252.574275
16483.988293,-1258.350101,2604.724693,8438.347739
16483.988617,-296.082377,3294.210641,8586.388927
16483.988942,0.000000,2604.724693,8808.450710
16483.989266,-962.267725,2221.676944,9030.512492
16483.989590,-962.267725,1532.190996,8438.347739
16483.989915,-666.185348,1685.410096,8216.285956
16483.990239,-518.144159,1225.752797,9104.533087
16483.990563,444.123565,1225.752797,9030.512492
16483.990888,0.000000,1608.800546,8956.491898
16483.991212,0.000000,612.876398,8586.388927
16483.991536,1554.432478,689.485948,8734.430116
16483.991861,2146.597232,306.438199,9474.636058
16483.992185,296.082377,-612.876398,9252.574275
16483.992509,518.144159,-689.485948,9474.636058
16483.992834,1554.432478,-1072.533697,9474.636058
16483.993158,740.205942,-1532.190996,9918.759623
16483.993483,296.082377,-2145.067394,9770.718434
16483.993807,74.020594,-1302.362347,9326.594869
16483.994131,592.164754,-2451.505594,9844.739029
16483.994456,666.185348,-2604.724693,10362.883188
16483.994780,962.267725,-2451.505594,10510.924376
16483.995104,444.123565,-2374.896044,9844.739029
16483.995429,1184.329507,-2451.505594,9992.780217
16483.995753,2294.638420,-1608.800546,10288.862594
16483.996077,1480.411884,-2068.457845,10140.821405
16483.996402,-666.185348,-2298.286494,9400.615463
16483.996726,592.164754,-1991.848295,9474.636058
16483.997050,962.267725,-1991.848295,9770.718434
16483.997375,-296.082377,-2374.896044,9622.677246
16483.997699,-888.247130,-1762.019645,9252.574275
16483.998023,-370.102971,-1532.190996,8512.368333
16483.998348,222.061783,-1149.143247,9992.780217
16483.998672,-148.041188,-1072.533697,9400.615463
16483.998997,0.000000,-536.266849,9104.533087
16483.999321,-444.123565,76.609550,9104.533087
16483.999645,444.123565,459.657299,9474.636058
16483.999970,740.205942,612.876398,9770.718434
16484.000294,-1036.288319,842.705048,9104.533087
16484.000618,-814.226536,1225.752797,9252.574275
16484.000943,-148.041188,1225.752797,8956.491898
16484.001267,-148.041188,1225.752797,9030.512492
16484.001591,-1332.370696,1762.019645,9030.512492
16484.001916,-1628.453072,2298.286494,8586.388927
16484.002240,-1036.288319,2298.286494,8512.368333
16484.002564,-888.247130,2451.505594,9178.553681
16484.002889,-296.082377,2604.724693,9178.553681
16484.003213,-1406.391290,2451.505594,8364.327145
16484.003537,-666.185348,2681.334243,8290.306550
16484.003862,592.164754,3064.381992,9104.533087
16484.004186,370.102971,3140.991542,9474.636058
16484.004511,-962.267725,2604.724693,8882.471304
16484.004835,0.000000,2528.115143,8734.430116
16484.005159,518.144159,2987.772442,8660.409521
16484.005484,-148.041188,2681.334243,9400.615463
16484.005808,-814.226536,2528.115143,8808.450710
16484.006132,-296.082377,2604.724693,8882.471304
16484.006457,74.020594,2528.115143,9104.533087
16484.006781,518.144159,2528.115143,9548.656652
16484.007105,296.082377,2604.724693,9622.677246
16484.007430,222.061783,1915.238745,8956.491898
16484.007754,962.267725,2834.553343,8734.430116
16484.008078,1628.453072,2221.676944,9548.656652
16484.008403,370.102971,1532.190996,9696.697840
16484.008727,0.000000,1225.752797,9326.594869
16484.009051,666.185348,1072.533697,9178.553681
16484.009376,444.123565,842.705048,9474.636058
16484.009700,0.000000,153.219100,9474.636058
16484.010024,0.000000,459.657299,9030.512492
16484.010349,0.000000,-153.219100,8216.285956
16484.010673,74.020594,-229.828649,9030.512492
16484.010998,592.164754,-306.438199,9474.636058
16484.011322,0.000000,-612.876398,8956.491898
16484.011646,74.020594,-842.705048,8586.388927
16484.011971,1628.453072,-229.828649,8882.471304
16484.012295,1480.411884,-1225.752797,9400.615463
16484.012619,74.020594,-1762.019645,9474.636058
16484.012944,518.144159,-2298.286494,9178.553681
16484.013268,1258.350101,-2451.505594,9548.656652
16484.013592,296.082377,-2528.115143,10140.821405
16484.013917,148.041188,-2834.553343,10140.821405
16484.014241,296.082377,-2604.724693,9474.636058
16484.014565,888.247130,-2604.724693,10140.821405
16484.014890,888.247130,-2451.505594,10658.965565
16484.015214,1036.288319,-2604.724693,10584.944971
16484.015538,0.000000,-2145.067394,10066.800811
16484.015863,1258.350101,-1838.629195,10066.800811
16484.016187,1776.494261,-1149.143247,10288.862594
16484.016512,370.102971,-1762.019645,9918.759623
16484.016836,-592.164754,-995.924147,9474.636058
16484.017160,370.102971,-1072.533697,9474.636058
16484.017485,74.020594,-919.314598,9400.615463
16484.017809,-1036.288319,-536.266849,9622.677246
16484.018133,-1110.308913,0.000000,8882.471304
16484.018458,-814.226536,76.609550,8586.388927
16484.018782,-370.102971,612.876398,8882.471304
16484.019106,-296.082377,1072.533697,8734.430116
16484.019431,-740.205942,1455.581446,8438.347739
16484.019755,-740.205942,1838.629195,8216.285956
16484.020079,666.185348,2145.067394,8586.388927
16484.020404,962.267725,2298.286494,9104.533087
16484.020728,-740.205942,2068.457845,8734.430116
16484.021052,-370.102971,2911.162892,8734.430116
16484.021377,0.000000,2374.896044,8956.491898
16484.021701,-296.082377,2145.067394,9400.615463
16484.022026,-1406.391290,2068.457845,9030.512492
16484.022350,-962.267725,2604.724693,9104.533087
16484.022674,-740.205942,2911.162892,9474.636058
16484.022999,-592.164754,3064.381992,9918.759623
16484.023323,-592.164754,2911.162892,9918.759623
16484.023647,-740.205942,3600.648841,9252.574275
16484.023972,-296.082377,3524.039291,9104.533087
16484.024296,592.164754,3294.210641,9326.594869
16484.024620,-370.102971,3370.820191,9474.636058
16484.024945,-1480.411884,3217.601092,8956.491898
16484.025269,-222.061783,3294.210641,9030.512492
16484.025593,-74.020594,3217.601092,9030.512492
16484.025918,-1110.308913,2528.115143,9178.553681
16484.026242,-1258.350101,2987.772442,8808.450710
16484.026566,-592.164754,2145.067394,8364.327145
16484.026891,-962.267725,2068.457845,8364.327145
16484.027215,-666.185348,1838.629195,8734.430116
16484.027539,-444.123565,1608.800546,8438.347739
16484.027864,-666.185348,1378.971896,8364.327145
16484.028188,740.205942,1302.362347,9400.615463
16484.028513,1184.329507,1225.752797,9252.574275
16484.028837,74.020594,-153.219100,9104.533087
16484.029161,0.000000,76.609550,9178.553681
16484.029486,814.226536,-306.438199,9326.594869
16484.029810,666.185348,-612.876398,9548.656652
16484.030134,0.000000,-919.314598,9548.656652
16484.030459,296.082377,-2068.457845,9548.656652
16484.030783,888.247130,-1532.190996,9548.656652
16484.031107,666.185348,-1532.190996,9178.553681
16484.031432,1332.370696,-1762.019645,10658.965565
16484.031756,518.144159,-1762.019645,9992.780217
16484.032080,1184.329507,-1915.238745,9844.739029
16484.032405,2590.720797,-1915.238745,10214.842000
16484.032729,1776.494261,-2145.067394,10362.883188
16484.033053,444.123565,-2451.505594,9474.636058
16484.033378,1036.288319,-2298.286494,9474.636058
16484.033702,1702.473667,-2374.896044,9918.759623
16484.034027,148.041188,-2528.115143,9992.780217
16484.034351,0.000000,-2451.505594,9548.656652
16484.034675,222.061783,-2145.067394,9178.553681
16484.035000,-370.102971,-1838.629195,9474.636058
16484.035324,518.144159,-1608.800546,9696.697840
16484.035648,0.000000,-1225.752797,9400.615463
16484.035973,-148.041188,-766.095498,8734.430116
16484.036297,370.102971,-612.876398,9252.574275
16484.036621,962.267725,-306.438199,9400.615463
16484.036946,-740.205942,-459.657299,9400.615463
16484.037270,-666.185348,0.000000,9474.636058
16484.037594,0.000000,689.485948,9474.636058
16484.037919,-444.123565,0.000000,9474.636058
16484.038243,-1258.350101,1072.533697,9474.636058
16484.038567,-1184.329507,1302.362347,8956.491898
16484.038892,-1036.288319,1455.581446,8956.491898
16484.039216,-740.205942,1685.410096,9326.594869
16484.039541,-518.144159,1991.848295,9104.533087
16484.039865,-888.247130,1915.238745,8882.471304
16484.040189,-296.082377,1302.362347,8734.430116
16484.040514,740.205942,2834.553343,8882.471304
16484.040838,370.102971,2528.115143,9548.656652
16484.041162,-1184.329507,2374.896044,8956.491898
16484.041487,-888.247130,2451.505594,8660.409521
16484.041811,444.123565,2604.724693,9030.512492
16484.042135,-518.144159,2451.505594,9474.636058
16484.042460,-740.205942,2911.162892,9400.615463
16484.042784,-592.164754,3140.991542,8660.409521
16484.043108,-296.082377,2604.724693,8956.491898
16484.043433,0.000000,2987.772442,9326.594869
16484.043757,148.041188,3140.991542,9400.615463
16484.044081,-296.082377,2834.553343,8882.471304
16484.044406,148.041188,2911.162892,8956.491898
16484.044730,1332.370696,2987.772442,9770.718434
16484.045054,0.000000,2374.896044,9104.533087
16484.045379,0.000000,2298.286494,9030.512492
16484.045703,74.020594,1915.238745,9326.594869
16484.046028,370.102971,1532.190996,9622.677246
16484.046352,-370.102971,995.924147,9548.656652
16484.046676,-148.041188,689.485948,8808.450710
16484.047001,222.061783,995.924147,9030.512492
16484.047325,666.185348,153.219100,9400.615463
16484.047649,814.226536,229.828649,9030.512492
16484.047974,740.205942,0.000000,9178.553681
16484.048298,222.061783,0.000000,8808.450710
16484.048622,1628.453072,76.609550,9104.533087
16484.048947,1628.453072,-306.438199,9696.697840
16484.049271,222.061783,-1072.533697,8956.491898
16484.049595,592.164754,-1225.752797,9178.553681
16484.049920,962.267725,-1302.362347,9252.574275
16484.050244,148.041188,-1915.238745,9770.718434
16484.050568,-592.164754,-2451.505594,9696.697840
16484.050893,0.000000,-2374.896044,9548.656652
16484.051217,-148.041188,-2604.724693,9622.677246
16484.051542,0.000000,-3217.601092,10214.842000
16484.051866,888.247130,-1991.848295,10436.903782
16484.052190,0.000000,-2834.553343,9770.718434
16484.052515,740.205942,-2145.067394,10066.800811
16484.052839,1776.494261,-1762.019645,10510.924376
16484.053163,1110.308913,-2068.457845,10362.883188
16484.053488,0.000000,-1685.410096,9770.718434
16484.053812,814.226536,-1762.019645,9992.780217
16484.054136,1110.308913,-1225.752797,9992.780217
16484.054461,0.000000,-1225.752797,9400.615463
16484.054785,0.000000,-766.095498,9326.594869
16484.055109,0.000000,-612.876398,8956.491898
16484.055434,-444.123565,-689.485948,9030.512492
16484.055758,-148.041188,-229.828649,9474.636058
16484.056082,222.061783,919.314598,8808.450710
16484.056407,-444.123565,536.266849,8808.450710
16484.056731,740.205942,1149.143247,8882.471304
16484.057056,666.185348,1532.190996,8956.491898
16484.057380,-444.123565,1455.581446,8808.450710
16484.057704,-814.226536,1685.410096,8956.491898
16484.058029,74.020594,1991.848295,8882.471304
16484.058353,74.020594,2298.286494,9252.574275
16484.058677,-1332.370696,1915.238745,9622.677246
16484.059002,-962.267725,1915.238745,8512.368333
16484.059326,-814.226536,2068.457845,9104.533087
16484.059650,-888.247130,2451.505594,9252.574275
16484.059975,-592.164754,2604.724693,9696.697840
16484.060299,-1332.370696,2834.553343,9178.553681
16484.060623,-518.144159,3524.039291,8882.471304
16484.060948,518.144159,3753.867940,9696.697840
16484.061272,222.061783,3600.648841,9474.636058
16484.061596,-1332.370696,3217.601092,9104.533087
16484.061921,-814.226536,3217.601092,9104.533087
16484.062245,0.000000,3140.991542,9400.615463
16484.062570,-962.267725,3064.381992,9474.636058
16484.062894,-1332.370696,2528.115143,8956.491898
16484.063218,-888.247130,2681.334243,8734.430116
16484.063543,-1036.288319,2757.943793,8734.430116
16484.063867,-888.247130,2374.896044,8882.471304
16484.064191,-370.102971,2604.724693,8882.471304
16484.064516,-1110.308913,2374.896044,8438.347739
16484.064840,-148.041188,2528.115143,8660.409521
16484.065164,592.164754,1685.410096,9104.533087
16484.065489,-148.041188,1838.629195,9104.533087
16484.065813,-740.205942,1378.971896,8586.388927
16484.066137,0.000000,1532.190996,8882.471304
16484.066462,296.082377,459.657299,9400.615463
16484.066786,-444.123565,0.000000,9252.574275
16484.067110,-444.123565,153.219100,9104.533087
16484.067435,0.000000,-459.657299,8512.368333
16484.067759,888.247130,-1149.143247,9474.636058
16484.068083,1110.308913,-689.485948,9474.636058
16484.068408,518.144159,-1072.533697,9400.615463
16484.068732,814.226536,-1378.971896,9474.636058
16484.069057,2368.659014,-1608.800546,9992.780217
16484.069381,2294.638420,-1762.019645,10288.862594
16484.069705,740.205942,-2298.286494,10066.800811
16484.070030,1110.308913,-2528.115143,9992.780217
16484.070354,1924.535449,-1915.238745,9992.780217
16484.070678,1332.370696,-2145.067394,10510.924376
16484.071003,592.164754,-2604.724693,10140.821405
16484.071327,740.205942,-2374.896044,9696.697840
16484.071651,740.205942,-2604.724693,9770.718434
16484.071976,740.205942,-2298.286494,10288.862594
16484.072300,592.164754,-1915.238745,9918.759623
16484.072624,148.041188,-2374.896044,9474.636058
16484.072949,666.185348,-1608.800546,9400.615463
16484.073273,1776.494261,-612.876398,9696.697840
16484.073597,74.020594,-995.924147,9474.636058
16484.073922,-962.267725,-1072.533697,9030.512492
16484.074246,-444.123565,-689.485948,9178.553681
16484.074571,-370.102971,-153.219100,9474.636058
16484.074895,-1554.432478,-383.047749,9474.636058
16484.075219,-1480.411884,76.609550,9104.533087
16484.075544,-1110.308913,689.485948,9252.574275
16484.075868,-1036.288319,919.314598,9178.553681
16484.076192,-592.164754,1302.362347,9474.636058
16484.076517,-1036.288319,1838.629195,8956.491898
16484.076841,-740.205942,1991.848295,8364.327145
16484.077165,-296.082377,2681.334243,8660.409521
16484.077490,1110.308913,2221.676944,9326.594869
16484.077814,-518.144159,2604.724693,8808.450710
16484.078138,-888.247130,2757.943793,8438.347739
16484.078463,0.000000,2681.334243,8734.430116
16484.078787,-222.061783,2374.896044,9178.553681
16484.079111,-962.267725,2681.334243,9030.512492
16484.079436,-370.102971,2911.162892,8882.471304
16484.079760,-222.061783,3140.991542,8216.285956
16484.080085,-296.082377,2528.115143,9474.636058
16484.080409,148.041188,2987.772442,9326.594869
16484.080733,-296.082377,3064.381992,9030.512492
16484.081058,0.000000,2911.162892,8956.491898
16484.081382,962.267725,3370.820191,9178.553681
16484.081706,0.000000,2987.772442,9474.636058
16484.082031,0.000000,2757.943793,8364.327145
16484.082355,-148.041188,2604.724693,8882.471304
16484.082679,0.000000,2221.676944,9030.512492
16484.083004,-666.185348,1532.190996,9622.677246
16484.083328,-740.205942,1149.143247,9400.615463
16484.083652,-222.061783,1072.533697,8882.471304
16484.083977,-296.082377,1302.362347,9326.594869
16484.084301,0.000000,536.266849,9030.512492
16484.084625,518.144159,383.047749,9030.512492
16484.084950,518.144159,612.876398,8882.471304
16484.085274,1332.370696,612.876398,9326.594869
16484.085598,1924.535449,306.438199,9474.636058
16484.085923,444.123565,-153.219100,9178.553681
16484.086247,296.082377,-306.438199,9104.533087
16484.086572,1036.288319,0.000000,9622.677246
16484.086896,74.020594,-1378.971896,9622.677246
16484.087220,-296.082377,-1532.190996,8956.491898
16484.087545,-444.123565,-1762.019645,8956.491898
16484.087869,0.000000,-1838.629195,9252.574275
16484.088193,74.020594,-2068.457845,9622.677246
16484.088518,222.061783,-2068.457845,9770.718434
16484.088842,148.041188,-2145.067394,9474.636058
16484.089166,296.082377,-1838.629195,9252.574275
16484.089491,1554.432478,-2068.457845,9400.615463
16484.089815,1184.329507,-2374.896044,9992.780217
16484.090139,0.000000,-2451.505594,9622.677246
16484.090464,222.061783,-2145.067394,9918.759623
16484.090788,1184.329507,-2068.457845,9992.780217
16484.091112,370.102971,-2451.505594,10140.821405
16484.091436,0.000000,-1991.848295,9474.636058
16484.091761,444.123565,-1532.190996,9474.636058
16484.092085,222.061783,-1532.190996,9548.656652
16484.092409,592.164754,-1378.971896,9918.759623
16484.092734,370.102971,-612.876398,9548.656652
16484.093058,0.000000,-153.219100,9178.553681
16484.093382,740.205942,76.609550,9400.615463
16484.093706,1332.370696,536.266849,9474.636058
16484.094031,296.082377,766.095498,9030.512492
16484.094355,0.000000,612.876398,9178.553681
16484.094679,74.020594,1378.971896,9178.553681
16484.095004,0.000000,1302.362347,9104.533087
16484.095328,-444.123565,1378.971896,9252.574275
16484.095652,-888.247130,2298.286494,8660.409521
16484.095977,-592.164754,1915.238745,8364.327145
16484.096301,-888.247130,2298.286494,8512.368333
16484.096625,-592.164754,2374.896044,8882.471304
16484.096950,-888.247130,2757.943793,8882.471304
16484.097274,-888.247130,2757.943793,8512.368333
16484.097598,0.000000,2911.162892,9178.553681
16484.097923,296.082377,2451.505594,9548.656652
16484.098247,-1110.308913,3064.381992,9178.553681
16484.098571,-1332.370696,2604.724693,9326.594869
16484.098896,-666.185348,2757.943793,9104.533087
16484.099220,-962.267725,2834.553343,9474.636058
16484.099544,-1406.391290,2451.505594,9474.636058
16484.099869,-1036.288319,2757.943793,9104.533087
16484.100193,-740.205942,3217.601092,9474.636058
16484.100517,-444.123565,2987.772442,9548.656652
16484.100841,-370.102971,3600.648841,9326.594869
16484.101166,-740.205942,2911.162892,8956.491898
16484.101490,148.041188,3064.381992,9252.574275
16484.101814,962.267725,3064.381992,9474.636058
16484.102139,-148.041188,2451.505594,9252.574275
16484.102463,-962.267725,2604.724693,8808.450710
16484.102787,222.061783,2374.896044,8734.430116
16484.103112,74.020594,2068.457845,8586.388927
16484.103436,-740.205942,919.314598,9104.533087
16484.103760,-1184.329507,1072.533697,8586.388927
16484.104085,-740.205942,536.266849,8364.327145
16484.104409,-444.123565,76.609550,8660.409521
16484.104733,-296.082377,306.438199,8586.388927
16484.105058,0.000000,-383.047749,8660.409521
16484.105382,0.000000,-612.876398,8586.388927
16484.105706,1406.391290,-229.828649,9622.677246
16484.106031,1628.453072,-1225.752797,9696.697840
16484.106355,370.102971,-1762.019645,9992.780217
16484.106679,296.082377,-1838.629195,9622.677246
16484.107004,1850.514855,-1991.848295,10066.800811
16484.107328,1258.350101,-1915.238745,10066.800811
16484.107652,518.144159,-2528.115143,9918.759623
16484.107976,1036.288319,-2145.067394,9918.759623
16484.108301,1258.350101,-2834.553343,10362.883188
16484.108625,1554.432478,-2528.115143,10881.027347
16484.108949,1554.432478,-1915.238745,10881.027347
16484.109274,962.267725,-2221.676944,10066.800811
16484.109598,1406.391290,-1991.848295,9622.677246
16484.109922,2368.659014,-2145.067394,10658.965565
16484.110247,1110.308913,-1532.190996,9992.780217
16484.110571,222.061783,-2221.676944,9400.615463
16484.110895,148.041188,-1378.971896,9104.533087
16484.111220,592.164754,-1072.533697,9252.574275
16484.111544,-666.185348,-1378.971896,9252.574275
16484.111868,-1184.329507,-689.485948,8216.285956
16484.112193,-666.185348,-689.485948,8216.285956
16484.112517,-518.144159,76.609550,8808.450710
16484.112841,-1110.308913,-306.438199,8660.409521
16484.113166,-1036.288319,612.876398,8660.409521
16484.113490,-1184.329507,1149.143247,8660.409521
16484.113814,-296.082377,1762.019645,9252.574275
16484.114139,148.041188,1762.019645,9400.615463
16484.114463,-888.247130,1991.848295,9030.512492
16484.114787,-1184.329507,2145.067394,9104.533087
16484.115111,-296.082377,1685.410096,9178.553681
16484.115436,-296.082377,1838.629195,9326.594869
16484.115760,-1406.391290,2068.457845,9104.533087
16484.116084,-1036.288319,2374.896044,8956.491898
16484.116409,-592.164754,2757.943793,8956.491898
16484.116733,-370.102971,2834.553343,9696.697840
16484.117057,222.061783,3140.991542,9474.636058
16484.117382,-296.082377,2681.334243,9178.553681
16484.117706,0.000000,3140.991542,8956.491898
16484.118030,1258.350101,3140.991542,9474.636058
16484.118355,1036.288319,3217.601092,9474.636058
16484.118679,-740.205942,3064.381992,8734.430116
16484.119003,-370.102971,3524.039291,8438.347739
16484.119328,666.185348,2528.115143,9252.574275
16484.119652,-222.061783,2374.896044,9104.533087
16484.119976,-1184.329507,2145.067394,8586.388927
16484.120301,-666.185348,2221.676944,8290.306550
16484.120625,-444.123565,1685.410096,8734.430116
16484.120949,0.000000,1455.581446,8956.491898
16484.121274,370.102971,1915.238745,9326.594869
16484.121598,-74.020594,1532.190996,8512.368333
16484.121922,444.123565,1149.143247,9104.533087
16484.122246,1702.473667,1149.143247,9770.718434
16484.122571,296.082377,766.095498,9770.718434
16484.122895,296.082377,612.876398,9474.636058
16484.123219,1406.391290,536.266849,9696.697840
16484.123544,1332.370696,0.000000,9696.697840
16484.123868,444.123565,-229.828649,9474.636058
16484.124192,222.061783,-842.705048,8956.491898
16484.124517,370.102971,-842.705048,8660.409521
16484.124841,518.144159,-995.924147,9548.656652
16484.125165,888.247130,-919.314598,9844.739029
16484.125490,222.061783,-1608.800546,9474.636058
16484.125814,740.205942,-1225.752797,9252.574275
16484.126138,1628.453072,-1302.362347,9844.739029
16484.126463,1480.411884,-2298.286494,9622.677246
16484.126787,0.000000,-2145.067394,9622.677246
16484.127111,296.082377,-2451.505594,9474.636058
16484.127436,1110.308913,-2221.676944,9918.759623
16484.127760,0.000000,-2528.115143,9992.780217
16484.128084,222.061783,-2374.896044,9696.697840
16484.128408,0.000000,-1532.190996,9104.533087
16484.128733,0.000000,-2451.505594,9400.615463
16484.129057,592.164754,-1838.629195,10658.965565
16484.129381,222.061783,-1762.019645,9992.780217
16484.129706,0.000000,-1149.143247,9548.656652
16484.130030,740.205942,-766.095498,9770.718434
16484.130354,962.267725,-1149.143247,9770.718434
16484.130679,148.041188,-612.876398,10140.821405
16484.131003,-518.144159,-306.438199,9474.636058
16484.131327,74.020594,306.438199,9474.636058
16484.131652,0.000000,229.828649,9622.677246
16484.131976,-814.226536,459.657299,9252.574275
16484.132300,-1184.329507,689.485948,8734.430116
16484.132625,-740.205942,1072.533697,8438.347739
16484.132949,-370.102971,1455.581446,8956.491898
16484.133273,-222.061783,2068.457845,8660.409521
16484.133598,-518.144159,2145.067394,8808.450710
16484.133922,-666.185348,2451.505594,8438.347739
16484.134246,296.082377,2681.334243,8660.409521
16484.134571,444.123565,2834.553343,9030.512492
16484.134895,-888.247130,3294.210641,8512.368333
16484.135219,-1332.370696,3064.381992,8364.327145
16484.135543,-222.061783,2604.724693,8438.347739
16484.135868,-592.164754,2757.943793,9252.574275
16484.136192,-1702.473667,2757.943793,9252.574275
16484.136516,-1554.432478,2987.772442,8882.471304
16484.136841,-814.226536,2604.724693,9104.533087
16484.137165,-962.267725,2681.334243,9030.512492
16484.137489,-888.247130,2757.943793,9400.615463
16484.137814,-1036.288319,3600.648841,9178.553681
16484.138138,148.041188,3370.820191,9104.533087
16484.138462,740.205942,3294.210641,9770.718434
16484.138787,-296.082377,2987.772442,9770.718434
16484.139111,-666.185348,2681.334243,9474.636058
16484.139435,0.000000,3217.601092,9104.533087
16484.139760,0.000000,2451.505594,9104.533087
16484.140084,-666.185348,1532.190996,9252.574275
16484.140408,-814.226536,1532.190996,8586.388927
16484.140733,0.000000,1608.800546,8586.388927
16484.141057,-444.123565,1302.362347,8660.409521
16484.141381,0.000000,1072.533697,8956.491898
16484.141706,-148.041188,995.924147,8734.430116
16484.142030,0.000000,995.924147,7920.203579
16484.142354,1110.308913,919.314598,8512.368333
16484.142678,1184.329507,76.609550,8734.430116
16484.143003,74.020594,-229.828649,9030.512492
16484.143327,296.082377,-459.657299,9104.533087
16484.143651,740.205942,-842.705048,9252.574275
16484.143976,296.082377,-1225.752797,9696.697840
16484.144300,-370.102971,-1991.848295,9992.780217
16484.144624,0.000000,-2145.067394,9918.759623
16484.144949,592.164754,-2068.457845,9992.780217
16484.145273,666.185348,-2451.505594,10658.965565
16484.145597,888.247130,-2221.676944,10584.944971
16484.145922,962.267725,-2221.676944,10288.862594
16484.146246,1480.411884,-2145.067394,10288.862594
16484.146570,2664.741391,-1532.190996,10881.027347
16484.146895,2146.597232,-1991.848295,10658.965565
16484.147219,592.164754,-2451.505594,9844.739029
16484.147543,1184.329507,-1915.238745,9696.697840
16484.147868,1480.411884,-1838.629195,10214.842000
16484.148192,222.061783,-1915.238745,9622.677246
16484.148516,-222.061783,-1838.629195,9326.594869
16484.148841,148.041188,-1838.629195,8438.347739
16484.149165,-148.041188,306.438199,8438.347739
16484.149489,-296.082377,-612.876398,9104.533087
16484.149813,-592.164754,-459.657299,8660.409521
16484.150138,-962.267725,-153.219100,8734.430116
16484.150462,0.000000,229.828649,8956.491898
16484.150786,74.020594,536.266849,9326.594869
16484.151111,-814.226536,919.314598,8882.471304
16484.151435,-1628.453072,1149.143247,8808.450710
16484.151759,-444.123565,1225.752797,9104.533087
16484.152084,-888.247130,1455.581446,9252.574275
16484.152408,-1184.329507,1532.190996,9178.553681
16484.152732,-1554.432478,1991.848295,8660.409521
16484.153057,-962.267725,1991.848295,9104.533087
16484.153381,-444.123565,2298.286494,9696.697840
16484.153705,-148.041188,2834.553343,9178.553681
16484.154030,-444.123565,2451.505594,8956.491898
16484.154354,-296.082377,1991.848295,9252.574275
16484.154678,592.164754,2911.162892,9104.533087
16484.155003,740.205942,3064.381992,9474.636058
16484.155327,148.041188,2757.943793,9326.594869
16484.155651,-222.061783,3140.991542,8734.430116
16484.155976,518.144159,3064.381992,9178.553681
16484.156300,370.102971,2681.334243,8956.491898
16484.156624,-592.164754,2604.724693,8734.430116
16484.156948,-666.185348,2757.943793,8808.450710
16484.157273,-518.144159,2451.505594,9030.512492
16484.157597,0.000000,2451.505594,9252.574275
16484.157921,-74.020594,2757.943793,9326.594869
16484.158246,-592.164754,2451.505594,8734.430116
16484.158570,518.144159,1915.238745,8660.409521
16484.158894,1110.308913,2374.896044,9104.533087
16484.159219,-222.061783,1302.362347,9326.594869
16484.159543,-740.205942,995.924147,9178.553681
16484.159867,222.061783,995.924147,9400.615463
16484.160192,222.061783,612.876398,9474.636058
16484.160516,-148.041188,153.219100,9030.512492
16484.160840,-148.041188,0.000000,9252.574275
16484.161165,740.205942,306.438199,9178.553681
16484.161489,518.144159,-612.876398,9030.512492
16484.161813,666.185348,-459.657299,9252.574275
16484.162138,666.185348,-229.828649,9326.594869
16484.162462,592.164754,-995.924147,9474.636058
16484.162786,1702.473667,-1149.143247,9474.636058
16484.163111,1702.473667,-842.705048,9992.780217
16484.163435,148.041188,-1378.971896,9178.553681
16484.163759,222.061783,-1991.848295,9400.615463
16484.164083,1110.308913,-2374.896044,9622.677246
16484.164408,814.226536,-2451.505594,10288.862594
16484.164732,-370.102971,-2681.334243,9770.718434
16484.165056,0.000000,-2528.115143,9474.636058
16484.165381,740.205942,-1762.019645,9770.718434
16484.165705,296.082377,-2451.505594,10140.821405
16484.166029,222.061783,-1915.238745,9548.656652
16484.166354,-370.102971,-1532.190996,9474.636058
16484.166678,444.123565,-1455.581446,9474.636058
16484.167002,1184.329507,-919.314598,9992.780217
16484.167327,370.102971,-1072.533697,9844.739029
16484.167651,-518.144159,-1072.533697,9178.553681
16484.167975,0.000000,-536.266849,9474.636058
16484.168300,592.164754,-842.705048,9252.574275
16484.168624,-370.102971,-766.095498,9696.697840
16484.168948,-814.226536,-459.657299,9104.533087
16484.169273,-296.082377,306.438199,8882.471304
16484.169597,-370.102971,229.828649,9326.594869
16484.169921,0.000000,1149.143247,9178.553681
16484.170246,0.000000,766.095498,8882.471304
16484.170570,-370.102971,2221.676944,8512.368333
16484.170894,592.164754,1838.629195,8956.491898
16484.171218,1184.329507,2451.505594,9252.574275
16484.171543,-296.082377,2298.286494,9104.533087
16484.171867,-1036.288319,2221.676944,9030.512492
16484.172191,148.041188,2681.334243,8660.409521
16484.172516,-296.082377,2757.943793,9252.574275
16484.172840,-1554.432478,2451.505594,9326.594869
16484.173164,-1554.432478,2528.115143,8956.491898
16484.173489,-1184.329507,2451.505594,8808.450710
16484.173813,-1480.411884,2681.334243,9178.553681
16484.174137,-1184.329507,2911.162892,9252.574275
16484.174462,-1036.288319,3370.820191,9252.574275
16484.174786,-888.247130,2681.334243,9252.574275
16484.175110,74.020594,3753.867940,9178.553681
16484.175435,-370.102971,3217.601092,9548.656652
16484.175759,-1480.411884,3064.381992,8956.491898
16484.176083,-814.226536,2911.162892,9178.553681
16484.176408,74.020594,2757.943793,9548.656652
16484.176732,-592.164754,2681.334243,9326.594869
16484.177056,-1184.329507,2298.286494,8808.450710
16484.177381,-592.164754,2681.334243,8364.327145
16484.177705,-296.082377,2298.286494,8438.347739
16484.178029,0.000000,1838.629195,9252.574275
16484.178353,148.041188,1762.019645,9030.512492
16484.178678,-370.102971,1532.190996,8660.409521
16484.179002,962.267725,1991.848295,8956.491898
16484.179326,1776.494261,1838.629195,9326.594869
16484.179651,-296.082377,1072.533697,9104.533087
16484.179975,-296.082377,459.657299,8512.368333
16484.180299,444.123565,383.047749,9030.512492
16484.180624,444.123565,0.000000,9104.533087
16484.180948,-222.061783,-612.876398,9326.594869
16484.181272,-222.061783,-1149.143247,9252.574275
16484.181597,148.041188,-1762.019645,9178.553681
16484.181921,370.102971,-995.924147,9326.594869
16484.182245,1036.288319,-1225.752797,9918.759623
16484.182570,222.061783,-1532.190996,9770.718434
16484.182894,666.185348,-1991.848295,9696.697840
16484.183218,2072.576638,-1915.238745,10214.842000
16484.183543,2072.576638,-1608.800546,10510.924376
16484.183867,444.123565,-2451.505594,9992.780217
16484.184191,962.267725,-1915.238745,9178.553681
16484.184516,1554.432478,-2068.457845,9474.636058
16484.184840,1184.329507,-2451.505594,10288.862594
16484.185164,444.123565,-2374.896044,9696.697840
16484.185488,740.205942,-1991.848295,9400.615463
16484.185813,666.185348,-1685.410096,9474.636058
16484.186137,592.164754,-1608.800546,9474.636058
16484.186461,518.144159,-1149.143247,9548.656652
16484.186786,148.041188,-536.266849,9104.533087
16484.187110,74.020594,-459.657299,9104.533087
16484.187434,814.226536,-229.828649,9696.697840
16484.187759,-592.164754,-229.828649,9474.636058
16484.188083,-1184.329507,0.000000,9252.574275
16484.188407,-1110.308913,76.609550,9030.512492
16484.188732,-666.185348,383.047749,8882.471304
16484.189056,-1554.432478,919.314598,8956.491898
16484.189380,-1776.494261,689.485948,8882.471304
16484.189705,-1258.350101,1302.362347,8660.409521
16484.190029,-1258.350101,1838.629195,8512.368333
16484.190353,-888.247130,1991.848295,8882.471304
16484.190678,-888.247130,2145.067394,8438.347739
16484.191002,-666.185348,1838.629195,8438.347739
16484.191326,222.061783,2911.162892,8290.306550
16484.191651,222.061783,2681.334243,9178.553681
16484.191975,-370.102971,2451.505594,8956.491898
16484.192299,-814.226536,2374.896044,9104.533087
16484.192624,370.102971,2451.505594,9400.615463
16484.192948,444.123565,2451.505594,9548.656652
16484.193272,-592.164754,2451.505594,9178.553681
16484.193597,-222.061783,2757.943793,8956.491898
16484.193921,0.000000,2451.505594,9400.615463
16484.194245,222.061783,2604.724693,9474.636058
16484.194570,518.144159,2681.334243,9622.677246
16484.194894,0.000000,2681.334243,9400.615463
16484.195218,148.041188,3064.381992,9104.533087
16484.195543,1110.308913,2834.553343,9474.636058
16484.195867,592.164754,2451.505594,9474.636058
16484.196191,-740.205942,2145.067394,8660.409521
16484.196516,-296.082377,1608.800546,8956.491898
16484.196840,74.020594,1225.752797,9252.574275
16484.197164,-444.123565,919.314598,9178.553681
16484.197489,-740.205942,1225.752797,8882.471304
16484.197813,-370.102971,612.876398,8512.368333
16484.198137,370.102971,229.828649,9326.594869
16484.198462,592.164754,459.657299,8808.450710
16484.198786,370.102971,306.438199,8882.471304
16484.199111,222.061783,0.000000,8586.388927
16484.199435,1480.411884,153.219100,9326.594869
16484.199759,2146.597232,229.828649,9474.636058
16484.200084,370.102971,-536.266849,9400.615463
16484.200408,518.144159,-689.485948,9474.636058
16484.200732,1036.288319,-919.314598,9548.656652
16484.201057,666.185348,-2221.676944,9844.739029
16484.201381,0.000000,-2145.067394,10140.821405
16484.201705,0.000000,-2068.457845,9844.739029
16484.202030,518.144159,-1838.629195,9770.718434
16484.202354,296.082377,-2145.067394,10214.842000
16484.202678,888.247130,-2451.505594,9696.697840
16484.203003,296.082377,-1378.971896,9770.718434
16484.203327,740.205942,-1991.848295,9770.718434
16484.203651,1628.453072,-1762.019645,9992.780217
16484.203976,962.267725,-1608.800546,9992.780217
16484.204300,-222.061783,-1608.800546,9326.594869
16484.204624,0.000000,-1532.190996,9326.594869
16484.204949,370.102971,-1608.800546,9474.636058
16484.205273,-962.267725,-1378.971896,9030.512492
16484.205597,-962.267725,-1378.971896,8882.471304
16484.205922,-222.061783,-766.095498,8882.471304
16484.206246,-296.082377,-536.266849,9178.553681
16484.206571,0.000000,-459.657299,9474.636058
16484.206895,0.000000,153.219100,9474.636058
16484.207219,-148.041188,766.095498,9622.677246
16484.207544,592.164754,1225.752797,8882.471304
16484.207868,1480.411884,1149.143247,9696.697840
16484.208192,444.123565,1455.581446,9770.718434
16484.208517,-592.164754,1378.971896,9178.553681
16484.208841,0.000000,1608.800546,9252.574275
16484.209165,74.020594,1608.800546,9252.574275
16484.209490,-666.185348,2374.896044,8808.450710
16484.209814,-1258.350101,2221.676944,8512.368333
16484.210138,-1184.329507,2068.457845,8438.347739
16484.210463,-814.226536,2451.505594,9030.512492
16484.210787,-296.082377,2604.724693,9252.574275
16484.211111,-962.267725,2911.162892,8882.471304
16484.211436,-1184.329507,2451.505594,8586.388927
16484.211760,0.000000,2834.553343,9030.512492
16484.212084,296.082377,2911.162892,9474.636058
16484.212409,-666.185348,2528.115143,9400.615463
16484.212733,-962.267725,2528.115143,8808.450710
16484.213057,-518.144159,2834.553343,9252.574275
16484.213382,-962.267725,2834.553343,9548.656652
16484.213706,-1850.514855,2528.115143,9252.574275
16484.214031,-1332.370696,2834.553343,9030.512492
16484.214355,-1036.288319,2757.943793,8882.471304
16484.214679,-962.267725,2834.553343,9326.594869
16484.215004,-962.267725,2451.505594,9178.553681
16484.215328,-814.226536,2374.896044,8734.430116
16484.215652,-444.123565,2451.505594,8808.450710
16484.215977,740.205942,2528.115143,9252.574275
16484.216301,74.020594,2298.286494,9474.636058
16484.216625,0.000000,1225.752797,8512.368333
16484.216950,148.041188,1532.190996,8364.327145
16484.217274,0.000000,1149.143247,8956.491898
16484.217598,-296.082377,229.828649,8956.491898
16484.217923,0.000000,153.219100,8956.491898
16484.218247,444.123565,0.000000,8660.409521
16484.218571,74.020594,-383.047749,9252.574275
16484.218896,666.185348,-612.876398,9252.574275
16484.219220,370.102971,-1149.143247,9104.533087
16484.219544,444.123565,-1302.362347,8808.450710
16484.219869,1332.370696,-1302.362347,9474.636058
16484.220193,1850.514855,-1608.800546,9770.718434
16484.220517,666.185348,-2298.286494,9918.759623
16484.220842,370.102971,-2068.457845,9844.739029
16484.221166,2072.576638,-2068.457845,10066.800811
16484.221491,1702.473667,-2604.724693,10658.965565
16484.221815,518.144159,-2451.505594,10214.842000
16484.222139,888.247130,-2451.505594,9992.780217
16484.222464,1110.308913,-2451.505594,9918.759623
16484.222788,1110.308913,-2298.286494,10288.862594
16484.223112,1110.308913,-1608.800546,10066.800811
16484.223437,148.041188,-1532.190996,9252.574275
16484.223761,1110.308913,-995.924147,9400.615463
16484.224085,1776.494261,-612.876398,9548.656652
16484.224410,814.226536,-766.095498,9548.656652
16484.224734,-370.102971,-842.705048,9178.553681
16484.225058,0.000000,-766.095498,9030.512492
16484.225383,296.082377,-306.438199,9104.533087
16484.225707,-1036.288319,-459.657299,9252.574275
16484.226031,-1184.329507,0.000000,9252.574275
16484.226356,-1110.308913,76.609550,7920.203579
16484.226680,-1184.329507,306.438199,8956.491898
16484.227004,-1110.308913,1072.533697,9252.574275
16484.227329,-1036.288319,1532.190996,8586.388927
16484.227653,-1480.411884,1685.410096,8512.368333
16484.227977,-740.205942,2757.943793,8290.306550
16484.228302,296.082377,2451.505594,8660.409521
16484.228626,-1184.329507,2298.286494,9104.533087
16484.228951,-1406.391290,2145.067394,8882.471304
16484.229275,-814.226536,2221.676944,9030.512492
16484.229599,-666.185348,2068.457845,9252.574275
16484.229924,-1258.350101,1915.238745,9622.677246
16484.230248,-1184.329507,2068.457845,9326.594869
16484.230572,-444.123565,2145.067394,9548.656652
16484.230897,-592.164754,2834.553343,9474.636058
16484.231221,296.082377,2987.772442,9770.718434
16484.231545,296.082377,2911.162892,9548.656652
16484.231870,444.123565,2987.772442,8660.409521
16484.232194,1110.308913,3294.210641,9400.615463
16484.232518,1036.288319,3524.039291,9474.636058
16484.232843,0.000000,2834.553343,8882.471304
16484.233167,222.061783,2911.162892,8956.491898
16484.233491,518.144159,2528.115143,9030.512492
16484.233816,-222.061783,1991.848295,9252.574275
16484.234140,-666.185348,1608.800546,8660.409521
16484.234464,-222.061783,1532.190996,8586.388927
16484.234789,74.020594,612.876398,8882.471304
16484.235113,-148.041188,995.924147,9178.553681
16484.235437,0.000000,1378.971896,9474.636058
16484.235762,222.061783,1149.143247,8586.388927
16484.236086,518.144159,1072.533697,8808.450710
16484.236410,1554.432478,995.924147,9400.615463
16484.236735,444.123565,306.438199,9474.636058
16484.237059,0.000000,-459.657299,9178.553681
16484.237384,888.247130,-766.095498,9696.697840
16484.237708,1184.329507,-766.095498,9770.718434
16484.238032,222.061783,-1302.362347,9918.759623
16484.238357,0.000000,-1378.971896,9474.636058
16484.238681,370.102971,-1608.800546,9622.677246
16484.239005,518.144159,-1915.238745,9992.780217
16484.239330,888.247130,-1608.800546,10214.842000
16484.239654,296.082377,-2298.286494,10140.821405
16484.239978,518.144159,-2374.896044,9474.636058
16484.240303,1924.535449,-1608.800546,9622.677246
16484.240627,1554.432478,-1991.848295,9844.739029
16484.240951,0.000000,-2298.286494,9622.677246
16484.241276,518.144159,-2221.676944,9474.636058
16484.241600,1036.288319,-1532.190996,9548.656652
16484.241924,74.020594,-2298.286494,9770.718434
16484.242249,-740.205942,-2068.457845,9474.636058
16484.242573,-296.082377,-1915.238745,9400.615463
16484.242897,0.000000,-1838.629195,9252.574275
16484.243222,0.000000,-1455.581446,9696.697840
16484.243546,-148.041188,-919.314598,9400.615463
16484.243870,-444.123565,-612.876398,9326.594869
16484.244195,0.000000,76.609550,9622.677246
16484.244519,1110.308913,306.438199,9474.636058
16484.244844,-222.061783,459.657299,9474.636058
16484.245168,0.000000,383.047749,8882.471304
16484.245492,296.082377,919.314598,9326.594869
16484.245817,148.041188,995.924147,9548.656652
16484.246141,-814.226536,1302.362347,9252.574275
16484.246465,-666.185348,1532.190996,8808.450710
16484.246790,74.020594,1608.800546,8660.409521
16484.247114,-592.164754,2145.067394,8882.471304
16484.247438,-296.082377,2221.676944,9030.512492
16484.247763,-370.102971,2681.334243,8956.491898
16484.248087,-518.144159,2374.896044,8586.388927
16484.248411,222.061783,3064.381992,8956.491898
16484.248736,444.123565,2987.772442,9030.512492
16484.249060,-444.123565,3217.601092,8364.327145
16484.249384,-888.247130,2221.676944,9104.533087
16484.249709,-296.082377,2911.162892,9104.533087
16484.250033,-1184.329507,3064.381992,9474.636058
16484.250357,-1628.453072,2757.943793,9252.574275
16484.250682,-1628.453072,2911.162892,9252.574275
16484.251006,-1480.411884,2681.334243,9178.553681
16484.251330,-1036.288319,3064.381992,9548.656652
16484.251655,-962.267725,2528.115143,9178.553681
16484.251979,-1258.350101,2987.772442,8734.430116
16484.252304,-814.226536,3370.820191,8956.491898
16484.252628,148.041188,3064.381992,9400.615463
16484.252952,-222.061783,2757.943793,9400.615463
16484.253277,-1110.308913,2298.286494,8808.450710
16484.253601,-296.082377,2451.505594,8808.450710
16484.253925,148.041188,1532.190996,8808.450710
16484.254250,-592.164754,1532.190996,9030.512492
16484.254574,-1258.350101,842.705048,8142.265362
16484.254898,0.000000,995.924147,8512.368333
16484.255223,74.020594,459.657299,9030.512492
16484.255547,296.082377,76.609550,9178.553681
16484.255871,888.247130,153.219100,8956.491898
16484.256196,592.164754,0.000000,8660.409521
16484.256520,1184.329507,383.047749,8882.471304
16484.256844,2072.576638,-383.047749,9474.636058
16484.257169,814.226536,-1072.533697,9696.697840
16484.257493,370.102971,-1608.800546,9474.636058
16484.257817,1258.350101,-1608.800546,9918.759623
16484.258142,1184.329507,-2374.896044,9844.739029
16484.258466,296.082377,-2604.724693,10066.800811
16484.258790,518.144159,-2374.896044,9400.615463
16484.259115,962.267725,-2451.505594,9918.759623
16484.259439,740.205942,-2451.505594,10436.903782
16484.259764,1332.370696,-2374.896044,10362.883188
16484.260088,814.226536,-1915.238745,9844.739029
16484.260412,740.205942,-1762.019645,9252.574275
16484.260737,1924.535449,-2221.676944,10288.862594
16484.261061,1924.535449,-1762.019645,10214.842000
16484.261385,222.061783,-2298.286494,10066.800811
16484.261710,370.102971,-1685.410096,9474.636058
16484.262034,1332.370696,-1455.581446,9548.656652
16484.262358,0.000000,-1302.362347,9696.697840
16484.262683,-962.267725,-1225.752797,9178.553681
16484.263007,-74.020594,-612.876398,8808.450710
16484.263331,0.000000,-76.609550,9030.512492
16484.263656,-666.185348,0.000000,9696.697840
16484.263980,-962.267725,459.657299,9400.615463
16484.264304,-888.247130,766.095498,8956.491898
16484.264629,-444.123565,1455.581446,9030.512492
16484.264953,0.000000,1915.238745,9400.615463
16484.265277,-1036.288319,1915.238745,9104.533087
16484.265602,-2220.617826,2451.505594,8216.285956
16484.265926,-740.205942,2221.676944,8364.327145
16484.266250,-888.247130,2068.457845,9178.553681
16484.266575,-1628.453072,2145.067394,9030.512492
16484.266899,-1776.494261,2374.896044,8364.327145
16484.267223,-1258.350101,2451.505594,8660.409521
16484.267548,-962.267725,2221.676944,9326.594869
16484.267872,-444.123565,2374.896044,9400.615463
16484.268197,0.000000,3370.820191,9252.574275
16484.268521,-296.082377,2987.772442,9178.553681
16484.268845,888.247130,3370.820191,9400.615463
16484.269170,1554.432478,3294.210641,9548.656652
16484.269494,0.000000,2987.772442,9326.594869
16484.269818,222.061783,3294.210641,8882.471304
16484.270143,518.144159,2987.772442,9326.594869
16484.270467,444.123565,2374.896044,9474.636058
16484.270791,-296.082377,2068.457845,9178.553681
16484.271116,0.000000,2221.676944,8808.450710
16484.271440,0.000000,2068.457845,9104.533087
16484.271764,0.000000,1685.410096,9622.677246
16484.272089,592.164754,1991.848295,9030.512492
16484.272413,-296.082377,1455.581446,8438.347739
16484.272737,666.185348,1762.019645,8512.368333
16484.273062,1184.329507,1685.410096,9252.574275
16484.273386,370.102971,1302.362347,9252.574275
16484.273710,0.000000,536.266849,9030.512492
16484.274035,222.061783,536.266849,9178.553681
16484.274359,740.205942,229.828649,9178.553681
16484.274683,148.041188,0.000000,9326.594869
16484.275008,0.000000,-229.828649,9030.512492
16484.275332,-296.082377,-536.266849,9104.533087
16484.275657,148.041188,-1225.752797,9030.512492
16484.275981,666.185348,-1302.362347,9548.656652
16484.276305,518.144159,-1455.581446,9474.636058
16484.276630,518.144159,-1608.800546,9178.553681
16484.276954,1554.432478,-1685.410096,9548.656652
16484.277278,1850.514855,-1532.190996,9844.739029
16484.277603,296.082377,-2298.286494,9770.718434
16484.277927,666.185348,-2298.286494,9844.739029
16484.278251,1258.350101,-2298.286494,9918.759623
16484.278576,888.247130,-2528.115143,10140.821405
16484.278900,-370.102971,-2451.505594,9844.739029
16484.279224,74.020594,-2221.676944,9548.656652
16484.279549,296.082377,-2528.115143,9622.677246
16484.279873,444.123565,-1991.848295,9844.739029
16484.280197,444.123565,-1532.190996,10066.800811
16484.280522,-74.020594,-1532.190996,9474.636058
16484.280846,296.082377,-766.095498,9252.574275
16484.281170,1332.370696,-689.485948,9844.739029
16484.281495,592.164754,-612.876398,9474.636058
16484.281819,-814.226536,-459.657299,9400.615463
16484.282143,-74.020594,0.000000,9474.636058
16484.282468,222.061783,0.000000,9326.594869
16484.282792,-962.267725,153.219100,9178.553681
16484.283117,-1036.288319,306.438199,8586.388927
16484.283441,-518.144159,766.095498,8364.327145
16484.283765,-592.164754,1685.410096,8734.430116
16484.284090,0.000000,2298.286494,8586.388927
16484.284414,-444.123565,2068.457845,8290.306550
16484.284738,-888.247130,2298.286494,8438.347739
16484.285063,148.041188,2451.505594,9030.512492
16484.285387,740.205942,2757.943793,9326.594869
16484.285711,-296.082377,2681.334243,9622.677246
16484.286036,-814.226536,2681.334243,9400.615463
16484.286360,-444.123565,2757.943793,9474.636058
16484.286684,-296.082377,2681.334243,9696.697840
16484.287009,-1406.391290,2681.334243,9622.677246
16484.287333,-1480.411884,2987.772442,9474.636058
16484.287657,-1258.350101,2911.162892,9104.533087
16484.287982,-740.205942,3140.991542,9696.697840
16484.288306,-592.164754,3294.210641,9178.553681
16484.288630,-1628.453072,3677.258390,8956.491898
16484.288955,-1184.329507,3370.820191,8956.491898
16484.289279,444.123565,3217.601092,8956.491898
16484.289603,-592.164754,3294.210641,9030.512492
16484.289928,-1406.391290,2528.115143,8660.409521
16484.290252,-1110.308913,2757.943793,8364.327145
16484.290577,74.020594,2451.505594,8586.388927
16484.290901,-1184.329507,2145.067394,8808.450710
16484.291225,-1184.329507,1378.971896,8364.327145
16484.291550,-592.164754,1608.800546,8068.244768
16484.291874,0.000000,1455.581446,8808.450710
16484.292198,0.000000,995.924147,9030.512492
16484.292523,74.020594,995.924147,9030.512492
16484.292847,666.185348,1072.533697,8660.409521
16484.293171,1036.288319,842.705048,9030.512492
16484.293495,1702.473667,383.047749,9474.636058
16484.293820,666.185348,0.000000,9770.718434
16484.294144,296.082377,-766.095498,9474.636058
16484.294468,1554.432478,-995.924147,9770.718434
16484.294793,1110.308913,-1532.190996,10066.800811
16484.295117,148.041188,-1915.238745,9770.718434
16484.295441,370.102971,-1608.800546,9400.615463
16484.295766,1110.308913,-1838.629195,9622.677246
16484.296090,592.164754,-2221.676944,9992.780217
16484.296414,888.247130,-2374.896044,9992.780217
16484.296738,888.247130,-1991.848295,9918.759623
16484.297063,592.164754,-2451.505594,9474.636058
16484.297387,2294.638420,-1608.800546,9844.739029
16484.297711,1924.535449,-1991.848295,10214.842000
16484.298036,74.020594,-1915.238745,9474.636058
16484.298360,148.041188,-2451.505594,9474.636058
16484.298684,1406.391290,-2068.457845,9844.739029
16484.299009,814.226536,-2145.067394,10066.800811
16484.299333,-370.102971,-2145.067394,9844.739029
16484.299657,0.000000,-1302.362347,9252.574275
16484.299982,148.041188,-1225.752797,9622.677246
16484.300306,74.020594,-766.095498,9474.636058
16484.300630,0.000000,-76.609550,9326.594869
16484.300954,-814.226536,-229.828649,8956.491898
16484.301279,0.000000,229.828649,9400.615463
16484.301603,666.185348,842.705048,9696.697840
16484.301927,-370.102971,919.314598,9622.677246
16484.302252,-1258.350101,1225.752797,8808.450710
16484.302576,-888.247130,1532.190996,8734.430116
16484.302900,-592.164754,1608.800546,9030.512492
16484.303225,-1184.329507,1685.410096,9030.512492
16484.303549,-1554.432478,1838.629195,8364.327145
16484.303873,-1110.308913,1838.629195,8290.306550
16484.304197,-1110.308913,2068.457845,8586.388927
16484.304522,-592.164754,2068.457845,8438.347739
16484.304846,-518.144159,2528.115143,8660.409521
16484.305170,-666.185348,2528.115143,8512.368333
16484.305495,222.061783,2757.943793,9400.615463
16484.305819,370.102971,2911.162892,9400.615463
16484.306143,-222.061783,2604.724693,9326.594869
16484.306468,-296.082377,2681.334243,9400.615463
16484.306792,296.082377,2834.553343,9474.636058
16484.307116,370.102971,2528.115143,9844.739029
16484.307441,-148.041188,2451.505594,9474.636058
16484.307765,-518.144159,2604.724693,9474.636058
16484.308089,0.000000,2604.724693,9252.574275
16484.308413,0.000000,2451.505594,9326.594869
16484.308738,74.020594,2451.505594,9474.636058
16484.309062,-370.102971,2911.162892,8660.409521
16484.309386,592.164754,2451.505594,8438.347739
16484.309711,1332.370696,2604.724693,9030.512492
16484.310035,370.102971,2068.457845,9104.533087
16484.310359,-296.082377,1608.800546,8660.409521
16484.310684,222.061783,995.924147,9104.533087
16484.311008,592.164754,612.876398,9104.533087
16484.311332,-148.041188,459.657299,8808.450710
16484.311657,-592.164754,459.657299,8438.347739
16484.311981,0.000000,459.657299,8364.327145
16484.312305,222.061783,0.000000,8956.491898
16484.312629,370.102971,-153.219100,9178.553681
16484.312954,0.000000,-383.047749,9104.533087
16484.313278,444.123565,-919.314598,9252.574275
16484.313602,1036.288319,-1072.533697,9178.553681
16484.313927,1776.494261,-153.219100,9696.697840
16484.314251,740.205942,-1608.800546,9696.697840
16484.314575,74.020594,-1378.971896,9400.615463
16484.314900,740.205942,-1838.629195,9918.759623
16484.315224,962.267725,-2298.286494,10362.883188
16484.315548,0.000000,-2451.505594,9992.780217
16484.315872,0.000000,-2451.505594,9844.739029
16484.316197,296.082377,-2528.115143,9474.636058
16484.316521,814.226536,-2374.896044,9992.780217
16484.316845,888.247130,-2221.676944,10362.883188
16484.317170,222.061783,-1915.238745,9770.718434
16484.317494,814.226536,-1838.629195,9548.656652
16484.317818,1628.453072,-1302.362347,9992.780217
16484.318143,1332.370696,-1225.752797,9770.718434
16484.318467,74.020594,-1685.410096,9696.697840
16484.318791,888.247130,-1225.752797,9400.615463
16484.319116,370.102971,-383.047749,9104.533087
16484.319440,-666.185348,-689.485948,9400.615463
16484.319764,-1110.308913,-383.047749,9030.512492
16484.320088,-1110.308913,0.000000,8586.388927
16484.320413,-740.205942,229.828649,8734.430116
16484.320737,-666.185348,842.705048,9030.512492
16484.321061,-740.205942,1302.362347,8586.388927
16484.321386,-666.185348,1762.019645,8512.368333
16484.321710,148.041188,2145.067394,8734.430116
16484.322034,592.164754,2221.676944,9104.533087
16484.322359,-296.082377,2221.676944,9030.512492
16484.322683,-444.123565,2528.115143,8734.430116
16484.323007,0.000000,2911.162892,8956.491898
16484.323331,222.061783,1991.848295,9326.594869
16484.323656,-740.205942,2451.505594,8808.450710
16484.323980,-1184.329507,2451.505594,8956.491898
16484.324304,-740.205942,2451.505594,9400.615463
16484.324629,-592.164754,2681.334243,9474.636058
16484.324953,-370.102971,2834.553343,9474.636058
16484.325277,-518.144159,2834.553343,9474.636058
16484.325602,-518.144159,3524.039291,8882.471304
16484.325926,518.144159,3600.648841,9400.615463
16484.326250,518.144159,3370.820191,9474.636058
16484.326575,-1036.288319,3217.601092,9252.574275
16484.326899,-1184.329507,3294.210641,9030.512492
16484.327223,0.000000,2834.553343,8956.491898
16484.327547,-888.247130,2604.724693,9030.512492
16484.327872,-1184.329507,2451.505594,9178.553681
16484.328196,-1332.370696,2451.505594,8216.285956
16484.328520,-888.247130,2221.676944,8808.450710
16484.328845,-518.144159,1915.238745,8660.409521
16484.329169,-518.144159,2374.896044,8956.491898
16484.329493,-962.267725,1532.190996,8734.430116
16484.329818,222.061783,1685.410096,8734.430116
16484.330142,1850.514855,1455.581446,9622.677246
16484.330466,518.144159,919.314598,9030.512492
16484.330791,-148.041188,536.266849,8808.450710
16484.331115,740.205942,306.438199,9400.615463
16484.331439,1036.288319,-306.438199,9326.594869
16484.331763,-296.082377,-536.266849,9400.615463
16484.332088,222.061783,-689.485948,9178.553681
16484.332412,0.000000,-1225.752797,8956.491898
16484.332736,740.205942,-1838.629195,9548.656652
16484.333061,888.247130,-1915.238745,10288.862594
16484.333385,592.164754,-1608.800546,9400.615463
16484.333709,592.164754,-2068.457845,9696.697840
16484.334034,1998.556043,-1685.410096,10066.800811
16484.334358,1998.556043,-1915.238745,10362.883188
16484.334682,666.185348,-2451.505594,9770.718434
16484.335006,888.247130,-1838.629195,9770.718434
16484.335331,1332.370696,-1991.848295,10066.800811
16484.335655,888.247130,-2987.772442,10140.821405
16484.335979,74.020594,-2451.505594,10140.821405
16484.336304,0.000000,-1991.848295,9474.636058
16484.336628,222.061783,-2221.676944,9400.615463
16484.336952,0.000000,-2145.067394,9622.677246
16484.337277,148.041188,-1302.362347,9030.512492
16484.337601,0.000000,-995.924147,9252.574275
16484.337925,518.144159,-995.924147,9474.636058
16484.338250,1258.350101,-536.266849,9622.677246
16484.338574,74.020594,-383.047749,9400.615463
16484.338898,-888.247130,-306.438199,8660.409521
16484.339222,-518.144159,-153.219100,9030.512492
16484.339547,296.082377,536.266849,8956.491898
16484.339871,-740.205942,229.828649,9252.574275
16484.340195,-1406.391290,536.266849,8734.430116
16484.340520,-814.226536,1149.143247,8364.327145
16484.340844,-740.205942,1225.752797,8882.471304
16484.341168,-296.082377,1608.800546,9104.533087
16484.341493,-1110.308913,1991.848295,8882.471304
16484.341817,-740.205942,2451.505594,8512.368333
16484.342141,296.082377,2757.943793,8882.471304
16484.342465,592.164754,2451.505594,9252.574275
16484.342790,-666.185348,2451.505594,9178.553681
16484.343114,-1110.308913,2145.067394,8882.471304
16484.343438,0.000000,2681.334243,9252.574275
16484.343763,0.000000,2451.505594,9622.677246
16484.344087,-666.185348,1915.238745,9548.656652
16484.344411,-814.226536,3140.991542,9252.574275
16484.344736,-518.144159,3140.991542,9326.594869
16484.345060,0.000000,2757.943793,9474.636058
16484.345384,370.102971,2987.772442,9474.636058
16484.345709,-592.164754,2757.943793,8734.430116
16484.346033,-222.061783,2681.334243,8956.491898
16484.346357,888.247130,2987.772442,9474.636058
16484.346681,1184.329507,2451.505594,9622.677246
16484.347006,-296.082377,1991.848295,8586.388927
16484.347330,-148.041188,1608.800546,9030.512492
16484.347654,370.102971,1608.800546,9252.574275
16484.347979,-222.061783,1378.971896,9400.615463
16484.348303,-666.185348,919.314598,9104.533087
16484.348627,-222.061783,1302.362347,8586.388927
16484.348952,0.000000,306.438199,9622.677246
16484.349276,296.082377,306.438199,9326.594869
16484.349600,518.144159,766.095498,9326.594869
16484.349925,296.082377,306.438199,9030.512492
16484.350249,888.247130,383.047749,9474.636058
16484.350573,1480.411884,153.219100,9474.636058
16484.350897,296.082377,0.000000,9474.636058
16484.351222,0.000000,-842.705048,8512.368333
16484.351546,592.164754,-689.485948,9400.615463
16484.351870,666.185348,-1991.848295,9474.636058
16484.352195,0.000000,-2068.457845,9622.677246
16484.352519,-222.061783,-2221.676944,9474.636058
16484.352843,148.041188,-1915.238745,9400.615463
16484.353168,222.061783,-2145.067394,9696.697840
16484.353492,740.205942,-1991.848295,9474.636058
16484.353816,740.205942,-1991.848295,9548.656652
16484.354140,888.247130,-1991.848295,9548.656652
16484.354465,1998.556043,-1608.800546,10066.800811
16484.354789,2220.617826,-1762.019645,10510.924376
16484.355113,592.164754,-1915.238745,10066.800811
16484.355438,370.102971,-1991.848295,9992.780217
16484.355762,1406.391290,-1072.533697,9696.697840
16484.356086,666.185348,-1455.581446,10214.842000
16484.356411,0.000000,-1838.629195,9622.677246
16484.356735,-444.123565,-1225.752797,9252.574275
16484.357059,0.000000,-612.876398,9178.553681
16484.357384,74.020594,-842.705048,9770.718434
16484.357708,-444.123565,383.047749,9474.636058
16484.358032,-1036.288319,229.828649,8882.471304
16484.358356,148.041188,1072.533697,8882.471304
16484.358681,1110.308913,995.924147,9178.553681
16484.359005,-222.061783,1149.143247,9104.533087
16484.359329,-1110.308913,1302.362347,8438.347739
16484.359654,-296.082377,1608.800546,8734.430116
16484.359978,0.000000,1608.800546,8882.471304
16484.360302,-1480.411884,1991.848295,8660.409521
16484.360627,-1850.514855,1838.629195,8734.430116
16484.360951,-962.267725,1991.848295,8660.409521
16484.361275,-962.267725,1838.629195,8956.491898
16484.361599,-888.247130,2374.896044,9474.636058
16484.361924,-592.164754,2451.505594,9252.574275
16484.362248,-666.185348,2528.115143,9178.553681
16484.362572,222.061783,3217.601092,9622.677246
16484.362897,814.226536,3294.210641,9992.780217
16484.363221,-888.247130,2911.162892,9252.574275
16484.363545,-814.226536,3140.991542,9400.615463
16484.363870,-592.164754,3140.991542,9548.656652
16484.364194,-740.205942,2987.772442,9548.656652
16484.364518,-1628.453072,2911.162892,9326.594869
16484.364843,-1258.350101,2604.724693,8956.491898
16484.365167,-1258.350101,2298.286494,8438.347739
16484.365491,-1554.432478,2987.772442,8660.409521
16484.365815,-814.226536,2451.505594,9178.553681
16484.366140,-962.267725,2528.115143,8882.471304
16484.366464,-592.164754,2681.334243,8438.347739
16484.366788,444.123565,2528.115143,8660.409521
16484.367113,444.123565,2068.457845,9178.553681
16484.367437,-296.082377,1762.019645,8956.491898
16484.367761,148.041188,1685.410096,8586.388927
16484.368086,222.061783,1149.143247,8882.471304
16484.368410,-148.041188,536.266849,8956.491898
16484.368734,-296.082377,0.000000,9030.512492
16484.369059,222.061783,-306.438199,8660.409521
16484.369383,666.185348,-766.095498,9030.512492
16484.369707,666.185348,-306.438199,9622.677246
16484.370031,888.247130,-383.047749,9474.636058
16484.370356,1036.288319,-1762.019645,9400.615463
16484.370680,1776.494261,-689.485948,9622.677246
16484.371004,2516.700203,-1302.362347,10510.924376
16484.371329,1036.288319,-2068.457845,10214.842000
16484.371653,814.226536,-2068.457845,10140.821405
16484.371977,1554.432478,-1915.238745,10140.821405
16484.372302,1628.453072,-2451.505594,10732.986159
16484.372626,518.144159,-2298.286494,10658.965565
16484.372950,592.164754,-2451.505594,9770.718434
16484.373274,740.205942,-2374.896044,9770.718434
16484.373599,666.185348,-2298.286494,9918.759623
16484.373923,962.267725,-2374.896044,9696.697840
16484.374247,444.123565,-1072.533697,9400.615463
16484.374572,444.123565,-1149.143247,8956.491898
16484.374896,1480.411884,-1608.800546,9474.636058
16484.375220,1110.308913,-1532.190996,9400.615463
16484.375545,-592.164754,-1149.143247,9030.512492
16484.375869,-740.205942,-612.876398,8882.471304
16484.376193,148.041188,-612.876398,9178.553681
16484.376518,-370.102971,-842.705048,9474.636058
16484.376842,-1554.432478,0.000000,8882.471304
16484.377166,-1628.453072,383.047749,8586.388927
16484.377490,-1036.288319,459.657299,9104.533087
16484.377815,-1258.350101,612.876398,9252.574275
16484.378139,-962.267725,1455.581446,9400.615463
16484.378463,-1110.308913,1838.629195,9178.553681
16484.378788,-296.082377,2298.286494,8882.471304
16484.379112,222.061783,2298.286494,9474.636058
16484.379436,0.000000,2451.505594,9252.574275
16484.379761,-962.267725,2681.334243,8734.430116
16484.380085,-296.082377,2528.115143,9252.574275
16484.380409,-148.041188,2451.505594,9326.594869
16484.380733,-1110.308913,2298.286494,9400.615463
16484.381058,-1036.288319,2528.115143,8808.450710
16484.381382,-370.102971,2451.505594,8734.430116
16484.381706,-296.082377,2911.162892,9178.553681
16484.382031,-296.082377,3140.991542,8882.471304
16484.382355,222.061783,3217.601092,8956.491898
16484.382679,0.000000,2911.162892,8438.347739
16484.383004,592.164754,3294.210641,8956.491898
16484.383328,1184.329507,3524.039291,9622.677246
16484.383652,0.000000,2834.553343,8956.491898
16484.383977,148.041188,2145.067394,9252.574275
16484.384301,962.267725,2451.505594,9030.512492
16484.384625,222.061783,2068.457845,9474.636058
16484.384949,-666.185348,1302.362347,9252.574275
16484.385274,74.020594,1532.190996,9326.594869
16484.385598,296.082377,1378.971896,9252.574275
16484.385922,296.082377,919.314598,9918.759623
16484.386247,518.144159,1149.143247,9992.780217
16484.386571,0.000000,842.705048,8882.471304
16484.386895,740.205942,995.924147,9252.574275
16484.387220,1776.494261,1149.143247,9696.697840
16484.387544,740.205942,536.266849,9474.636058
16484.387868,-74.020594,0.000000,8808.450710
16484.388192,814.226536,0.000000,9030.512492
16484.388517,814.226536,-766.095498,8956.491898
16484.388841,-740.205942,-1532.190996,9104.533087
16484.389165,-740.205942,-1225.752797,8808.450710
16484.389490,0.000000,-1378.971896,8660.409521
16484.389814,0.000000,-2068.457845,9178.553681
16484.390138,296.082377,-2145.067394,9400.615463
16484.390463,296.082377,-2451.505594,9178.553681
16484.390787,-148.041188,-2068.457845,9104.533087
16484.391111,888.247130,-1685.410096,9622.677246
16484.391436,1924.535449,-1838.629195,10510.924376
16484.391760,740.205942,-2221.676944,10140.821405
16484.392084,148.041188,-2221.676944,9844.739029
16484.392408,666.185348,-2145.067394,10140.821405
16484.392733,592.164754,-2221.676944,10362.883188
16484.393057,-370.102971,-2221.676944,9992.780217
16484.393381,-222.061783,-1532.190996,9474.636058
16484.393706,0.000000,-1685.410096,9770.718434
16484.394030,296.082377,-1608.800546,9918.759623
16484.394354,444.123565,-995.924147,9992.780217
16484.394679,0.000000,-766.095498,9474.636058
16484.395003,0.000000,-459.657299,9622.677246
16484.395327,1258.350101,-153.219100,9474.636058
16484.395652,518.144159,229.828649,9474.636058
16484.395976,-444.123565,0.000000,8956.491898
16484.396300,-296.082377,766.095498,8882.471304
16484.396624,444.123565,1149.143247,8438.347739
16484.396949,-518.144159,919.314598,8882.471304
16484.397273,-740.205942,1302.362347,8438.347739
16484.397597,-592.164754,2221.676944,7846.182985
16484.397922,0.000000,2068.457845,8364.327145
16484.398246,-222.061783,2374.896044,8808.450710
16484.398570,-592.164754,2451.505594,9178.553681
16484.398895,-666.185348,2451.505594,8586.388927
16484.399219,0.000000,2757.943793,9030.512492
16484.399543,592.164754,3140.991542,9252.574275
16484.399868,-592.164754,2451.505594,9252.574275
16484.400192,-1184.329507,2604.724693,9474.636058
16484.400516,0.000000,2604.724693,9474.636058
16484.400840,-592.164754,2528.115143,10066.800811
16484.401165,-1332.370696,2681.334243,9770.718434
16484.401489,-1702.473667,2757.943793,9474.636058
16484.401813,-1184.329507,3294.210641,9178.553681
16484.402138,-1480.411884,3217.601092,9252.574275
16484.402462,-1036.288319,3294.210641,9104.533087
16484.402786,-1258.350101,3830.477490,9178.553681
16484.403111,-1184.329507,3064.381992,8808.450710
16484.403435,222.061783,2911.162892,8734.430116
16484.403759,518.144159,2834.553343,9178.553681
16484.404084,-962.267725,2451.505594,8438.347739
16484.404408,-740.205942,2604.724693,8068.244768
16484.404732,222.061783,2221.676944,8364.327145
16484.405057,-222.061783,1225.752797,8586.388927
16484.405381,-740.205942,1225.752797,8956.491898
16484.405705,-444.123565,1302.362347,8216.285956
16484.406029,0.000000,612.876398,8586.388927
16484.406354,370.102971,459.657299,9178.553681
16484.406678,444.123565,536.266849,9178.553681
16484.407002,0.000000,0.000000,9030.512492
16484.407327,592.164754,-229.828649,9178.553681
16484.407651,1480.411884,-229.828649,9474.636058
16484.407975,740.205942,-919.314598,9918.759623
16484.408300,74.020594,-1838.629195,9548.656652
16484.408624,962.267725,-1838.629195,10140.821405
16484.408948,1332.370696,-2145.067394,10140.821405
16484.409273,814.226536,-2221.676944,10436.903782
16484.409597,814.226536,-2604.724693,9696.697840
16484.409921,592.164754,-2604.724693,9770.718434
16484.410245,1258.350101,-2374.896044,10288.862594
16484.410570,1702.473667,-2221.676944,10362.883188
16484.410894,1406.391290,-2298.286494,9992.780217
16484.411218,1554.432478,-2528.115143,9770.718434
16484.411543,2516.700203,-1532.190996,9844.739029
16484.411867,2294.638420,-1455.581446,9992.780217
16484.412191,296.082377,-1838.629195,9548.656652
16484.412516,0.000000,-1608.800546,9252.574275
16484.412840,666.185348,-1149.143247,9252.574275
16484.413164,296.082377,-1302.362347,9252.574275
16484.413489,-962.267725,-766.095498,8808.450710
16484.413813,-1036.288319,-995.924147,8808.450710
16484.414137,-1258.350101,-229.828649,8290.306550
16484.414461,-814.226536,76.609550,9178.553681
16484.414786,-962.267725,306.438199,9400.615463
16484.415110,-1628.453072,995.924147,9104.533087
16484.415434,-518.144159,1225.752797,8882.471304
16484.415759,592.164754,919.314598,9104.533087
16484.416083,0.000000,1838.629195,9474.636058
16484.416407,-1332.370696,1838.629195,8956.491898
16484.416732,-370.102971,1915.238745,8586.388927
16484.417056,-148.041188,1685.410096,9178.553681
16484.417380,-888.247130,1838.629195,9326.594869
16484.417705,-1406.391290,2221.676944,9030.512492
16484.418029,-740.205942,1762.019645,8660.409521
16484.418353,0.000000,1991.848295,9178.553681
16484.418677,0.000000,2604.724693,9252.574275
16484.419002,-222.061783,2834.553343,8512.368333
16484.419326,-444.123565,2757.943793,9104.533087
16484.419650,518.144159,3064.381992,9030.512492
16484.419975,1406.391290,3447.429741,9696.697840
16484.420299,222.061783,3370.820191,9400.615463
16484.420623,-370.102971,2451.505594,9030.512492
16484.420948,148.041188,2911.162892,8808.450710
16484.421272,370.102971,2451.505594,9474.636058
16484.421596,-814.226536,2145.067394,9474.636058
16484.421921,-888.247130,2451.505594,8808.450710
16484.422245,-1036.288319,2145.067394,8734.430116
16484.422569,-74.020594,2528.115143,9252.574275
16484.422894,74.020594,1762.019645,9326.594869
16484.423218,-592.164754,1378.971896,8808.450710
16484.423542,0.000000,1378.971896,9252.574275
16484.423866,1258.350101,1532.190996,9474.636058
16484.424191,888.247130,1378.971896,9326.594869
16484.424515,-296.082377,766.095498,9252.574275
16484.424839,296.082377,536.266849,8882.471304
16484.425164,1110.308913,766.095498,8882.471304
16484.425488,370.102971,-76.609550,8734.430116
16484.425812,0.000000,-536.266849,8808.450710
16484.426137,296.082377,-459.657299,9030.512492
16484.426461,444.123565,-919.314598,9252.574275
16484.426785,444.123565,-1225.752797,9696.697840
16484.427110,666.185348,-1378.971896,9622.677246
16484.427434,296.082377,-1225.752797,9548.656652
16484.427758,1406.391290,-1762.019645,9474.636058
16484.428082,1850.514855,-919.314598,10214.842000
16484.428407,666.185348,-2221.676944,10066.800811
16484.428731,-148.041188,-2145.067394,9622.677246
16484.429055,740.205942,-2221.676944,9992.780217
16484.429380,1036.288319,-2451.505594,10140.821405
16484.429704,0.000000,-2374.896044,9918.759623
16484.430028,-370.102971,-2451.505594,9548.656652
16484.430353,296.082377,-2221.676944,9178.553681
16484.430677,0.000000,-2374.896044,9622.677246
16484.431001,666.185348,-2068.457845,10066.800811
16484.431326,222.061783,-1608.800546,9548.656652
16484.431650,0.000000,-1455.581446,9252.574275
16484.431974,1110.308913,-689.485948,9696.697840
16484.432298,1776.494261,-995.924147,10066.800811
16484.432623,74.020594,-842.705048,9474.636058
16484.432947,-74.020594,-459.657299,9252.574275
16484.433271,814.226536,-153.219100,9178.553681
16484.433596,-148.041188,0.000000,9474.636058
16484.433920,-888.247130,306.438199,9326.594869
16484.434244,-962.267725,1225.752797,8586.388927
16484.434569,-740.205942,1302.362347,8734.430116
16484.434893,-518.144159,1378.971896,8808.450710
16484.435217,-370.102971,2145.067394,8956.491898
16484.435542,-1184.329507,2221.676944,8882.471304
16484.435866,-666.185348,2451.505594,8660.409521
16484.436190,148.041188,2834.553343,9178.553681
16484.436514,-370.102971,2451.505594,8956.491898
16484.436839,-1110.308913,2757.943793,8808.450710
16484.437163,-962.267725,3064.381992,8882.471304
16484.437487,-1036.288319,2757.943793,8956.491898
16484.437812,-1258.350101,2681.334243,9400.615463
16484.438136,-1258.350101,2681.334243,9030.512492
16484.438460,-1184.329507,2987.772442,8660.409521
16484.438785,-1480.411884,2528.115143,9104.533087
16484.439109,-148.041188,3370.820191,9474.636058
16484.439433,0.000000,3447.429741,9622.677246
16484.439758,-592.164754,3753.867940,9178.553681
16484.440082,-222.061783,3677.258390,9178.553681
16484.440406,814.226536,3217.601092,9474.636058
16484.440731,-222.061783,2834.553343,9474.636058
16484.441055,-740.205942,2681.334243,9178.553681
16484.441379,0.000000,2221.676944,8882.471304
16484.441703,0.000000,1915.238745,9030.512492
16484.442028,-1110.308913,1685.410096,8882.471304
16484.442352,-1110.308913,1838.629195,9030.512492
16484.442676,-666.185348,1455.581446,8808.450710
16484.443001,-370.102971,1378.971896,9252.574275
16484.443325,148.041188,1225.752797,9104.533087
16484.443649,0.000000,1378.971896,8734.430116
16484.443974,518.144159,1532.190996,8734.430116
16484.444298,1332.370696,689.485948,8734.430116
16484.444622,888.247130,0.000000,9252.574275
16484.444947,0.000000,-612.876398,8956.491898
16484.445271,518.144159,-689.485948,9178.553681
16484.445595,1702.473667,-1685.410096,9474.636058
16484.445919,370.102971,-1455.581446,9770.718434
16484.446244,222.061783,-1838.629195,9992.780217
16484.446568,1110.308913,-2374.896044,9252.574275
16484.446892,1036.288319,-2374.896044,9770.718434
16484.447217,888.247130,-2374.896044,10140.821405
16484.447541,1184.329507,-2145.067394,10140.821405
16484.447865,1184.329507,-2221.676944,9770.718434
16484.448190,2072.576638,-1762.019645,10140.821405
16484.448514,2664.741391,-1225.752797,10584.944971
16484.448838,1036.288319,-1838.629195,10066.800811
16484.449163,370.102971,-2068.457845,9622.677246
16484.449487,1110.308913,-1762.019645,10066.800811
16484.449811,444.123565,-2145.067394,9992.780217
16484.450135,-296.082377,-2221.676944,9844.739029
16484.450460,-148.041188,-1685.410096,9178.553681
16484.450784,-148.041188,-1225.752797,8882.471304
16484.451108,-370.102971,-1072.533697,9474.636058
16484.451433,-444.123565,-536.266849,9400.615463
16484.451757,-370.102971,0.000000,8956.491898
16484.452081,-740.205942,76.609550,9030.512492
16484.452406,0.000000,306.438199,9252.574275
16484.452730,0.000000,536.266849,9030.512492
16484.453054,-1110.308913,842.705048,9326.594869
16484.453379,-1036.288319,1149.143247,8734.430116
16484.453703,-518.144159,1378.971896,8586.388927
16484.454027,-1184.329507,1225.752797,9030.512492
16484.454351,-1332.370696,1455.581446,8882.471304
16484.454676,-1184.329507,1762.019645,8586.388927
16484.455000,-962.267725,1608.800546,8956.491898
16484.455324,-888.247130,2374.896044,8956.491898
16484.455649,-370.102971,2221.676944,9178.553681
16484.455973,-148.041188,2451.505594,9178.553681
16484.456297,370.102971,2911.162892,9326.594869
16484.456622,1036.288319,2987.772442,9770.718434
16484.456946,222.061783,2757.943793,9474.636058
16484.457270,0.000000,3064.381992,9326.594869
16484.457595,592.164754,3140.991542,9252.574275
16484.457919,1036.288319,2987.772442,9474.636058
16484.458243,-444.123565,2834.553343,9400.615463
16484.458568,-740.205942,2681.334243,8808.450710
16484.458892,-296.082377,2681.334243,8882.471304
16484.459216,-370.102971,2528.115143,8808.450710
16484.459540,-222.061783,2528.115143,8882.471304
16484.459865,-296.082377,2681.334243,8882.471304
16484.460189,-444.123565,2451.505594,8512.368333
16484.460513,1110.308913,2298.286494,8734.430116
16484.460838,814.226536,1685.410096,9326.594869
16484.461162,-592.164754,1685.410096,8956.491898
16484.461486,-296.082377,842.705048,8882.471304
16484.461811,518.144159,1072.533697,9178.553681
16484.462135,0.000000,612.876398,9400.615463
16484.462459,-370.102971,383.047749,9474.636058
16484.462784,148.041188,-306.438199,8438.347739
16484.463108,962.267725,0.000000,9474.636058
16484.463432,592.164754,-153.219100,9548.656652
16484.463756,592.164754,-306.438199,9474.636058
16484.464081,370.102971,-383.047749,9252.574275
16484.464405,666.185348,-153.219100,9474.636058
16484.464729,1702.473667,-995.924147,9548.656652
16484.465054,962.267725,-1225.752797,9696.697840
16484.465378,444.123565,-1532.190996,9400.615463
16484.465702,518.144159,-1608.800546,9474.636058
16484.466027,592.164754,-2298.286494,9696.697840
16484.466351,0.000000,-2528.115143,9770.718434
16484.466675,0.000000,-2451.505594,9622.677246
16484.467000,148.041188,-1838.629195,9548.656652
16484.467324,74.020594,-2374.896044,9548.656652
16484.467648,370.102971,-2298.286494,9770.718434
16484.467972,592.164754,-2221.676944,9770.718434
16484.468297,296.082377,-1991.848295,9474.636058
16484.468621,962.267725,-1685.410096,10066.800811
16484.468945,1406.391290,-995.924147,9992.780217
16484.469270,444.123565,-1302.362347,9696.697840
16484.469594,592.164754,-1455.581446,9548.656652
16484.469918,592.164754,-1072.533697,9622.677246
16484.470243,0.000000,-689.485948,9770.718434
16484.470567,-518.144159,-766.095498,9770.718434
16484.470891,-740.205942,-536.266849,9326.594869
16484.471216,-296.082377,153.219100,9252.574275
16484.471540,-222.061783,612.876398,9178.553681
16484.471864,0.000000,1072.533697,9252.574275
16484.472188,-592.164754,1455.581446,9030.512492
16484.472513,-222.061783,1762.019645,8808.450710
16484.472837,592.164754,2221.676944,9104.533087
16484.473161,148.041188,2374.896044,9030.512492
16484.473486,-1184.329507,2298.286494,8586.388927
16484.473810,-1332.370696,2374.896044,8660.409521
16484.474134,0.000000,2298.286494,9178.553681
16484.474459,-1406.391290,2298.286494,8808.450710
16484.474783,-1924.535449,2068.457845,8364.327145
16484.475107,-1110.308913,2528.115143,8882.471304
16484.475432,-962.267725,2987.772442,9030.512492
16484.475756,-1628.453072,2604.724693,9326.594869
16484.476080,-666.185348,2987.772442,9252.574275
16484.476405,-814.226536,3217.601092,9178.553681
16484.476729,-444.123565,3524.039291,9178.553681
16484.477053,222.061783,3447.429741,9548.656652
16484.477377,-592.164754,3217.601092,9474.636058
16484.477702,-1110.308913,3370.820191,9400.615463
16484.478026,0.000000,2911.162892,9178.553681
16484.478350,-296.082377,3064.381992,9770.718434
16484.478675,-1110.308913,2528.115143,9400.615463
16484.478999,-962.267725,2451.505594,8586.388927
16484.479323,-518.144159,2298.286494,8882.471304
16484.479648,-592.164754,2068.457845,9252.574275
16484.479972,-148.041188,1838.629195,9252.574275
16484.480296,-296.082377,2451.505594,8808.450710
16484.480621,148.041188,1762.019645,8586.388927
16484.480945,1258.350101,1685.410096,8586.388927
16484.481269,1036.288319,1072.533697,8882.471304
16484.481593,74.020594,1072.533697,8660.409521
16484.481918,222.061783,536.266849,8364.327145
16484.482242,1110.308913,229.828649,8660.409521
16484.482566,148.041188,-536.266849,8808.450710
16484.482891,222.061783,-919.314598,9252.574275
16484.483215,222.061783,-1072.533697,8512.368333
16484.483539,296.082377,-1685.410096,9326.594869
16484.483864,740.205942,-1608.800546,10140.821405
16484.484188,1110.308913,-1685.410096,9992.780217
16484.484512,740.205942,-1915.238745,10214.842000
16484.484837,1406.391290,-2374.896044,10362.883188
16484.485161,2146.597232,-1915.238745,10584.944971
16484.485485,1184.329507,-1838.629195,10732.986159
16484.485809,1110.308913,-2911.162892,10288.862594
16484.486134,1554.432478,-2451.505594,10288.862594
16484.486458,1258.350101,-2451.505594,10436.903782
16484.486782,222.061783,-2681.334243,10436.903782
16484.487107,296.082377,-2451.505594,9622.677246
16484.487431,222.061783,-1838.629195,9474.636058
16484.487755,74.020594,-1915.238745,9030.512492
16484.488080,592.164754,-1302.362347,9400.615463
16484.488404,0.000000,-1378.971896,9400.615463
16484.488728,-148.041188,-1072.533697,8808.450710
16484.489053,592.164754,-383.047749,9252.574275
16484.489377,814.226536,-383.047749,9474.636058
16484.489701,-814.226536,-306.438199,8882.471304
16484.490025,-888.247130,229.828649,9178.553681
16484.490350,-296.082377,536.266849,8956.491898
16484.490674,-1036.288319,919.314598,9400.615463
16484.490998,-1776.494261,536.266849,8882.471304
16484.491323,-1850.514855,1378.971896,8660.409521
16484.491647,-1258.350101,1608.800546,8734.430116
16484.491971,-1258.350101,2451.505594,8660.409521
16484.492296,-1036.288319,2298.286494,8808.450710
16484.492620,-1480.411884,2145.067394,8808.450710
16484.492944,-740.205942,2374.896044,8882.471304
16484.493269,740.205942,2681.334243,9178.553681
16484.493593,-222.061783,2298.286494,9548.656652
16484.493917,-962.267725,2451.505594,9030.512492
16484.494242,0.000000,2987.772442,9400.615463
16484.494566,740.205942,2298.286494,9252.574275
16484.494890,-222.061783,2374.896044,9696.697840
16484.495215,0.000000,2451.505594,8956.491898
16484.495539,222.061783,3064.381992,8882.471304
16484.495863,296.082377,2757.943793,9030.512492
16484.496188,740.205942,3064.381992,9474.636058
16484.496512,370.102971,3140.991542,9104.533087
16484.496836,0.000000,2911.162892,8734.430116
16484.497161,666.185348,2834.553343,9252.574275
16484.497485,1332.370696,2528.115143,9474.636058
16484.497809,0.000000,1915.238745,9030.512492
16484.498134,0.000000,1608.800546,9178.553681
16484.498458,370.102971,1532.190996,9030.512492
16484.498782,0.000000,1225.752797,9030.512492
16484.499107,-592.164754,919.314598,9030.512492
16484.499431,-222.061783,1072.533697,9326.594869
16484.499755,-296.082377,766.095498,8956.491898
16484.500080,-148.041188,306.438199,9548.656652
16484.500404,444.123565,383.047749,9474.636058
16484.500728,148.041188,383.047749,9178.553681
16484.501053,-222.061783,76.609550,8882.471304
16484.501377,1480.411884,-229.828649,9474.636058
16484.501701,1480.411884,-229.828649,9844.739029
16484.502026,74.020594,-1072.533697,9252.574275
16484.502350,296.082377,-1225.752797,9474.636058
16484.502674,1258.350101,-1378.971896,9474.636058
16484.502999,74.020594,-2145.067394,9622.677246
16484.503323,-518.144159,-2451.505594,9252.574275
16484.503647,444.123565,-2145.067394,9400.615463
16484.503972,592.164754,-2451.505594,9992.780217
16484.504296,370.102971,-2145.067394,9844.739029
16484.504620,296.082377,-1915.238745,9770.718434
16484.504945,222.061783,-2221.676944,9474.636058
16484.505269,962.267725,-1838.629195,10066.800811
16484.505593,1406.391290,-1685.410096,9918.759623
16484.505918,296.082377,-1685.410096,9696.697840
16484.506242,0.000000,-2145.067394,9474.636058
16484.506566,666.185348,-1838.629195,9770.718434
16484.506891,444.123565,-1608.800546,9992.780217
16484.507215,-666.185348,-1838.629195,9474.636058
16484.507539,-888.247130,-1302.362347,9400.615463
16484.507864,-444.123565,-1072.533697,9030.512492
16484.508188,-592.164754,-689.485948,9622.677246
16484.508512,148.041188,0.000000,9326.594869
16484.508837,0.000000,229.828649,8808.450710
16484.509161,-592.164754,536.266849,8956.491898
16484.509485,740.205942,842.705048,9252.574275
16484.509810,962.267725,995.924147,9474.636058
16484.510134,-370.102971,1302.362347,9400.615463
16484.510458,-296.082377,1838.629195,8808.450710
16484.510783,814.226536,1685.410096,8660.409521
16484.511107,296.082377,995.924147,8956.491898
16484.511431,-962.267725,1991.848295,8956.491898
16484.511756,-814.226536,2374.896044,8734.430116
16484.512080,-444.123565,2068.457845,8882.471304
16484.512404,-666.185348,2451.505594,9252.574275
16484.512729,-518.144159,3370.820191,9030.512492
16484.513053,-814.226536,2987.772442,8734.430116
16484.513377,-888.247130,2604.724693,8734.430116
16484.513702,0.000000,3677.258390,9400.615463
16484.514026,-592.164754,3600.648841,9474.636058
16484.514350,-1702.473667,2911.162892,8808.450710
16484.514675,-1110.308913,3217.601092,8956.491898
16484.514999,-740.205942,3217.601092,9326.594869
16484.515323,-1850.514855,2757.943793,9326.594869
16484.515648,-1850.514855,2374.896044,9030.512492
16484.515972,-1258.350101,2757.943793,9104.533087
16484.516296,-1406.391290,2911.162892,9030.512492
16484.516621,-666.185348,2451.505594,9400.615463
16484.516945,-666.185348,2298.286494,9252.574275
16484.517269,-666.185348,2451.505594,8364.327145
16484.517594,444.123565,2757.943793,8808.450710
16484.517918,740.205942,1915.238745,9474.636058
16484.518242,296.082377,1225.752797,9178.553681
16484.518567,0.000000,1225.752797,9104.533087
16484.518891,740.205942,1225.752797,9030.512492
16484.519215,1036.288319,766.095498,9326.594869
16484.519540,-222.061783,306.438199,8808.450710
16484.519864,148.041188,459.657299,8586.388927
16484.520188,518.144159,-306.438199,8586.388927
16484.520513,740.205942,-306.438199,8956.491898
16484.520837,814.226536,-766.095498,9622.677246
16484.521161,0.000000,-1072.533697,9400.615463
16484.521486,740.205942,-1225.752797,9252.574275
16484.521810,2072.576638,-1149.143247,10436.903782
16484.522134,1406.391290,-2145.067394,9622.677246
16484.522459,-148.041188,-2374.896044,9622.677246
16484.522783,740.205942,-2374.896044,9696.697840
16484.523107,1776.494261,-2451.505594,10510.924376
16484.523432,592.164754,-2987.772442,10436.903782
16484.523756,148.041188,-3140.991542,10362.883188
16484.524080,814.226536,-2451.505594,9992.780217
16484.524405,1184.329507,-2374.896044,10362.883188
16484.524729,888.247130,-2374.896044,10362.883188
16484.525053,1258.350101,-2221.676944,9548.656652
16484.525378,814.226536,-1608.800546,9548.656652
16484.525702,814.226536,-1149.143247,9548.656652
16484.526026,2072.576638,-919.314598,9844.739029
16484.526351,518.144159,-459.657299,9474.636058
16484.526675,-370.102971,-689.485948,8956.491898
16484.526999,74.020594,0.000000,9252.574275
16484.527324,-518.144159,-229.828649,9104.533087
16484.527648,-1406.391290,-229.828649,9252.574275
16484.527972,-1554.432478,229.828649,8808.450710
16484.528297,-1628.453072,842.705048,8216.285956
16484.528621,-1702.473667,766.095498,8808.450710
16484.528945,-1332.370696,1685.410096,8660.409521
16484.529270,-1924.535449,1455.581446,8216.285956
16484.529594,-1258.350101,2451.505594,8068.244768
16484.529918,-148.041188,2221.676944,8808.450710
16484.530243,0.000000,2221.676944,9030.512492
16484.530567,-1184.329507,2145.067394,8734.430116
16484.530891,-962.267725,2145.067394,8882.471304
16484.531216,148.041188,2374.896044,8882.471304
16484.531540,-296.082377,2374.896044,9178.553681
16484.531864,-1110.308913,2681.334243,9474.636058
16484.532189,0.000000,2451.505594,9400.615463
16484.532513,0.000000,2451.505594,9474.636058
16484.532837,-148.041188,2911.162892,9548.656652
16484.533162,74.020594,2834.553343,9548.656652
16484.533486,222.061783,3064.381992,9104.533087
16484.533810,888.247130,3447.429741,9030.512492
16484.534135,1406.391290,3140.991542,9326.594869
16484.534459,148.041188,3140.991542,9400.615463
16484.534783,0.000000,2681.334243,9178.553681
16484.535108,518.144159,2681.334243,9326.594869
16484.535432,740.205942,2451.505594,9400.615463
16484.535756,-444.123565,1532.190996,8882.471304
16484.536081,-518.144159,1455.581446,8808.450710
16484.536405,74.020594,1149.143247,8586.388927
16484.536729,0.000000,306.438199,8956.491898
16484.537054,-370.102971,612.876398,9030.512492
16484.537378,-74.020594,919.314598,8882.471304
16484.537702,0.000000,612.876398,8660.409521
16484.538027,1184.329507,1532.190996,8808.450710
16484.538351,1554.432478,612.876398,9326.594869
16484.538675,296.082377,0.000000,8586.388927
16484.539000,222.061783,76.609550,8882.471304
16484.539324,1184.329507,-383.047749,9474.636058
16484.539648,592.164754,-995.924147,9770.718434
16484.539973,74.020594,-1608.800546,9770.718434
16484.540297,0.000000,-1378.971896,9252.574275
16484.540621,370.102971,-1991.848295,9548.656652
16484.540946,222.061783,-1762.019645,9918.759623
16484.541270,1036.288319,-1915.238745,10140.821405
16484.541594,222.061783,-1762.019645,10140.821405
16484.541919,592.164754,-1915.238745,9992.780217
16484.542243,1702.473667,-1838.629195,10362.883188
16484.542567,888.247130,-1378.971896,10658.965565
16484.542892,296.082377,-2298.286494,9400.615463
16484.543216,296.082377,-1072.533697,9400.615463
16484.543540,962.267725,-1685.410096,9696.697840
16484.543865,-148.041188,-1991.848295,9770.718434
16484.544189,-888.247130,-1915.238745,9178.553681
16484.544513,-518.144159,-1225.752797,9178.553681
16484.544838,-296.082377,-766.095498,9252.574275
16484.545162,0.000000,-995.924147,9104.533087
16484.545486,-222.061783,-612.876398,9474.636058
16484.545811,-222.061783,-459.657299,8734.430116
16484.546135,296.082377,0.000000,9252.574275
16484.546459,1110.308913,306.438199,9474.636058
16484.546784,-296.082377,229.828649,9696.697840
16484.547108,-222.061783,766.095498,9474.636058
16484.547432,740.205942,1302.362347,9474.636058
16484.547757,296.082377,1455.581446,9474.636058
16484.548081,-296.082377,1378.971896,9474.636058
16484.548405,-740.205942,1991.848295,9252.574275
16484.548730,-148.041188,1838.629195,8882.471304
16484.549054,0.000000,2145.067394,9474.636058
16484.549378,0.000000,2528.115143,9326.594869
16484.549703,-1110.308913,3370.820191,8808.450710
16484.550027,-444.123565,3524.039291,8438.347739
16484.550351,740.205942,2834.553343,8956.491898
16484.550676,222.061783,2834.553343,9326.594869
16484.551000,-1258.350101,2834.553343,8882.471304
16484.551324,-1036.288319,2987.772442,8882.471304
16484.551649,-148.041188,2987.772442,8882.471304
16484.551973,-1184.329507,2911.162892,9104.533087
16484.552297,-2146.597232,2604.724693,8512.368333
16484.552622,-1628.453072,2451.505594,8734.430116
16484.552946,-962.267725,2451.505594,9104.533087
16484.553270,-1184.329507,2528.115143,9548.656652
16484.553595,-1184.329507,2528.115143,9474.636058
16484.553919,-1036.288319,2604.724693,8882.471304
16484.554243,0.000000,3370.820191,8956.491898
16484.554568,962.267725,2451.505594,9474.636058
16484.554892,-296.082377,2451.505594,9474.636058
16484.555216,-814.226536,1838.629195,9030.512492
16484.555541,296.082377,1991.848295,9474.636058
16484.555865,296.082377,1225.752797,9326.594869
16484.556189,-518.144159,919.314598,9252.574275
16484.556514,-592.164754,919.314598,8364.327145
16484.556838,296.082377,766.095498,8438.347739
16484.557162,148.041188,612.876398,8956.491898
16484.557487,0.000000,459.657299,9030.512492
16484.557811,296.082377,76.609550,9104.533087
16484.558135,74.020594,-153.219100,8956.491898
16484.558460,1036.288319,-383.047749,9178.553681
16484.558784,1628.453072,-459.657299,9696.697840
16484.559108,518.144159,-1685.410096,9326.594869
16484.559433,444.123565,-1685.410096,9474.636058
16484.559757,888.247130,-1838.629195,9474.636058
16484.560081,740.205942,-2145.067394,9918.759623
16484.560406,74.020594,-2451.505594,9992.780217
16484.560730,444.123565,-2451.505594,9622.677246
16484.561054,518.144159,-2451.505594,10140.821405
16484.561379,1036.288319,-2604.724693,10658.965565
16484.561703,1406.391290,-2145.067394,10436.903782
16484.562027,1184.329507,-1838.629195,9918.759623
16484.562352,1184.329507,-1838.629195,9770.718434
16484.562676,1924.535449,-1302.362347,10436.903782
16484.563000,1110.308913,-1455.581446,10066.800811
16484.563325,148.041188,-1608.800546,9474.636058
16484.563649,592.164754,-1302.362347,9178.553681
16484.563973,1110.308913,-459.657299,9178.553681
16484.564298,-222.061783,-919.314598,9178.553681
16484.564622,-962.267725,-919.314598,9104.533087
16484.564946,-814.226536,-383.047749,8808.450710
16484.565271,-444.123565,-229.828649,9252.574275
16484.565595,-814.226536,0.000000,9104.533087
16484.565919,-518.144159,383.047749,9030.512492
16484.566244,-1406.391290,1455.581446,8660.409521
16484.566568,0.000000,1685.410096,8956.491898
16484.566892,370.102971,1838.629195,9030.512492
16484.567217,-814.226536,1608.800546,9030.512492
16484.567541,-888.247130,1915.238745,8586.388927
16484.567865,-222.061783,2145.067394,8882.471304
16484.568190,0.000000,1991.848295,8956.491898
16484.568514,-1406.391290,2221.676944,8734.430116
16484.568838,-1702.473667,2451.505594,8290.306550
16484.569163,-962.267725,2451.505594,8586.388927
16484.569487,-888.247130,2298.286494,9252.574275
16484.569811,-518.144159,2681.334243,9474.636058
16484.570136,-814.226536,2528.115143,9474.636058
16484.570460,-370.102971,2911.162892,9178.553681
16484.570784,1184.329507,2834.553343,9474.636058
16484.571109,962.267725,2987.772442,9696.697840
16484.571433,0.000000,2528.115143,9104.533087
16484.571757,148.041188,2528.115143,9104.533087
16484.572082,592.164754,2298.286494,9474.636058
16484.572406,-296.082377,2068.457845,9474.636058
16484.572730,-518.144159,1608.800546,8882.471304
16484.573055,0.000000,2374.896044,8734.430116
16484.573379,296.082377,1915.238745,9252.574275
16484.573703,0.000000,1532.190996,9178.553681
16484.574028,0.000000,2068.457845,9178.553681
16484.574352,0.000000,1302.362347,8808.450710
16484.574676,370.102971,1225.752797,8808.450710
16484.575001,222.061783,1225.752797,9326.594869
16484.575325,444.123565,689.485948,9104.533087
16484.575649,0.000000,689.485948,8364.327145
16484.575974,370.102971,459.657299,9104.533087
16484.576298,370.102971,306.438199,9252.574275
16484.576622,-666.185348,-383.047749,9178.553681
16484.576947,-592.164754,-536.266849,8956.491898
16484.577271,0.000000,-1072.533697,9252.574275
16484.577595,222.061783,-1149.143247,9474.636058
16484.577920,1036.288319,-1532.190996,10214.842000
16484.578244,0.000000,-1838.629195,9474.636058
16484.578568,740.205942,-1685.410096,9548.656652
16484.578893,1406.391290,-1378.971896,9918.759623
16484.579217,1554.432478,-1532.190996,10362.883188
16484.579541,296.082377,-2221.676944,9844.739029
16484.579866,740.205942,-1608.800546,9844.739029
16484.580190,1776.494261,-2374.896044,9548.656652
16484.580514,666.185348,-2374.896044,10214.842000
16484.580839,-296.082377,-2298.286494,9622.677246
16484.581163,296.082377,-1685.410096,9252.574275
16484.581487,444.123565,-1762.019645,9548.656652
16484.581812,296.082377,-1685.410096,9844.739029
16484.582136,518.144159,-1302.362347,9548.656652
16484.582460,148.041188,-1149.143247,8882.471304
16484.582785,592.164754,-766.095498,9326.594869
16484.583109,1332.370696,-689.485948,9918.759623
16484.583433,370.102971,-459.657299,9474.636058
16484.583758,-518.144159,-306.438199,9178.553681
16484.584082,-222.061783,229.828649,9400.615463
16484.584406,148.041188,459.657299,9474.636058
16484.584731,-518.144159,0.000000,9474.636058
16484.585055,-1110.308913,689.485948,8660.409521
16484.585379,-518.144159,1991.848295,8734.430116
16484.585704,-666.185348,1225.752797,8808.450710
16484.586028,0.000000,1225.752797,9326.594869
16484.586352,-222.061783,1991.848295,9030.512492
16484.586677,-296.082377,2145.067394,8586.388927
16484.587001,296.082377,2374.896044,8660.409521
16484.587325,1110.308913,2451.505594,9326.594869
16484.587650,-148.041188,2681.334243,9104.533087
16484.587974,-518.144159,1838.629195,9178.553681
16484.588298,0.000000,2451.505594,9104.533087
16484.588623,-518.144159,2528.115143,9400.615463
16484.588947,-1480.411884,2374.896044,9104.533087
16484.589271,-1184.329507,2757.943793,9326.594869
16484.589596,-1554.432478,3217.601092,8586.388927
16484.589920,-666.185348,2451.505594,9326.594869
16484.590244,-592.164754,2834.553343,9918.759623
16484.590569,-1184.329507,3140.991542,9178.553681
16484.590893,-1036.288319,2987.772442,9104.533087
16484.591217,74.020594,3217.601092,9548.656652
16484.591542,-148.041188,2911.162892,10362.883188
16484.591866,-1332.370696,2451.505594,8364.327145
16484.592190,-888.247130,2987.772442,8808.450710
16484.592515,0.000000,1532.190996,9178.553681
16484.592839,-1480.411884,1991.848295,8808.450710
16484.593163,-1258.350101,1608.800546,8438.347739
16484.593488,-370.102971,1532.190996,8512.368333
16484.593812,-296.082377,1455.581446,9178.553681
16484.594136,-148.041188,1378.971896,8660.409521
16484.594461,444.123565,766.095498,9030.512492
16484.594785,74.020594,536.266849,8290.306550
16484.595109,1554.432478,842.705048,9104.533087
16484.595434,2294.638420,536.266849,9474.636058
16484.595758,444.123565,0.000000,8956.491898
16484.596082,222.061783,-612.876398,9326.594869
16484.596407,1776.494261,0.000000,9548.656652
16484.596731,1628.453072,-1149.143247,9696.697840
16484.597055,0.000000,-1608.800546,9622.677246
16484.597380,370.102971,-1378.971896,9770.718434
16484.597704,666.185348,-1991.848295,9548.656652
16484.598028,666.185348,-2221.676944,10140.821405
16484.598352,888.247130,-1991.848295,10288.862594
16484.598677,222.061783,-2528.115143,9770.718434
16484.599001,518.144159,-2221.676944,9770.718434
16484.599325,2146.597232,-1608.800546,10140.821405
16484.599650,1998.556043,-1915.238745,10288.862594
16484.599974,148.041188,-2145.067394,9696.697840
16484.600298,370.102971,-1915.238745,9474.636058
16484.600623,1258.350101,-2221.676944,9844.739029
16484.600947,0.000000,-2145.067394,9548.656652
16484.601271,74.020594,-1302.362347,9474.636058
16484.601596,74.020594,-1608.800546,9104.533087
16484.601920,0.000000,-1608.800546,9030.512492
16484.602244,0.000000,-842.705048,9770.718434
16484.602569,-222.061783,-536.266849,9696.697840
16484.602893,-518.144159,-229.828649,9326.594869
16484.603217,-444.123565,536.266849,9326.594869
16484.603542,814.226536,1302.362347,9474.636058
16484.603866,-444.123565,689.485948,9326.594869
16484.604190,-1036.288319,842.705048,8734.430116
16484.604514,-370.102971,1455.581446,8882.471304
16484.604839,-740.205942,1685.410096,9030.512492
16484.605163,-1258.350101,1455.581446,9178.553681
16484.605487,-1258.350101,1532.190996,8512.368333
16484.605812,-518.144159,1608.800546,8290.306550
16484.606136,-592.164754,2451.505594,8882.471304
16484.606460,-740.205942,2145.067394,9030.512492
16484.606785,-740.205942,2145.067394,8956.491898
16484.607109,-592.164754,2604.724693,8586.388927
16484.607433,370.102971,2757.943793,9104.533087
16484.607758,740.205942,3064.381992,9178.553681
16484.608082,-592.164754,2757.943793,8882.471304
16484.608406,-444.123565,3064.381992,8882.471304
16484.608731,592.164754,2987.772442,9326.594869
16484.609055,444.123565,2451.505594,9770.718434
16484.609379,-740.205942,2145.067394,9400.615463
16484.609703,-222.061783,2451.505594,9326.594869
16484.610028,296.082377,2374.896044,9400.615463
16484.610352,370.102971,2374.896044,9474.636058
16484.610676,148.041188,2374.896044,9326.594869
16484.611001,0.000000,2528.115143,9104.533087
16484.611325,592.164754,2451.505594,8956.491898
16484.611649,1628.453072,2451.505594,9770.718434
16484.611974,222.061783,1608.800546,9178.553681
16484.612298,-222.061783,1225.752797,8734.430116
16484.612622,74.020594,1685.410096,8586.388927
16484.612947,666.185348,1455.581446,8438.347739
16484.613271,0.000000,842.705048,9326.594869
16484.613595,-740.205942,229.828649,8882.471304
16484.613920,0.000000,0.000000,8586.388927
16484.614244,222.061783,0.000000,8956.491898
16484.614568,0.000000,-459.657299,9104.533087
16484.614892,-444.123565,-459.657299,8660.409521
16484.615217,0.000000,-459.657299,8956.491898
16484.615541,592.164754,-766.095498,9252.574275
16484.615865,888.247130,-1302.362347,9770.718434
16484.616190,222.061783,-1685.410096,9992.780217
16484.616514,0.000000,-1532.190996,9548.656652
16484.616838,518.144159,-2068.457845,9770.718434
16484.617163,370.102971,-2374.896044,10214.842000
16484.617487,74.020594,-1991.848295,10066.800811
16484.617811,0.000000,-1991.848295,9474.636058
16484.618136,370.102971,-2298.286494,9770.718434
16484.618460,888.247130,-1991.848295,9992.780217
16484.618784,1036.288319,-1915.238745,9992.780217
16484.619109,1036.288319,-1762.019645,9918.759623
16484.619433,1110.308913,-1991.848295,9474.636058
16484.619757,1850.514855,-766.095498,9770.718434
16484.620082,1480.411884,-536.266849,9770.718434
16484.620406,0.000000,-1225.752797,9252.574275
16484.620730,74.020594,-995.924147,9178.553681
16484.621054,962.267725,-842.705048,9400.615463
16484.621379,-444.123565,-689.485948,9400.615463
16484.621703,-962.267725,-842.705048,9326.594869
16484.622027,-296.082377,0.000000,8512.368333
16484.622352,-518.144159,0.000000,8882.471304
16484.622676,-1036.288319,306.438199,9400.615463
16484.623000,-666.185348,1072.533697,9104.533087
16484.623325,-370.102971,1225.752797,8808.450710
16484.623649,0.000000,1685.410096,8808.450710
16484.623973,740.205942,1685.410096,9252.574275
16484.624298,0.000000,2145.067394,9178.553681
16484.624622,-296.082377,2681.334243,9400.615463
16484.624946,-148.041188,2145.067394,9474.636058
16484.625271,74.020594,2068.457845,9548.656652
16484.625595,-888.247130,2221.676944,9548.656652
16484.625919,-1036.288319,2528.115143,9030.512492
16484.626243,-518.144159,2451.505594,9252.574275
16484.626568,-592.164754,3140.991542,9474.636058
16484.626892,-666.185348,3064.381992,9326.594869
16484.627216,-962.267725,3294.210641,9252.574275
16484.627541,-962.267725,3370.820191,8882.471304
16484.627865,0.000000,3600.648841,9326.594869
16484.628189,0.000000,3600.648841,9548.656652
16484.628514,-1480.411884,3140.991542,8734.430116
16484.628838,-1406.391290,2681.334243,8734.430116
16484.629162,-740.205942,3064.381992,8734.430116
16484.629487,-1850.514855,2681.334243,8660.409521
16484.629811,-1776.494261,2221.676944,8660.409521
16484.630135,-1628.453072,2221.676944,8142.265362
16484.630460,-962.267725,2451.505594,8364.327145
16484.630784,-814.226536,1915.238745,9104.533087
16484.631108,-148.041188,2298.286494,8956.491898
16484.631433,-1110.308913,1302.362347,8660.409521
16484.631757,444.123565,1685.410096,8734.430116
16484.632081,1480.411884,1608.800546,9400.615463
16484.632405,518.144159,919.314598,9400.615463
16484.632730,222.061783,306.438199,9252.574275
16484.633054,1110.308913,153.219100,9400.615463
16484.633378,1110.308913,0.000000,9400.615463
16484.633703,518.144159,-612.876398,9844.739029
16484.634027,148.041188,-1149.143247,9326.594869
16484.634351,666.185348,-1378.971896,9252.574275
16484.634676,592.164754,-1532.190996,9696.697840
16484.635000,962.267725,-1608.800546,9770.718434
16484.635324,1258.350101,-1762.019645,9992.780217
16484.635649,962.267725,-1838.629195,9548.656652
16484.635973,2146.597232,-2911.162892,10140.821405
16484.636297,1998.556043,-1991.848295,9844.739029
16484.636622,592.164754,-2451.505594,9844.739029
16484.636946,518.144159,-1915.238745,9770.718434
16484.637270,1406.391290,-2298.286494,9770.718434
16484.637594,518.144159,-2528.115143,9844.739029
16484.637919,-148.041188,-2451.505594,9770.718434
16484.638243,148.041188,-1685.410096,9252.574275
16484.638567,370.102971,-2221.676944,9548.656652
16484.638892,0.000000,-1685.410096,9548.656652
16484.639216,444.123565,-1225.752797,9918.759623
16484.639540,-222.061783,-766.095498,9474.636058
16484.639865,0.000000,-766.095498,9400.615463
16484.640189,1480.411884,0.000000,10214.842000
16484.640513,296.082377,0.000000,9548.656652
16484.640838,-666.185348,-612.876398,9252.574275
16484.641162,-370.102971,459.657299,9474.636058
16484.641486,0.000000,689.485948,9474.636058
16484.641811,-1110.308913,612.876398,9400.615463
16484.642135,-1702.473667,842.705048,8660.409521
16484.642459,-962.267725,1225.752797,8068.244768
16484.642783,-740.205942,1608.800546,8142.265362
16484.643108,-666.185348,2145.067394,8882.471304
16484.643432,-1110.308913,2528.115143,8068.244768
16484.643756,-888.247130,2298.286494,8438.347739
16484.644081,0.000000,2757.943793,8660.409521
16484.644405,592.164754,2604.724693,9252.574275
16484.644729,-592.164754,2298.286494,8882.471304
16484.645054,-1036.288319,2604.724693,8586.388927
16484.645378,296.082377,2911.162892,9400.615463
16484.645702,-296.082377,2604.724693,9474.636058
16484.646027,-666.185348,2298.286494,9474.636058
16484.646351,-592.164754,2834.553343,9326.594869
16484.646675,-74.020594,2911.162892,9178.553681
16484.647000,0.000000,2298.286494,9992.780217
16484.647324,370.102971,2681.334243,9474.636058
16484.647648,0.000000,3140.991542,9326.594869
16484.647973,296.082377,2528.115143,9252.574275
16484.648297,1184.329507,2451.505594,9622.677246
16484.648621,814.226536,2298.286494,9474.636058
16484.648945,0.000000,2145.067394,8956.491898
16484.649270,148.041188,2221.676944,8956.491898
16484.649594,1184.329507,1762.019645,9178.553681
16484.649918,0.000000,536.266849,9030.512492
16484.650243,-666.185348,1149.143247,8586.388927
16484.650567,-74.020594,995.924147,8586.388927
16484.650891,0.000000,459.657299,8956.491898
16484.651216,222.061783,306.438199,9104.533087
16484.651540,148.041188,612.876398,9178.553681
16484.651864,74.020594,0.000000,8660.409521
16484.652189,1110.308913,536.266849,9178.553681
16484.652513,1480.411884,0.000000,9474.636058
16484.652837,222.061783,-766.095498,9474.636058
16484.653162,0.000000,-842.705048,9252.574275
16484.653486,518.144159,-1378.971896,9474.636058
16484.653810,518.144159,-1532.190996,9992.780217
16484.654134,-666.185348,-1915.238745,9548.656652
16484.654459,-666.185348,-2068.457845,9770.718434
16484.654783,296.082377,-2145.067394,9548.656652
16484.655107,370.102971,-2528.115143,10214.842000
16484.655432,666.185348,-2374.896044,10214.842000
16484.655756,518.144159,-2298.286494,9918.759623
16484.656080,740.205942,-2221.676944,9844.739029
16484.656405,2220.617826,-1762.019645,9992.780217
16484.656729,2442.679609,-1608.800546,10140.821405
16484.657053,370.102971,-2221.676944,9918.759623
16484.657378,740.205942,-1302.362347,9622.677246
16484.657702,1480.411884,-1225.752797,9918.759623
16484.658026,666.185348,-1762.019645,9770.718434
16484.658351,-370.102971,-1608.800546,9474.636058
16484.658675,-148.041188,-842.705048,9178.553681
16484.658999,0.000000,-612.876398,9252.574275
16484.659323,-148.041188,-229.828649,9474.636058
16484.659648,0.000000,-306.438199,8956.491898
16484.659972,-814.226536,383.047749,9252.574275
16484.660296,74.020594,1225.752797,8956.491898
16484.660621,888.247130,1302.362347,9400.615463
16484.660945,0.000000,1302.362347,9178.553681
16484.661269,-592.164754,1991.848295,8660.409521
16484.661594,-222.061783,2068.457845,8660.409521
16484.661918,-296.082377,1762.019645,8364.327145
16484.662242,-1036.288319,1685.410096,9400.615463
16484.662567,-1406.391290,2068.457845,8660.409521
16484.662891,-1184.329507,2145.067394,8586.388927
16484.663215,-962.267725,1838.629195,9030.512492
16484.663540,-666.185348,2451.505594,9474.636058
16484.663864,-962.267725,2298.286494,9252.574275
16484.664188,-518.144159,3217.601092,8882.471304
16484.664513,0.000000,3294.210641,9474.636058
16484.664837,296.082377,3140.991542,9696.697840
16484.665161,-740.205942,3064.381992,9474.636058
16484.665485,-1036.288319,3294.210641,9104.533087
16484.665810,-296.082377,3524.039291,8956.491898
16484.666134,-592.164754,2911.162892,9400.615463
16484.666458,-1776.494261,3140.991542,9252.574275
16484.666783,-1554.432478,2528.115143,8882.471304
16484.667107,-1184.329507,2757.943793,8808.450710
16484.667431,-740.205942,2528.115143,9104.533087
16484.667756,-962.267725,2528.115143,9104.533087
16484.668080,-1258.350101,2298.286494,8808.450710
16484.668404,-148.041188,1225.752797,8142.265362
16484.668729,1184.329507,2681.334243,8956.491898
16484.669053,0.000000,1991.848295,9104.533087
16484.669377,-814.226536,1302.362347,8808.450710
16484.669702,0.000000,995.924147,8438.347739
16484.670026,962.267725,766.095498,9104.533087
16484.670350,74.020594,229.828649,9030.512492
16484.670674,-222.061783,459.657299,8364.327145
16484.670999,444.123565,-459.657299,8956.491898
16484.671323,518.144159,-536.266849,9104.533087
16484.671647,592.164754,-995.924147,9992.780217
16484.671972,814.226536,-995.924147,9622.677246
16484.672296,888.247130,-1225.752797,9622.677246
16484.672620,1998.556043,-1532.190996,10066.800811
16484.672945,2590.720797,-1455.581446,10436.903782
16484.673269,1332.370696,-2221.676944,10436.903782
16484.673593,1036.288319,-2221.676944,9770.718434
16484.673918,1702.473667,-1915.238745,10362.883188
16484.674242,1332.370696,-2221.676944,10288.862594
16484.674566,592.164754,-2528.115143,10214.842000
16484.674891,592.164754,-2604.724693,9918.759623
16484.675215,888.247130,-1149.143247,9474.636058
16484.675539,370.102971,-2145.067394,9770.718434
16484.675864,444.123565,-1762.019645,9474.636058
16484.676188,148.041188,-1378.971896,9474.636058
16484.676512,0.000000,-1532.190996,9104.533087
16484.676836,1184.329507,-1149.143247,9474.636058
16484.677161,962.267725,-1302.362347,9696.697840
16484.677485,-518.144159,-1072.533697,9030.512492
16484.677809,-518.144159,-995.924147,9252.574275
16484.678134,222.061783,-689.485948,9252.574275
16484.678458,-1036.288319,-689.485948,9252.574275
16484.678782,-1702.473667,-306.438199,9474.636058
16484.679107,-1184.329507,459.657299,8882.471304
16484.679431,-740.205942,689.485948,9474.636058
16484.679755,-962.267725,1762.019645,9178.553681
16484.680080,-296.082377,1838.629195,9104.533087
16484.680404,-888.247130,1991.848295,8808.450710
16484.680728,-148.041188,2374.896044,8734.430116
16484.681053,592.164754,2451.505594,9252.574275
16484.681377,0.000000,2757.943793,9030.512492
16484.681701,-962.267725,2681.334243,8660.409521
16484.682025,0.000000,2757.943793,9104.533087
16484.682350,148.041188,2374.896044,8808.450710
16484.682674,-814.226536,2145.067394,8956.491898
16484.682998,-1110.308913,2528.115143,8660.409521
16484.683323,-518.144159,2681.334243,8734.430116
16484.683647,-444.123565,2528.115143,9104.533087
16484.683971,0.000000,2298.286494,9326.594869
16484.684296,296.082377,3524.039291,9030.512492
16484.684620,-370.102971,3140.991542,9252.574275
16484.684944,1184.329507,3524.039291,8660.409521
16484.685269,1406.391290,2911.162892,9474.636058
16484.685593,-222.061783,2374.896044,9400.615463
16484.685917,-296.082377,2451.505594,8956.491898
16484.686242,666.185348,2298.286494,9548.656652
16484.686566,666.185348,1149.143247,9474.636058
16484.686890,-888.247130,1532.190996,8956.491898
16484.687214,-592.164754,1149.143247,9252.574275
16484.687539,148.041188,842.705048,8882.471304
16484.687863,0.000000,919.314598,9622.677246
16484.688187,296.082377,1225.752797,9918.759623
16484.688512,0.000000,1225.752797,9252.574275
16484.688836,148.041188,1149.143247,8956.491898
16484.689160,1702.473667,689.485948,9326.594869
16484.689485,962.267725,766.095498,9474.636058
16484.689809,-666.185348,0.000000,8438.347739
16484.690133,370.102971,0.000000,9030.512492
16484.690458,814.226536,-995.924147,9178.553681
16484.690782,-518.144159,-1225.752797,9104.533087
16484.691106,-666.185348,-1838.629195,9252.574275
16484.691431,0.000000,-1302.362347,8734.430116
16484.691755,-296.082377,-2221.676944,9696.697840
16484.692079,148.041188,-2145.067394,9770.718434
16484.692404,296.082377,-1991.848295,9622.677246
16484.692728,0.000000,-2374.896044,9252.574275
16484.693052,888.247130,-1915.238745,9770.718434
16484.693376,1998.556043,-1838.629195,10066.800811
16484.693701,1110.308913,-995.924147,10066.800811
16484.694025,518.144159,-2221.676944,9992.780217
16484.694349,1258.350101,-1685.410096,9918.759623
16484.694674,1184.329507,-1915.238745,10288.862594
16484.694998,148.041188,-2221.676944,10436.903782
16484.695322,222.061783,-1915.238745,9622.677246
16484.695647,740.205942,-995.924147,9770.718434
16484.695971,962.267725,-842.705048,9844.739029
16484.696295,814.226536,-1455.581446,9622.677246
16484.696619,0.000000,-612.876398,9030.512492
16484.696944,222.061783,0.000000,9252.574275
16484.697268,1036.288319,536.266849,9474.636058
16484.697592,518.144159,229.828649,9474.636058
16484.697917,-518.144159,459.657299,9030.512492
16484.698241,-740.205942,1072.533697,8438.347739
16484.698565,1036.288319,1225.752797,9104.533087
16484.698889,-370.102971,1608.800546,9030.512492
16484.699214,-1406.391290,1149.143247,8660.409521
16484.699538,-1036.288319,2068.457845,8068.244768
16484.699862,-666.185348,1991.848295,8660.409521
16484.700187,-888.247130,1991.848295,9400.615463
16484.700511,-888.247130,2451.505594,8956.491898
16484.700835,-1110.308913,2451.505594,8734.430116
16484.701159,-518.144159,3140.991542,9178.553681
16484.701484,370.102971,2987.772442,9770.718434
16484.701808,-814.226536,3064.381992,9622.677246
16484.702132,-962.267725,2987.772442,9252.574275
16484.702457,-814.226536,3217.601092,9548.656652
16484.702781,-592.164754,2604.724693,9400.615463
16484.703105,-1110.308913,3294.210641,9696.697840
16484.703430,-1776.494261,2451.505594,9548.656652
16484.703754,-1480.411884,2911.162892,9104.533087
16484.704078,-1258.350101,2987.772442,9326.594869
16484.704402,-814.226536,3064.381992,9252.574275
16484.704727,-1258.350101,3064.381992,8956.491898
16484.705051,-1406.391290,3447.429741,8364.327145
16484.705375,-74.020594,2604.724693,8586.388927
16484.705700,222.061783,2911.162892,9030.512492
16484.706024,-1258.350101,2374.896044,8512.368333
16484.706348,-666.185348,1915.238745,8586.388927
16484.706672,148.041188,1608.800546,8586.388927
16484.706997,-444.123565,1378.971896,8808.450710
16484.707321,-444.123565,842.705048,8586.388927
16484.707645,-222.061783,1378.971896,8660.409521
16484.707970,74.020594,76.609550,8956.491898
16484.708294,370.102971,0.000000,9104.533087
16484.708618,666.185348,76.609550,9252.574275
16484.708942,592.164754,-229.828649,9178.553681
16484.709267,1406.391290,-536.266849,9622.677246
16484.709591,2368.659014,-383.047749,10288.862594
16484.709915,1406.391290,-766.095498,9918.759623
16484.710240,1110.308913,-1915.238745,9992.780217
16484.710564,2072.576638,-1762.019645,10214.842000
16484.710888,1924.535449,-2068.457845,10214.842000
16484.711212,814.226536,-2451.505594,10362.883188
16484.711537,592.164754,-2604.724693,10066.800811
16484.711861,1480.411884,-2757.943793,9992.780217
16484.712185,962.267725,-2145.067394,10140.821405
16484.712510,1406.391290,-2987.772442,9770.718434
16484.712834,962.267725,-2374.896044,9474.636058
16484.713158,518.144159,-2145.067394,9326.594869
16484.713483,1554.432478,-1685.410096,9918.759623
16484.713807,1850.514855,-1532.190996,9918.759623
16484.714131,518.144159,-2374.896044,9474.636058
16484.714455,0.000000,-1915.238745,9178.553681
16484.714780,740.205942,-1532.190996,9474.636058
16484.715104,0.000000,-1532.190996,9474.636058
16484.715428,-962.267725,-995.924147,9474.636058
16484.715753,-1406.391290,-383.047749,9178.553681
16484.716077,-1184.329507,-383.047749,8956.491898
16484.716401,-962.267725,306.438199,9696.697840
16484.716725,-1184.329507,689.485948,9474.636058
16484.717050,-1406.391290,1072.533697,9400.615463
16484.717374,-962.267725,766.095498,8882.471304
16484.717698,296.082377,1608.800546,9326.594869
16484.718023,0.000000,1915.238745,9252.574275
16484.718347,-1184.329507,1838.629195,8660.409521
16484.718671,-666.185348,2145.067394,8882.471304
16484.718995,592.164754,2068.457845,8734.430116
16484.719320,-444.123565,2145.067394,9030.512492
16484.719644,-666.185348,1685.410096,8290.306550
16484.719968,-666.185348,2298.286494,8438.347739
16484.720293,-592.164754,2221.676944,8882.471304
16484.720617,-148.041188,2757.943793,9252.574275
16484.720941,0.000000,2757.943793,9252.574275
16484.721265,-148.041188,2451.505594,8734.430116
16484.721590,518.144159,3140.991542,9252.574275
16484.721914,1406.391290,3447.429741,9548.656652
16484.722238,0.000000,2681.334243,9474.636058
16484.722563,-222.061783,2757.943793,9252.574275
16484.722887,296.082377,2987.772442,9104.533087
16484.723211,-148.041188,2451.505594,9326.594869
16484.723536,-1110.308913,2911.162892,9104.533087
16484.723860,-962.267725,2221.676944,8734.430116
16484.724184,-444.123565,1915.238745,9030.512492
16484.724508,-222.061783,1762.019645,9474.636058
16484.724833,0.000000,1685.410096,9252.574275
16484.725157,-222.061783,1302.362347,9326.594869
16484.725481,222.061783,1378.971896,9178.553681
16484.725806,1480.411884,1685.410096,9400.615463
16484.726130,1110.308913,1149.143247,9178.553681
16484.726454,148.041188,1225.752797,9178.553681
16484.726778,740.205942,536.266849,9104.533087
16484.727103,1628.453072,306.438199,9178.553681
16484.727427,370.102971,-383.047749,9474.636058
16484.727751,-444.123565,-919.314598,8956.491898
16484.728076,-296.082377,-689.485948,8808.450710
16484.728400,370.102971,-1455.581446,9252.574275
16484.728724,74.020594,-995.924147,9622.677246
16484.729048,-222.061783,-1149.143247,9326.594869
16484.729373,-370.102971,-1685.410096,9326.594869
16484.729697,814.226536,-1762.019645,9474.636058
16484.730021,1628.453072,-1838.629195,10140.821405
16484.730346,444.123565,-2068.457845,9548.656652
16484.730670,0.000000,-2298.286494,9252.574275
16484.730994,666.185348,-2374.896044,9474.636058
16484.731319,962.267725,-1915.238745,9844.739029
16484.731643,370.102971,-2451.505594,10362.883188
16484.731967,74.020594,-2451.505594,9696.697840
16484.732291,370.102971,-1991.848295,9696.697840
16484.732616,666.185348,-1991.848295,9622.677246
16484.732940,1258.350101,-2451.505594,10436.903782
16484.733264,444.123565,-1685.410096,9844.739029
16484.733589,148.041188,-919.314598,9030.512492
16484.733913,1258.350101,-766.095498,9844.739029
16484.734237,1702.473667,-536.266849,10066.800811
16484.734561,-222.061783,-995.924147,9474.636058
16484.734886,-222.061783,0.000000,8808.450710
16484.735210,444.123565,153.219100,9178.553681
16484.735534,-296.082377,0.000000,9326.594869
16484.735859,-1110.308913,383.047749,9326.594869
16484.736183,-1184.329507,1149.143247,8586.388927
16484.736507,-1110.308913,1378.971896,8512.368333
16484.736831,-666.185348,1838.629195,9178.553681
16484.737156,-666.185348,2221.676944,9030.512492
16484.737480,-1332.370696,2145.067394,8068.244768
16484.737804,-814.226536,2911.162892,8438.347739
16484.738129,666.185348,2834.553343,9104.533087
16484.738453,-148.041188,2757.943793,9178.553681
16484.738777,-1332.370696,2451.505594,8734.430116
16484.739101,-518.144159,3064.381992,8734.430116
16484.739426,-296.082377,3217.601092,9178.553681
16484.739750,-1480.411884,3447.429741,8808.450710
16484.740074,-962.267725,3600.648841,8882.471304
16484.740399,-592.164754,3217.601092,8586.388927
16484.740723,-814.226536,3064.381992,9252.574275
16484.741047,-370.102971,3140.991542,9622.677246
16484.741372,-518.144159,3447.429741,9400.615463
16484.741696,-888.247130,3140.991542,8956.491898
16484.742020,74.020594,3370.820191,9770.718434
16484.742344,814.226536,3447.429741,9474.636058
16484.742669,-518.144159,3064.381992,9252.574275
16484.742993,-740.205942,2757.943793,9252.574275
16484.743317,0.000000,2451.505594,8808.450710
16484.743642,-222.061783,2145.067394,9104.533087
16484.743966,-962.267725,1455.581446,9178.553681
16484.744290,-1332.370696,2068.457845,8216.285956
16484.744614,-518.144159,229.828649,8586.388927
16484.744939,-444.123565,1455.581446,8808.450710
16484.745263,222.061783,995.924147,9104.533087
16484.745587,0.000000,995.924147,8808.450710
16484.745912,222.061783,383.047749,8660.409521
16484.746236,1776.494261,459.657299,9178.553681
16484.746560,1702.473667,0.000000,9326.594869
16484.746884,222.061783,-766.095498,9178.553681
16484.747209,444.123565,-1149.143247,9178.553681
16484.747533,1554.432478,-1378.971896,9622.677246
16484.747857,222.061783,-2221.676944,9622.677246
16484.748182,222.061783,-2451.505594,9918.759623
16484.748506,518.144159,-2451.505594,9622.677246
16484.748830,1184.329507,-2528.115143,9918.759623
16484.749154,1110.308913,-1991.848295,10362.883188
16484.749479,1332.370696,-2681.334243,9992.780217
16484.749803,1036.288319,-2221.676944,10288.862594
16484.750127,1110.308913,-2145.067394,10140.821405
16484.750452,2146.597232,-2068.457845,10584.944971
16484.750776,962.267725,-2221.676944,10214.842000
16484.751100,296.082377,-2221.676944,9844.739029
16484.751425,814.226536,-1608.800546,9696.697840
16484.751749,1036.288319,-2221.676944,9918.759623
16484.752073,0.000000,-1762.019645,9696.697840
16484.752397,-444.123565,-1455.581446,9474.636058
16484.752722,-740.205942,-1149.143247,8956.491898
16484.753046,-518.144159,-995.924147,9178.553681
16484.753370,74.020594,-689.485948,9400.615463
16484.753695,-518.144159,306.438199,8512.368333
16484.754019,-1036.288319,229.828649,8734.430116
16484.754343,-222.061783,689.485948,8956.491898
16484.754667,0.000000,919.314598,9252.574275
16484.754992,-1110.308913,1302.362347,9030.512492
16484.755316,-1036.288319,1149.143247,8660.409521
16484.755640,-518.144159,1378.971896,8290.306550
16484.755965,-888.247130,2374.896044,8512.368333
16484.756289,-1554.432478,1455.581446,8734.430116
16484.756613,-1258.350101,2451.505594,8290.306550
16484.756937,-592.164754,2221.676944,8660.409521
16484.757262,-444.123565,2374.896044,9326.594869
16484.757586,-518.144159,2451.505594,9252.574275
16484.757910,-444.123565,2987.772442,9326.594869
16484.758235,296.082377,2987.772442,9696.697840
16484.758559,1184.329507,2604.724693,9474.636058
16484.758883,444.123565,3064.381992,9622.677246
16484.759207,-666.185348,2911.162892,9178.553681
16484.759532,518.144159,3524.039291,9326.594869
16484.759856,888.247130,3294.210641,9400.615463
16484.760180,-370.102971,2987.772442,9326.594869
16484.760505,-740.205942,2528.115143,8882.471304
16484.760829,-666.185348,2757.943793,8586.388927
16484.761153,0.000000,2528.115143,8882.471304
16484.761478,-592.164754,2451.505594,9178.553681
16484.761802,-518.144159,2145.067394,8956.491898
16484.762126,-592.164754,1838.629195,8364.327145
16484.762450,296.082377,1991.848295,9326.594869
16484.762775,666.185348,1762.019645,9178.553681
16484.763099,-148.041188,1455.581446,9030.512492
16484.763423,-222.061783,995.924147,9030.512492
16484.763748,666.185348,536.266849,9400.615463
16484.764072,518.144159,229.828649,9548.656652
16484.764396,74.020594,0.000000,9474.636058
16484.764720,0.000000,-229.828649,9252.574275
16484.765045,148.041188,0.000000,8882.471304
16484.765369,666.185348,-306.438199,9178.553681
16484.765693,1036.288319,-459.657299,9696.697840
16484.766018,74.020594,-995.924147,9622.677246
16484.766342,222.061783,-1072.533697,9326.594869
16484.766666,1554.432478,-1455.581446,9770.718434
16484.766990,888.247130,-1532.190996,9622.677246
16484.767315,0.000000,-2068.457845,8956.491898
16484.767639,222.061783,-1838.629195,9400.615463
16484.767963,1258.350101,-1915.238745,9696.697840
16484.768288,148.041188,-2604.724693,9622.677246
16484.768612,0.000000,-2451.505594,9474.636058
16484.768936,444.123565,-2221.676944,9178.553681
16484.769261,370.102971,-2528.115143,9548.656652
16484.769585,666.185348,-2145.067394,10140.821405
16484.769909,148.041188,-1762.019645,9474.636058
16484.770233,222.061783,-1915.238745,9326.594869
16484.770558,1184.329507,-1532.190996,9770.718434
16484.770882,1554.432478,-1072.533697,10140.821405
16484.771206,444.123565,-1225.752797,9918.759623
16484.771531,0.000000,-1225.752797,9770.718434
16484.771855,592.164754,-306.438199,9474.636058
16484.772179,296.082377,-689.485948,9696.697840
16484.772503,0.000000,-459.657299,10066.800811
16484.772828,-518.144159,536.266849,9474.636058
16484.773152,-296.082377,536.266849,9030.512492
16484.773476,-444.123565,995.924147,9326.594869
16484.773801,0.000000,1685.410096,9104.533087
16484.774125,-222.061783,2451.505594,8290.306550
16484.774449,0.000000,2298.286494,8142.265362
16484.774773,888.247130,2528.115143,8734.430116
16484.775098,296.082377,2911.162892,8956.491898
16484.775422,-1110.308913,2528.115143,8290.306550
16484.775746,-1258.350101,2528.115143,8438.347739
16484.776071,-296.082377,2834.553343,8808.450710
16484.776395,-814.226536,2451.505594,8734.430116
16484.776719,-1998.556043,2757.943793,8290.306550
16484.777043,-1184.329507,3140.991542,8438.347739
16484.777368,-888.247130,2911.162892,8438.347739
16484.777692,-1258.350101,3064.381992,9474.636058
16484.778016,-1406.391290,2757.943793,9252.574275
16484.778341,-1702.473667,3294.210641,9104.533087
16484.778665,-518.144159,2987.772442,9474.636058
16484.778989,74.020594,3447.429741,9622.677246
16484.779314,-296.082377,2757.943793,10288.862594
16484.779638,-962.267725,2757.943793,9400.615463
16484.779962,-592.164754,2757.943793,9474.636058
16484.780286,0.000000,2451.505594,9474.636058
16484.780611,-1036.288319,2298.286494,9400.615463
16484.780935,-814.226536,1991.848295,9030.512492
16484.781259,0.000000,2604.724693,8734.430116
16484.781584,148.041188,2068.457845,9400.615463
16484.781908,592.164754,1915.238745,8956.491898
16484.782232,74.020594,1685.410096,8956.491898
16484.782556,148.041188,1455.581446,8290.306550
16484.782881,1036.288319,1149.143247,8956.491898
16484.783205,1480.411884,995.924147,9030.512492
16484.783529,296.082377,0.000000,8882.471304
16484.783854,222.061783,153.219100,8734.430116
16484.784178,740.205942,-229.828649,8734.430116
16484.784502,296.082377,-842.705048,9474.636058
16484.784826,-370.102971,-1072.533697,9326.594869
16484.785151,-370.102971,-1532.190996,9030.512492
16484.785475,222.061783,-1991.848295,9400.615463
16484.785799,666.185348,-2298.286494,9844.739029
16484.786124,740.205942,-2068.457845,10362.883188
16484.786448,74.020594,-1991.848295,9696.697840
16484.786772,1110.308913,-2451.505594,9992.780217
16484.787096,2442.679609,-2068.457845,10584.944971
16484.787421,1628.453072,-2221.676944,10658.965565
16484.787745,518.144159,-2374.896044,10140.821405
16484.788069,1332.370696,-2068.457845,10066.800811
16484.788394,2220.617826,-1762.019645,10288.862594
16484.788718,888.247130,-2528.115143,9992.780217
16484.789042,222.061783,-2374.896044,9622.677246
16484.789367,296.082377,-1762.019645,9400.615463
16484.789691,370.102971,-1685.410096,9474.636058
16484.790015,222.061783,-1608.800546,9696.697840
16484.790339,0.000000,-612.876398,9178.553681
16484.790664,-666.185348,-536.266849,8734.430116
16484.790988,0.000000,-306.438199,9252.574275
16484.791312,814.226536,153.219100,9400.615463
16484.791637,-740.205942,0.000000,9400.615463
16484.791961,-1628.453072,306.438199,8660.409521
16484.792285,-888.247130,919.314598,8956.491898
16484.792609,-518.144159,1072.533697,9104.533087
16484.792934,-1480.411884,689.485948,9030.512492
16484.793258,-1924.535449,1762.019645,8512.368333
16484.793582,-1258.350101,1915.238745,8512.368333
16484.793907,-740.205942,1838.629195,8956.491898
16484.794231,-444.123565,2145.067394,9252.574275
16484.794555,-962.267725,2528.115143,8956.491898
16484.794879,-518.144159,2681.334243,8586.388927
16484.795204,888.247130,3217.601092,8956.491898
16484.795528,740.205942,2987.772442,9474.636058
16484.795852,-296.082377,2987.772442,9326.594869
16484.796177,0.000000,2757.943793,9104.533087
16484.796501,666.185348,2681.334243,9326.594869
16484.796825,296.082377,2298.286494,9696.697840
16484.797149,0.000000,2528.115143,9178.553681
16484.797474,370.102971,2604.724693,9178.553681
16484.797798,0.000000,2987.772442,8586.388927
16484.798122,148.041188,2681.334243,9030.512492
16484.798447,0.000000,2757.943793,9030.512492
16484.798771,-370.102971,2604.724693,8660.409521
16484.799095,74.020594,2451.505594,9030.512492
16484.799419,814.226536,2681.334243,9178.553681
16484.799744,0.000000,2068.457845,9400.615463
16484.800068,-444.123565,1915.238745,9030.512492
16484.800392,74.020594,1225.752797,9104.533087
16484.800717,0.000000,766.095498,9252.574275
16484.801041,-518.144159,536.266849,9474.636058
16484.801365,-888.247130,76.609550,9030.512492
16484.801689,-296.082377,0.000000,9104.533087
16484.802014,74.020594,76.609550,9030.512492
16484.802338,148.041188,306.438199,8956.491898
16484.802662,296.082377,153.219100,8882.471304
16484.802987,148.041188,-306.438199,8882.471304
16484.803311,1554.432478,0.000000,9548.656652
16484.803635,1554.432478,-766.095498,9770.718434
16484.803959,0.000000,-1302.362347,9474.636058
16484.804284,0.000000,-1532.190996,8586.388927
16484.804608,814.226536,-1378.971896,9474.636058
16484.804932,518.144159,-2145.067394,9474.636058
16484.805257,0.000000,-2068.457845,9548.656652
16484.805581,-222.061783,-1991.848295,9400.615463
16484.805905,518.144159,-2298.286494,9474.636058
16484.806229,592.164754,-2221.676944,9992.780217
16484.806554,296.082377,-1838.629195,9548.656652
16484.806878,444.123565,-1762.019645,9326.594869
16484.807202,1036.288319,-689.485948,9400.615463
16484.807527,2220.617826,-1378.971896,10140.821405
16484.807851,888.247130,-1532.190996,10288.862594
16484.808175,74.020594,-1532.190996,9622.677246
16484.808499,888.247130,-995.924147,9474.636058
16484.808824,888.247130,-1685.410096,9474.636058
16484.809148,0.000000,-1532.190996,9844.739029
16484.809472,296.082377,-842.705048,9474.636058
16484.809797,148.041188,-1225.752797,9030.512492
16484.810121,0.000000,-766.095498,9474.636058
16484.810445,148.041188,0.000000,9844.739029
16484.810769,74.020594,459.657299,9400.615463
16484.811094,-296.082377,459.657299,8956.491898
16484.811418,666.185348,1378.971896,8808.450710
16484.811742,888.247130,2451.505594,9030.512492
16484.812067,74.020594,1378.971896,9030.512492
16484.812391,-740.205942,1762.019645,8882.471304
16484.812715,-296.082377,2298.286494,8956.491898
16484.813039,-444.123565,2145.067394,9178.553681
16484.813364,-1332.370696,1532.190996,9178.553681
16484.813688,-1332.370696,2298.286494,8808.450710
16484.814012,-1702.473667,2528.115143,8512.368333
16484.814337,-962.267725,1915.238745,8808.450710
16484.814661,-1036.288319,2834.553343,9104.533087
16484.814985,-1628.453072,2987.772442,8660.409521
16484.815309,-888.247130,3140.991542,8882.471304
16484.815634,-222.061783,3830.477490,9030.512492
16484.815958,-370.102971,3140.991542,9548.656652
16484.816282,-1258.350101,3217.601092,9030.512492
16484.816607,-888.247130,3064.381992,9400.615463
16484.816931,-444.123565,2911.162892,9178.553681
16484.817255,-1406.391290,2528.115143,9622.677246
16484.817579,-1850.514855,2374.896044,9030.512492
16484.817904,-1332.370696,2451.505594,8660.409521
16484.818228,-888.247130,2528.115143,8808.450710
16484.818552,-1184.329507,2451.505594,9178.553681
16484.818877,-518.144159,2451.505594,9030.512492
16484.819201,-444.123565,2221.676944,8660.409521
16484.819525,370.102971,2298.286494,9178.553681
16484.819849,1258.350101,2068.457845,9400.615463
16484.820174,444.123565,1225.752797,9252.574275
16484.820498,0.000000,383.047749,8808.450710
16484.820822,888.247130,1378.971896,8586.388927
16484.821146,1184.329507,689.485948,9252.574275
16484.821471,518.144159,76.609550,9326.594869
16484.821795,0.000000,-76.609550,8956.491898
16484.822119,666.185348,-306.438199,8882.471304
16484.822444,814.226536,-842.705048,9474.636058
16484.822768,740.205942,-842.705048,9326.594869
16484.823092,296.082377,-1072.533697,9030.512492
16484.823416,222.061783,-1225.752797,8808.450710
16484.823741,1702.473667,-1378.971896,9548.656652
16484.824065,1998.556043,-1838.629195,10140.821405
16484.824389,518.144159,-2451.505594,10066.800811
16484.824714,370.102971,-2221.676944,9918.759623
16484.825038,1480.411884,-2604.724693,9844.739029
16484.825362,1406.391290,-2451.505594,10881.027347
16484.825686,222.061783,-2757.943793,10214.842000
16484.826011,592.164754,-2451.505594,9918.759623
16484.826335,814.226536,-2221.676944,10066.800811
16484.826659,814.226536,-2221.676944,10214.842000
16484.826984,962.267725,-1608.800546,10362.883188
16484.827308,148.041188,-1378.971896,9326.594869
16484.827632,1036.288319,-1149.143247,9548.656652
16484.827956,1406.391290,-459.657299,9992.780217
16484.828281,444.123565,-612.876398,9622.677246
16484.828605,-444.123565,-306.438199,9400.615463
16484.828929,-222.061783,0.000000,8956.491898
16484.829254,-444.123565,76.609550,9252.574275
16484.829578,-1406.391290,153.219100,8586.388927
16484.829902,-1628.453072,1149.143247,8586.388927
16484.830226,-1480.411884,1378.971896,8216.285956
16484.830551,-1776.494261,1072.533697,8290.306550
16484.830875,-1258.350101,1225.752797,8660.409521
16484.831199,-1184.329507,1915.238745,8512.368333
16484.831524,-1480.411884,1915.238745,8216.285956
16484.831848,-444.123565,2374.896044,8290.306550
16484.832172,444.123565,2298.286494,8882.471304
16484.832496,-666.185348,1608.800546,8586.388927
16484.832821,-814.226536,2068.457845,9178.553681
16484.833145,0.000000,2221.676944,9326.594869
16484.833469,0.000000,2221.676944,9770.718434
16484.833794,-518.144159,1838.629195,9844.739029
16484.834118,-222.061783,2528.115143,9474.636058
16484.834442,370.102971,2604.724693,9178.553681
16484.834766,518.144159,2987.772442,9548.656652
16484.835091,666.185348,2451.505594,9696.697840
16484.835415,0.000000,2911.162892,9474.636058
16484.835739,148.041188,3217.601092,9104.533087
16484.836064,1480.411884,3140.991542,9622.677246
16484.836388,888.247130,2911.162892,9770.718434
16484.836712,-592.164754,2298.286494,8882.471304
16484.837036,-148.041188,2451.505594,8364.327145
16484.837361,222.061783,1838.629195,8734.430116
16484.837685,-592.164754,1532.190996,9252.574275
16484.838009,-1110.308913,1225.752797,8734.430116
16484.838334,-518.144159,1072.533697,8142.265362
16484.838658,0.000000,1378.971896,8660.409521
16484.838982,222.061783,842.705048,9104.533087
16484.839306,148.041188,1225.752797,8882.471304
16484.839631,518.144159,612.876398,8882.471304
16484.839955,962.267725,1072.533697,9326.594869
16484.840279,1480.411884,612.876398,9326.594869
16484.840604,888.247130,0.000000,9622.677246
16484.840928,222.061783,-306.438199,9104.533087
16484.841252,814.226536,-766.095498,9178.553681
16484.841576,518.144159,-1455.581446,9622.677246
16484.841901,74.020594,-1608.800546,9770.718434
16484.842225,-222.061783,-1532.190996,9474.636058
16484.842549,0.000000,-1762.019645,9400.615463
16484.842874,0.000000,-2221.676944,9622.677246
16484.843198,518.144159,-1991.848295,9844.739029
16484.843522,444.123565,-1532.190996,9844.739029
16484.843846,740.205942,-2298.286494,9992.780217
16484.844171,1628.453072,-1608.800546,9844.739029
16484.844495,1924.535449,-1915.238745,10140.821405
16484.844819,518.144159,-2221.676944,9622.677246
16484.845144,740.205942,-1915.238745,9844.739029
16484.845468,1406.391290,-2221.676944,9474.636058
16484.845792,296.082377,-2451.505594,9548.656652
16484.846116,-296.082377,-1762.019645,9844.739029
16484.846441,222.061783,-1991.848295,9178.553681
16484.846765,592.164754,-1378.971896,9474.636058
16484.847089,-148.041188,-1149.143247,9770.718434
16484.847414,-148.041188,-842.705048,9696.697840
16484.847738,-592.164754,0.000000,9326.594869
16484.848062,370.102971,0.000000,9474.636058
16484.848386,1110.308913,383.047749,9474.636058
16484.848711,74.020594,1072.533697,9474.636058
16484.849035,-888.247130,1149.143247,8586.388927
16484.849359,0.000000,1225.752797,9474.636058
16484.849684,518.144159,1302.362347,9326.594869
16484.850008,-740.205942,1608.800546,9400.615463
16484.850332,-1184.329507,2374.896044,8956.491898
16484.850656,-666.185348,2528.115143,8734.430116
16484.850981,-370.102971,2145.067394,9030.512492
16484.851305,-296.082377,2451.505594,8808.450710
16484.851629,-814.226536,2757.943793,9030.512492
16484.851953,-1110.308913,2834.553343,8364.327145
16484.852278,0.000000,3447.429741,8882.471304
16484.852602,370.102971,3753.867940,9252.574275
16484.852926,-740.205942,2604.724693,8956.491898
16484.853251,-1258.350101,3753.867940,8660.409521
16484.853575,-296.082377,3447.429741,8734.430116
16484.853899,-888.247130,2987.772442,9326.594869
16484.854223,-1998.556043,2604.724693,9030.512492
16484.854548,-1776.494261,2911.162892,9030.512492
16484.854872,-1406.391290,3370.820191,8660.409521
16484.855196,-1110.308913,3064.381992,9474.636058
16484.855521,-1036.288319,3447.429741,8956.491898
16484.855845,-1184.329507,3370.820191,9104.533087
16484.856169,-370.102971,2528.115143,9178.553681
16484.856493,740.205942,2757.943793,9474.636058
16484.856818,148.041188,2451.505594,9548.656652
16484.857142,-444.123565,1991.848295,8956.491898
16484.857466,296.082377,2068.457845,8808.450710
16484.857791,666.185348,1991.848295,8882.471304
16484.858115,0.000000,766.095498,9326.594869
16484.858439,-296.082377,306.438199,8882.471304
16484.858763,148.041188,459.657299,8512.368333
16484.859088,222.061783,0.000000,9104.533087
16484.859412,666.185348,0.000000,9178.553681
16484.859736,666.185348,0.000000,8586.388927
16484.860061,0.000000,-842.705048,8512.368333
16484.860385,1258.350101,-306.438199,8808.450710
16484.860709,2442.679609,-919.314598,9770.718434
16484.861033,666.185348,-1378.971896,9844.739029
16484.861358,222.061783,-1838.629195,9474.636058
16484.861682,1406.391290,-1838.629195,10140.821405
16484.862006,1184.329507,-2374.896044,10584.944971
16484.862331,74.020594,-2528.115143,10288.862594
16484.862655,370.102971,-2298.286494,9770.718434
16484.862979,444.123565,-2528.115143,9622.677246
16484.863303,814.226536,-2298.286494,10436.903782
16484.863628,1406.391290,-2068.457845,10584.944971
16484.863952,222.061783,-2221.676944,10066.800811
16484.864276,592.164754,-1455.581446,9992.780217
16484.864601,2146.597232,-1608.800546,10436.903782
16484.864925,1110.308913,-1608.800546,9622.677246
16484.865249,-370.102971,-1532.190996,9252.574275
16484.865573,222.061783,-919.314598,9326.594869
16484.865898,888.247130,-612.876398,9252.574275
16484.866222,-296.082377,-919.314598,9474.636058
16484.866546,-1036.288319,-689.485948,8660.409521
16484.866871,-962.267725,-536.266849,8438.347739
16484.867195,-1332.370696,229.828649,8586.388927
16484.867519,-1036.288319,153.219100,8956.491898
16484.867843,-1110.308913,995.924147,8882.471304
16484.868168,-1406.391290,1225.752797,8512.368333
16484.868492,-592.164754,2298.286494,8512.368333
16484.868816,296.082377,2068.457845,8956.491898
16484.869141,-666.185348,2221.676944,9104.533087
16484.869465,-962.267725,1991.848295,8364.327145
16484.869789,-888.247130,2145.067394,8290.306550
16484.870113,-592.164754,1991.848295,9104.533087
16484.870438,-1036.288319,2145.067394,9474.636058
16484.870762,-814.226536,2298.286494,8956.491898
16484.871086,-740.205942,2298.286494,9104.533087
16484.871411,-592.164754,2604.724693,9400.615463
16484.871735,74.020594,2451.505594,9622.677246
16484.872059,222.061783,2834.553343,9252.574275
16484.872383,0.000000,3447.429741,9400.615463
16484.872708,1406.391290,3370.820191,9548.656652
16484.873032,1258.350101,3370.820191,9770.718434
16484.873356,0.000000,3140.991542,9326.594869
16484.873681,222.061783,3524.039291,9474.636058
16484.874005,666.185348,2604.724693,8808.450710
16484.874329,-666.185348,2145.067394,8882.471304
16484.874653,-518.144159,2451.505594,8956.491898
16484.874978,-296.082377,1838.629195,8882.471304
16484.875302,-370.102971,1608.800546,8734.430116
16484.875626,-518.144159,1762.019645,9474.636058
16484.875951,0.000000,2068.457845,9178.553681
16484.876275,-296.082377,689.485948,8882.471304
16484.876599,370.102971,1302.362347,9030.512492
16484.876923,1554.432478,1072.533697,9770.718434
16484.877248,222.061783,919.314598,9252.574275
16484.877572,-296.082377,459.657299,9104.533087
16484.877896,814.226536,76.609550,8956.491898
16484.878221,888.247130,76.609550,9178.553681
16484.878545,0.000000,-842.705048,9548.656652
16484.878869,-444.123565,-536.266849,9252.574275
16484.879193,0.000000,-1302.362347,8882.471304
16484.879518,0.000000,-1915.238745,9400.615463
16484.879842,370.102971,-1762.019645,9770.718434
16484.880166,444.123565,-1991.848295,9474.636058
16484.880491,222.061783,-1762.019645,9326.594869
16484.880815,1332.370696,-2451.505594,9622.677246
16484.881139,1776.494261,-1762.019645,10140.821405
16484.881463,814.226536,-2374.896044,10362.883188
16484.881788,740.205942,-2221.676944,9696.697840
16484.882112,1628.453072,-2374.896044,9992.780217
16484.882436,740.205942,-2451.505594,10214.842000
16484.882761,148.041188,-2145.067394,9770.718434
16484.883085,370.102971,-2298.286494,9770.718434
16484.883409,740.205942,-1838.629195,9622.677246
16484.883733,740.205942,-1532.190996,9992.780217
16484.884058,518.144159,-1302.362347,9770.718434
16484.884382,-296.082377,-1225.752797,9104.533087
16484.884706,-148.041188,-536.266849,9030.512492
16484.885030,1036.288319,0.000000,9474.636058
16484.885355,592.164754,153.219100,9400.615463
16484.885679,-740.205942,-153.219100,8734.430116
16484.886003,0.000000,0.000000,8956.491898
16484.886328,148.041188,383.047749,9030.512492
16484.886652,-666.185348,612.876398,9326.594869
16484.886976,-888.247130,1072.533697,9400.615463
16484.887300,-962.267725,1608.800546,8290.306550
16484.887625,-666.185348,1455.581446,9252.574275
16484.887949,0.000000,1685.410096,9474.636058
16484.888273,0.000000,2911.162892,9178.553681
16484.888598,-962.267725,2374.896044,8956.491898
16484.888922,0.000000,2987.772442,9104.533087
16484.889246,740.205942,3140.991542,9474.636058
16484.889570,-444.123565,2757.943793,9104.533087
16484.889895,-888.247130,2834.553343,8586.388927
16484.890219,-370.102971,3677.258390,9030.512492
16484.890543,0.000000,3064.381992,8808.450710
16484.890868,-1554.432478,3217.601092,8956.491898
16484.891192,-1480.411884,2911.162892,8734.430116
16484.891516,-1406.391290,3294.210641,8734.430116
16484.891840,-1332.370696,2987.772442,8956.491898
16484.892165,-1258.350101,3294.210641,9400.615463
16484.892489,-1110.308913,3600.648841,8956.491898
16484.892813,-1110.308913,3140.991542,8290.306550
16484.893138,0.000000,3217.601092,9030.512492
16484.893462,148.041188,2681.334243,9474.636058
16484.893786,-1036.288319,2451.505594,9326.594869
16484.894110,-740.205942,2221.676944,9104.533087
16484.894435,370.102971,1838.629195,9030.512492
16484.894759,-370.102971,1302.362347,9400.615463
16484.895083,-740.205942,1072.533697,8734.430116
16484.895408,-296.082377,1225.752797,8956.491898
16484.895732,148.041188,766.095498,9104.533087
16484.896056,148.041188,689.485948,9474.636058
16484.896380,592.164754,383.047749,9252.574275
16484.896705,444.123565,76.609550,9252.574275
16484.897029,1406.391290,153.219100,8956.491898
16484.897353,1850.514855,536.266849,9474.636058
16484.897678,962.267725,-536.266849,9252.574275
16484.898002,518.144159,-919.314598,8882.471304
16484.898326,1258.350101,-919.314598,9474.636058
16484.898650,1406.391290,-1532.190996,9770.718434
16484.898975,370.102971,-1838.629195,9400.615463
16484.899299,518.144159,-2604.724693,9474.636058
16484.899623,962.267725,-2298.286494,9548.656652
16484.899947,370.102971,-2681.334243,10140.821405
16484.900272,592.164754,-2528.115143,10288.862594
16484.900596,1036.288319,-2145.067394,10066.800811
16484.900920,518.144159,-2681.334243,9844.739029
16484.901245,1332.370696,-2068.457845,9992.780217
16484.901569,1998.556043,-2451.505594,11029.068536
16484.901893,740.205942,-1762.019645,9844.739029
16484.902217,74.020594,-2298.286494,9696.697840
16484.902542,740.205942,-1838.629195,9770.718434
16484.902866,518.144159,-1838.629195,9918.759623
16484.903190,-296.082377,-2068.457845,9844.739029
16484.903515,-814.226536,-1378.971896,9178.553681
16484.903839,-296.082377,-842.705048,9326.594869
16484.904163,-444.123565,-229.828649,9474.636058
16484.904487,-74.020594,-229.828649,9844.739029
16484.904812,-888.247130,306.438199,9178.553681
16484.905136,-666.185348,766.095498,9252.574275
16484.905460,296.082377,1149.143247,9474.636058
16484.905784,-148.041188,1991.848295,9474.636058
16484.906109,-1184.329507,1302.362347,8512.368333
16484.906433,-740.205942,2068.457845,8512.368333
16484.906757,-222.061783,2374.896044,8290.306550
16484.907082,-1258.350101,2145.067394,8586.388927
16484.907406,-1480.411884,2145.067394,8364.327145
16484.907730,-1110.308913,2451.505594,8142.265362
16484.908054,-814.226536,2451.505594,8660.409521
16484.908379,-370.102971,2451.505594,8956.491898
16484.908703,0.000000,2834.553343,9400.615463
16484.909027,-666.185348,2987.772442,8216.285956
16484.909352,0.000000,3064.381992,9252.574275
16484.909676,1036.288319,2987.772442,9696.697840
16484.910000,0.000000,2834.553343,9770.718434
16484.910324,-296.082377,2604.724693,9178.553681
16484.910649,814.226536,3140.991542,9474.636058
16484.910973,592.164754,2451.505594,9252.574275
16484.911297,0.000000,2757.943793,9252.574275
16484.911621,-222.061783,2451.505594,9400.615463
16484.911946,0.000000,2451.505594,8956.491898
16484.912270,0.000000,1915.238745,9474.636058
16484.912594,296.082377,2068.457845,9548.656652
16484.912919,0.000000,1455.581446,8956.491898
16484.913243,0.000000,1378.971896,8512.368333
16484.913567,1036.288319,1685.410096,9474.636058
16484.913891,1480.411884,1072.533697,9474.636058
16484.914216,-296.082377,1072.533697,9252.574275
16484.914540,0.000000,536.266849,8882.471304
16484.914864,888.247130,536.266849,8734.430116
16484.915189,148.041188,459.657299,8956.491898
16484.915513,-888.247130,-612.876398,8068.244768
16484.915837,0.000000,-306.438199,8364.327145
16484.916161,-296.082377,-689.485948,8586.388927
16484.916486,0.000000,-995.924147,9548.656652
16484.916810,0.000000,-766.095498,9474.636058
16484.917134,-222.061783,-1378.971896,9252.574275
16484.917458,592.164754,-1532.190996,9474.636058
16484.917783,1406.391290,-1685.410096,10140.821405
16484.918107,666.185348,-2451.505594,10584.944971
16484.918431,296.082377,-2451.505594,9918.759623
16484.918756,814.226536,-2451.505594,10140.821405
16484.919080,1406.391290,-2145.067394,10362.883188
16484.919404,222.061783,-2374.896044,10362.883188
16484.919728,148.041188,-2604.724693,9844.739029
16484.920053,1184.329507,-1838.629195,9770.718434
16484.920377,1406.391290,-1378.971896,9918.759623
16484.920701,592.164754,-1685.410096,9696.697840
16484.921026,814.226536,-1685.410096,9622.677246
16484.921350,740.205942,-1149.143247,9030.512492
16484.921674,1258.350101,-842.705048,9622.677246
16484.921998,1628.453072,-689.485948,9548.656652
16484.922323,0.000000,-1072.533697,8882.471304
16484.922647,0.000000,-842.705048,9104.533087
16484.922971,148.041188,-76.609550,9400.615463
16484.923295,-222.061783,-536.266849,9474.636058
16484.923620,-1258.350101,-306.438199,8956.491898
16484.923944,-1258.350101,612.876398,8734.430116
16484.924268,-444.123565,1072.533697,8808.450710
16484.924593,-888.247130,1225.752797,9474.636058
16484.924917,-740.205942,1455.581446,8956.491898
16484.925241,-962.267725,2298.286494,8956.491898
16484.925565,0.000000,2374.896044,9400.615463
16484.925890,518.144159,2604.724693,9474.636058
16484.926214,0.000000,2451.505594,9770.718434
16484.926538,-814.226536,2451.505594,9030.512492
16484.926862,-370.102971,2987.772442,9030.512492
16484.927187,74.020594,2681.334243,9104.533087
16484.927511,-444.123565,2911.162892,8956.491898
16484.927835,-1332.370696,2834.553343,8734.430116
16484.928160,-814.226536,2987.772442,8438.347739
16484.928484,-740.205942,2987.772442,8956.491898
16484.928808,-666.185348,3294.210641,9400.615463
16484.929132,-962.267725,3370.820191,9030.512492
16484.929457,-962.267725,3370.820191,8660.409521
16484.929781,-444.123565,3524.039291,8956.491898
16484.930105,0.000000,3677.258390,9474.636058
16484.930430,-1036.288319,2604.724693,9400.615463
16484.930754,-1332.370696,2757.943793,9252.574275
16484.931078,-888.247130,2681.334243,9326.594869
16484.931402,-740.205942,2757.943793,8956.491898
16484.931727,-1332.370696,2451.505594,9474.636058
16484.932051,-1702.473667,2145.067394,8438.347739
16484.932375,-740.205942,2068.457845,8882.471304
16484.932699,-296.082377,1532.190996,9252.574275
16484.933024,0.000000,1225.752797,9474.636058
16484.933348,-296.082377,1149.143247,9178.553681
16484.933672,444.123565,459.657299,8734.430116
16484.933997,1554.432478,1225.752797,9030.512492
16484.934321,1036.288319,306.438199,9178.553681
16484.934645,740.205942,-153.219100,9252.574275
16484.934969,740.205942,-306.438199,9030.512492
16484.935294,1702.473667,-689.485948,9252.574275
16484.935618,888.247130,-995.924147,9474.636058
16484.935942,370.102971,-1608.800546,9252.574275
16484.936267,814.226536,-1762.019645,9178.553681
16484.936591,1036.288319,-1762.019645,9474.636058
16484.936915,740.205942,-2298.286494,10214.842000
16484.937239,592.164754,-2221.676944,9918.759623
16484.937564,740.205942,-2221.676944,9770.718434
16484.937888,1184.329507,-2298.286494,10066.800811
16484.938212,1776.494261,-1991.848295,9992.780217
16484.938536,814.226536,-2145.067394,10214.842000
16484.938861,0.000000,-2298.286494,9622.677246
16484.939185,666.185348,-2145.067394,9844.739029
16484.939509,592.164754,-2374.896044,9696.697840
16484.939834,0.000000,-2451.505594,9992.780217
16484.940158,-370.102971,-2068.457845,9622.677246
16484.940482,222.061783,-1991.848295,9030.512492
16484.940806,592.164754,-1149.143247,9696.697840
16484.941131,592.164754,-612.876398,9548.656652
16484.941455,-296.082377,-689.485948,9400.615463
16484.941779,-222.061783,0.000000,8956.491898
16484.942104,814.226536,0.000000,9622.677246
16484.942428,888.247130,229.828649,9474.636058
16484.942752,-222.061783,612.876398,9252.574275
16484.943076,-666.185348,842.705048,8512.368333
16484.943401,0.000000,1378.971896,8734.430116
16484.943725,-1184.329507,1455.581446,9030.512492
16484.944049,-1776.494261,1532.190996,8808.450710
16484.944373,-1406.391290,1915.238745,8068.244768
16484.944698,-814.226536,2068.457845,8290.306550
16484.945022,-1110.308913,2604.724693,8956.491898
16484.945346,-962.267725,2834.553343,8660.409521
16484.945671,-814.226536,2911.162892,8512.368333
16484.945995,-370.102971,2681.334243,8438.347739
16484.946319,370.102971,2987.772442,9252.574275
16484.946643,0.000000,2911.162892,9326.594869
16484.946968,-740.205942,2604.724693,8956.491898
16484.947292,-74.020594,2604.724693,9252.574275
16484.947616,518.144159,3140.991542,9474.636058
16484.947941,-74.020594,2681.334243,9474.636058
16484.948265,-518.144159,3140.991542,8734.430116
16484.948589,-296.082377,2911.162892,9030.512492
16484.948913,-222.061783,2451.505594,9400.615463
16484.949238,74.020594,2374.896044,9622.677246
16484.949562,0.000000,2451.505594,9326.594869
16484.949886,-296.082377,2604.724693,8660.409521
16484.950210,962.267725,2451.505594,9252.574275
16484.950535,1110.308913,1915.238745,9622.677246
16484.950859,0.000000,1302.362347,9326.594869
16484.951183,-296.082377,1455.581446,9030.512492
16484.951508,518.144159,1149.143247,9178.553681
16484.951832,370.102971,229.828649,9474.636058
16484.952156,-592.164754,689.485948,9326.594869
16484.952480,-148.041188,536.266849,9474.636058
16484.952805,222.061783,383.047749,8586.388927
16484.953129,74.020594,229.828649,8882.471304
16484.953453,148.041188,153.219100,9030.512492
16484.953778,222.061783,0.000000,8956.491898
16484.954102,222.061783,-229.828649,8438.347739
16484.954426,814.226536,-612.876398,9400.615463
16484.954750,444.123565,-383.047749,9030.512492
16484.955075,0.000000,-1378.971896,9400.615463
16484.955399,148.041188,-1838.629195,9400.615463
16484.955723,666.185348,-1915.238745,9696.697840
16484.956047,-148.041188,-2298.286494,9844.739029
16484.956372,-296.082377,-2451.505594,9918.759623
16484.956696,740.205942,-2374.896044,9474.636058
16484.957020,666.185348,-2911.162892,9918.759623
16484.957345,962.267725,-2068.457845,10288.862594
16484.957669,962.267725,-2298.286494,9992.780217
16484.957993,1036.288319,-2145.067394,9770.718434
16484.958317,1776.494261,-1608.800546,10140.821405
16484.958642,2220.617826,-1608.800546,10362.883188
16484.958966,1406.391290,-1915.238745,9770.718434
16484.959290,518.144159,-536.266849,9696.697840
16484.959615,592.164754,-1302.362347,9474.636058
16484.959939,740.205942,-1149.143247,9696.697840
16484.960263,-370.102971,-1302.362347,9622.677246
16484.960587,-962.267725,-612.876398,9400.615463
16484.960912,-888.247130,-536.266849,9178.553681
16484.961236,-370.102971,229.828649,9474.636058
16484.961560,-518.144159,536.266849,9400.615463
16484.961884,-888.247130,689.485948,8586.388927
16484.962209,-444.123565,1685.410096,8808.450710
16484.962533,148.041188,1915.238745,8882.471304
16484.962857,222.061783,2068.457845,9252.574275
16484.963182,-1110.308913,2068.457845,8734.430116
16484.963506,-888.247130,2451.505594,8660.409521
16484.963830,-222.061783,2145.067394,8438.347739
16484.964154,-1110.308913,2451.505594,9178.553681
16484.964479,-1702.473667,2451.505594,8808.450710
16484.964803,-1110.308913,2911.162892,8660.409521
16484.965127,-740.205942,2911.162892,8882.471304
16484.965452,-666.185348,3064.381992,9030.512492
16484.965776,-814.226536,3524.039291,8956.491898
16484.966100,-962.267725,4213.525239,8512.368333
16484.966424,222.061783,3907.087040,8734.430116
16484.966749,444.123565,3294.210641,9178.553681
16484.967073,-518.144159,3600.648841,9474.636058
16484.967397,-1184.329507,2834.553343,9326.594869
16484.967721,-666.185348,3370.820191,9030.512492
16484.968046,-592.164754,2834.553343,9622.677246
16484.968370,-1776.494261,2911.162892,9104.533087
16484.968694,-1850.514855,2604.724693,8438.347739
16484.969019,-888.247130,2451.505594,8956.491898
16484.969343,-592.164754,2451.505594,9030.512492
16484.969667,-888.247130,2068.457845,9030.512492
16484.969991,-666.185348,1838.629195,8734.430116
16484.970316,-518.144159,1685.410096,8216.285956
16484.970640,1110.308913,1149.143247,9030.512492
16484.970964,962.267725,1455.581446,9178.553681
16484.971289,222.061783,612.876398,9474.636058
16484.971613,518.144159,459.657299,8956.491898
16484.971937,1332.370696,459.657299,9252.574275
16484.972261,1110.308913,-536.266849,9770.718434
16484.972586,148.041188,-842.705048,9474.636058
16484.972910,444.123565,-842.705048,9104.533087
16484.973234,962.267725,-995.924147,9252.574275
16484.973558,1184.329507,-1225.752797,10066.800811
16484.973883,1036.288319,-1455.581446,10066.800811
16484.974207,740.205942,-1378.971896,9622.677246
16484.974531,1480.411884,-1915.238745,9696.697840
16484.974856,1850.514855,-1685.410096,10362.883188
16484.975180,1184.329507,-1685.410096,9992.780217
16484.975504,592.164754,-3140.991542,10066.800811
16484.975828,962.267725,-2221.676944,9992.780217
16484.976153,888.247130,-2604.724693,10140.821405
16484.976477,148.041188,-2528.115143,10214.842000
16484.976801,0.000000,-2451.505594,9400.615463
16484.977126,74.020594,-2145.067394,9474.636058
16484.977450,222.061783,-2451.505594,9030.512492
16484.977774,148.041188,-1608.800546,9622.677246
16484.978098,518.144159,-1072.533697,9548.656652
16484.978423,74.020594,-1378.971896,9104.533087
16484.978747,666.185348,-766.095498,9474.636058
16484.979071,1110.308913,-229.828649,9622.677246
16484.979395,0.000000,-459.657299,9622.677246
16484.979720,-740.205942,0.000000,9548.656652
16484.980044,0.000000,383.047749,9474.636058
16484.980368,0.000000,229.828649,9474.636058
16484.980693,-1184.329507,229.828649,9474.636058
16484.981017,-1480.411884,1225.752797,8956.491898
16484.981341,-962.267725,1455.581446,9104.533087
16484.981665,-740.205942,1532.190996,9252.574275
16484.981990,-592.164754,2068.457845,8438.347739
16484.982314,-518.144159,2374.896044,8290.306550
16484.982638,-222.061783,2298.286494,8586.388927
16484.982962,666.185348,2911.162892,8512.368333
16484.983287,444.123565,2604.724693,8956.491898
16484.983611,-666.185348,2451.505594,8512.368333
16484.983935,-666.185348,2451.505594,8808.450710
16484.984260,592.164754,2528.115143,8882.471304
16484.984584,-370.102971,2604.724693,9104.533087
16484.984908,-1258.350101,1838.629195,8734.430116
16484.985232,0.000000,2528.115143,8438.347739
16484.985557,0.000000,2451.505594,9252.574275
16484.985881,148.041188,2604.724693,9474.636058
16484.986205,370.102971,2681.334243,9474.636058
16484.986530,74.020594,3140.991542,8956.491898
16484.986854,740.205942,3064.381992,9474.636058
16484.987178,1628.453072,3217.601092,9844.739029
16484.987502,-148.041188,2068.457845,9104.533087
16484.987827,-148.041188,1915.238745,9474.636058
16484.988151,444.123565,1838.629195,9400.615463
16484.988475,592.164754,1302.362347,9548.656652
16484.988799,-666.185348,919.314598,9770.718434
16484.989124,-888.247130,842.705048,9252.574275
16484.989448,518.144159,1225.752797,9400.615463
16484.989772,0.000000,459.657299,8734.430116
16484.990097,0.000000,612.876398,9104.533087
16484.990421,0.000000,919.314598,8734.430116
16484.990745,0.000000,459.657299,8290.306550
16484.991069,1036.288319,153.219100,9030.512492
16484.991394,1110.308913,153.219100,9178.553681
16484.991718,74.020594,0.000000,8364.327145
16484.992042,0.000000,-459.657299,8660.409521
16484.992367,666.185348,-689.485948,9178.553681
16484.992691,0.000000,-1991.848295,9400.615463
16484.993015,-518.144159,-2145.067394,9474.636058
16484.993339,-444.123565,-2068.457845,9178.553681
16484.993664,222.061783,-2681.334243,9474.636058
16484.993988,370.102971,-2298.286494,10214.842000
16484.994312,370.102971,-2221.676944,10140.821405
16484.994636,444.123565,-2298.286494,9622.677246
16484.994961,962.267725,-2298.286494,9992.780217
16484.995285,1998.556043,-1915.238745,10436.903782
16484.995609,1258.350101,-1915.238745,10658.965565
16484.995934,518.144159,-1685.410096,10066.800811
16484.996258,1332.370696,-2911.162892,10066.800811
16484.996582,1628.453072,-1685.410096,9992.780217
16484.996906,518.144159,-1762.019645,10436.903782
16484.997231,0.000000,-1608.800546,9474.636058
16484.997555,74.020594,-1072.533697,9178.553681
16484.997879,148.041188,-919.314598,9548.656652
16484.998204,296.082377,-459.657299,9474.636058
16484.998528,-148.041188,76.609550,9104.533087
16484.998852,0.000000,229.828649,8734.430116
16484.999177,666.185348,1225.752797,9178.553681
16484.999501,1036.288319,1225.752797,9030.512492
16484.999825,-222.061783,1455.581446,9030.512492
16485.000149,-888.247130,1455.581446,8512.368333
16485.000474,-518.144159,2145.067394,8734.430116
16485.000798,-592.164754,1991.848295,8956.491898
16485.001122,-1332.370696,2298.286494,8438.347739
16485.001447,-1776.494261,2451.505594,8290.306550
16485.001771,-1258.350101,2987.772442,8512.368333
16485.002095,-1184.329507,2604.724693,9326.594869
16485.002419,-1258.350101,2834.553343,9178.553681
16485.002744,-1628.453072,2834.553343,8882.471304
16485.003068,-740.205942,3294.210641,8586.388927
16485.003392,296.082377,2987.772442,9252.574275
16485.003717,-148.041188,2911.162892,9770.718434
16485.004041,-592.164754,3600.648841,9178.553681
16485.004365,-962.267725,3064.381992,9030.512492
16485.004689,-74.020594,2911.162892,9326.594869
16485.005014,-962.267725,2681.334243,9474.636058
16485.005338,-1406.391290,2528.115143,9474.636058
16485.005662,-1184.329507,2298.286494,8808.450710
16485.005987,-888.247130,2221.676944,9474.636058
16485.006311,-740.205942,2528.115143,9548.656652
16485.006635,-814.226536,2451.505594,9252.574275
16485.006959,-592.164754,2451.505594,8956.491898
16485.007284,0.000000,2221.676944,8956.491898
16485.007608,666.185348,2145.067394,9252.574275
16485.007932,-370.102971,1991.848295,9030.512492
16485.008257,0.000000,1378.971896,8438.347739
16485.008581,0.000000,842.705048,8734.430116
16485.008905,74.020594,612.876398,8660.409521
16485.009229,-148.041188,153.219100,9178.553681
16485.009554,-740.205942,-229.828649,8734.430116
16485.009878,296.082377,-306.438199,9104.533087
16485.010202,1036.288319,-306.438199,9622.677246
16485.010527,1406.391290,-689.485948,9178.553681
16485.010851,444.123565,-1225.752797,9474.636058
16485.011175,888.247130,-995.924147,9030.512492
16485.011500,2368.659014,-919.314598,9844.739029
16485.011824,2072.576638,-1378.971896,10288.862594
16485.012148,592.164754,-2221.676944,9622.677246
16485.012472,888.247130,-1991.848295,9622.677246
16485.012797,2146.597232,-919.314598,10066.800811
16485.013121,1036.288319,-2298.286494,10436.903782
16485.013445,-296.082377,-2528.115143,9474.636058
16485.013770,74.020594,-2221.676944,9548.656652
16485.014094,666.185348,-2374.896044,9844.739029
16485.014418,444.123565,-2374.896044,10510.924376
16485.014742,444.123565,-2068.457845,9770.718434
16485.015067,0.000000,-1225.752797,9252.574275
16485.015391,1258.350101,-1608.800546,9400.615463
16485.015715,1480.411884,-1455.581446,9770.718434
16485.016040,444.123565,-1072.533697,9696.697840
16485.016364,0.000000,-1072.533697,9252.574275
16485.016688,148.041188,-459.657299,9400.615463
16485.017012,444.123565,-612.876398,9696.697840
16485.017337,-592.164754,-766.095498,9400.615463
16485.017661,-1184.329507,0.000000,8956.491898
16485.017985,-1036.288319,153.219100,8808.450710
16485.018310,-1110.308913,536.266849,9474.636058
16485.018634,-814.226536,919.314598,9622.677246
16485.018958,-962.267725,1378.971896,8956.491898
16485.019282,-1110.308913,1378.971896,8586.388927
16485.019607,-444.123565,1991.848295,8586.388927
16485.019931,444.123565,2374.896044,9030.512492
16485.020255,-222.061783,2145.067394,8734.430116
16485.020580,-518.144159,2374.896044,8512.368333
16485.020904,0.000000,2604.724693,8882.471304
16485.021228,-296.082377,2528.115143,8808.450710
16485.021552,-1036.288319,1915.238745,9178.553681
16485.021877,-740.205942,3064.381992,8882.471304
16485.022201,0.000000,3140.991542,8808.450710
16485.022525,148.041188,2298.286494,9548.656652
16485.022850,0.000000,2987.772442,9474.636058
16485.023174,-296.082377,3140.991542,9104.533087
16485.023498,370.102971,3447.429741,8882.471304
16485.023823,1110.308913,3600.648841,9474.636058
16485.024147,296.082377,2987.772442,9030.512492
16485.024471,-518.144159,3064.381992,9474.636058
16485.024795,0.000000,2374.896044,8586.388927
16485.025120,592.164754,2298.286494,9474.636058
16485.025444,-666.185348,1915.238745,9400.615463
16485.025768,-1184.329507,1378.971896,8956.491898
16485.026093,-296.082377,1302.362347,8660.409521
16485.026417,-222.061783,1302.362347,9326.594869
16485.026741,-370.102971,1302.362347,9474.636058
16485.027065,0.000000,766.095498,9622.677246
16485.027390,148.041188,612.876398,9030.512492
16485.027714,814.226536,1072.533697,9326.594869
16485.028038,1406.391290,689.485948,9844.739029
16485.028363,444.123565,76.609550,9400.615463
16485.028687,0.000000,536.266849,8882.471304
16485.029011,740.205942,383.047749,9030.512492
16485.029335,592.164754,-536.266849,9252.574275
16485.029660,0.000000,-1225.752797,9104.533087
16485.029984,-518.144159,-1532.190996,9104.533087
16485.030308,-370.102971,-1378.971896,9178.553681
16485.030633,296.082377,-1838.629195,9622.677246
16485.030957,296.082377,-1608.800546,9474.636058
16485.031281,0.000000,-1532.190996,8808.450710
16485.031605,0.000000,-1378.971896,9104.533087
16485.031930,1702.473667,-1685.410096,9474.636058
16485.032254,1406.391290,-2068.457845,9918.759623
16485.032578,444.123565,-2145.067394,9696.697840
16485.032903,740.205942,-2221.676944,9548.656652
16485.033227,1776.494261,-2145.067394,9770.718434
16485.033551,962.267725,-1838.629195,10066.800811
16485.033876,-222.061783,-2451.505594,9696.697840
16485.034200,740.205942,-1838.629195,9474.636058
16485.034524,666.185348,-1762.019645,9992.780217
16485.034848,592.164754,-1762.019645,10214.842000
16485.035173,222.061783,-1225.752797,9844.739029
16485.035497,148.041188,-842.705048,9474.636058
16485.035821,592.164754,-383.047749,9474.636058
16485.036146,1332.370696,-612.876398,10214.842000
16485.036470,296.082377,306.438199,9770.718434
16485.036794,-222.061783,459.657299,9474.636058
16485.037118,0.000000,842.705048,9252.574275
16485.037443,0.000000,689.485948,9474.636058
16485.037767,-296.082377,1608.800546,9548.656652
16485.038091,-1036.288319,1915.238745,8142.265362
16485.038416,-740.205942,2374.896044,8142.265362
16485.038740,-814.226536,2451.505594,9104.533087
16485.039064,-888.247130,2374.896044,8512.368333
16485.039388,-962.267725,2987.772442,8586.388927
16485.039713,-1036.288319,3064.381992,8142.265362
16485.040037,0.000000,3064.381992,8290.306550
16485.040361,0.000000,2757.943793,8586.388927
16485.040686,-1110.308913,2911.162892,8290.306550
16485.041010,-1480.411884,2757.943793,8216.285956
16485.041334,-296.082377,2911.162892,9030.512492
16485.041658,-740.205942,2681.334243,9474.636058
16485.041983,-2072.576638,2604.724693,9400.615463
16485.042307,-1480.411884,2834.553343,9252.574275
16485.042631,-740.205942,2604.724693,8956.491898
16485.042956,-296.082377,2221.676944,9548.656652
16485.043280,-592.164754,2757.943793,9770.718434
16485.043604,-1184.329507,2757.943793,9622.677246
16485.043928,-148.041188,2834.553343,9770.718434
16485.044253,1036.288319,2757.943793,9844.739029
16485.044577,0.000000,2451.505594,9770.718434
16485.044901,-888.247130,2298.286494,8734.430116
16485.045226,0.000000,2374.896044,9252.574275
16485.045550,444.123565,1302.362347,9326.594869
16485.045874,-222.061783,2068.457845,9178.553681
16485.046199,-814.226536,1378.971896,8438.347739
16485.046523,-296.082377,1149.143247,8216.285956
16485.046847,0.000000,612.876398,8586.388927
16485.047171,222.061783,459.657299,8808.450710
16485.047496,518.144159,919.314598,8808.450710
16485.047820,0.000000,383.047749,8216.285956
16485.048144,1332.370696,153.219100,9178.553681
16485.048469,1554.432478,0.000000,9326.594869
16485.048793,666.185348,-1225.752797,9548.656652
16485.049117,74.020594,-1225.752797,9326.594869
16485.049441,1184.329507,-1685.410096,9770.718434
16485.049766,888.247130,-1915.238745,9844.739029
16485.050090,370.102971,-1455.581446,10288.862594
16485.050414,296.082377,-2604.724693,10066.800811
16485.050739,740.205942,-2374.896044,10140.821405
16485.051063,888.247130,-2374.896044,10658.965565
16485.051387,1110.308913,-2068.457845,10658.965565
16485.051711,592.164754,-2298.286494,9992.780217
16485.052036,1406.391290,-1685.410096,10214.842000
16485.052360,2146.597232,-1608.800546,10362.883188
16485.052684,1702.473667,-1915.238745,10140.821405
16485.053009,444.123565,-1915.238745,9918.759623
16485.053333,592.164754,-1378.971896,9622.677246
16485.053657,888.247130,-1378.971896,9474.636058
16485.053981,-222.061783,-1225.752797,9474.636058
16485.054306,-296.082377,-1225.752797,8808.450710
16485.054630,-370.102971,-1455.581446,8512.368333
16485.054954,-962.267725,-383.047749,8660.409521
16485.055279,-814.226536,153.219100,9104.533087
16485.055603,-1036.288319,0.000000,9030.512492
16485.055927,-1332.370696,612.876398,8882.471304
16485.056251,-296.082377,1225.752797,8882.471304
16485.056576,518.144159,1378.971896,9326.594869
16485.056900,-888.247130,1378.971896,9104.533087
16485.057224,-1036.288319,2145.067394,8586.388927
16485.057549,-370.102971,2374.896044,8882.471304
16485.057873,-296.082377,1915.238745,9030.512492
16485.058197,-888.247130,1838.629195,9030.512492
16485.058522,-740.205942,2298.286494,8808.450710
16485.058846,0.000000,1685.410096,9104.533087
16485.059170,-370.102971,2451.505594,9104.533087
16485.059494,296.082377,2298.286494,9400.615463
16485.059819,-222.061783,2834.553343,9474.636058
16485.060143,-518.144159,2451.505594,8660.409521
16485.060467,888.247130,2911.162892,9474.636058
16485.060792,962.267725,3064.381992,9548.656652
16485.061116,-518.144159,2451.505594,9400.615463
16485.061440,74.020594,2451.505594,8438.347739
16485.061764,296.082377,3064.381992,8956.491898
16485.062089,-296.082377,2604.724693,9474.636058
16485.062413,-962.267725,2298.286494,9178.553681
16485.062737,-666.185348,2221.676944,8734.430116
16485.063062,-518.144159,1991.848295,8734.430116
16485.063386,-148.041188,1532.190996,9622.677246
16485.063710,-592.164754,1991.848295,9252.574275
16485.064034,-222.061783,1532.190996,8882.471304
16485.064359,518.144159,1762.019645,9474.636058
16485.064683,1332.370696,1378.971896,9622.677246
16485.065007,222.061783,995.924147,9770.718434
16485.065332,148.041188,689.485948,9104.533087
16485.065656,592.164754,842.705048,9252.574275
16485.065980,814.226536,306.438199,9622.677246
16485.066304,444.123565,306.438199,9548.656652
16485.066629,370.102971,-459.657299,8808.450710
16485.066953,296.082377,-383.047749,8808.450710
16485.067277,74.020594,-306.438199,9474.636058
16485.067602,370.102971,-766.095498,9252.574275
16485.067926,444.123565,-995.924147,9474.636058
16485.068250,518.144159,-1072.533697,9252.574275
16485.068574,1332.370696,-1149.143247,9622.677246
16485.068899,1184.329507,-1762.019645,9548.656652
16485.069223,370.102971,-2451.505594,9844.739029
16485.069547,296.082377,-2374.896044,9400.615463
16485.069872,1110.308913,-2451.505594,9844.739029
16485.070196,814.226536,-2374.896044,9992.780217
16485.070520,592.164754,-2451.505594,9548.656652
16485.070845,-222.061783,-2145.067394,9326.594869
16485.071169,888.247130,-1762.019645,9326.594869
16485.071493,740.205942,-1838.629195,9992.780217
16485.071817,814.226536,-1608.800546,9918.759623
16485.072142,296.082377,-1532.190996,9844.739029
16485.072466,666.185348,-995.924147,9474.636058
16485.072790,1628.453072,-689.485948,10066.800811
16485.073115,740.205942,-689.485948,9992.780217
16485.073439,-444.123565,-689.485948,9548.656652
16485.073763,74.020594,-383.047749,9844.739029
16485.074087,592.164754,0.000000,9622.677246
16485.074412,-888.247130,-306.438199,9252.574275
16485.074736,-1184.329507,229.828649,9030.512492
16485.075060,-814.226536,995.924147,8438.347739
16485.075385,-740.205942,995.924147,8734.430116
16485.075709,-666.185348,1378.971896,9030.512492
16485.076033,-888.247130,2221.676944,8512.368333
16485.076357,-1110.308913,2221.676944,8364.327145
16485.076682,-592.164754,2374.896044,8660.409521
16485.077006,370.102971,2757.943793,8956.491898
16485.077330,-666.185348,2221.676944,8734.430116
16485.077655,-1406.391290,2528.115143,8364.327145
16485.077979,-296.082377,3294.210641,8660.409521
16485.078303,-518.144159,2451.505594,9104.533087
16485.078627,-1406.391290,2757.943793,8956.491898
16485.078952,-1332.370696,3064.381992,8586.388927
16485.079276,-1036.288319,3140.991542,8586.388927
16485.079600,-740.205942,3294.210641,8882.471304
16485.079925,-518.144159,3447.429741,9622.677246
16485.080249,-962.267725,3370.820191,9178.553681
16485.080573,-740.205942,3064.381992,9030.512492
16485.080898,0.000000,2987.772442,9696.697840
16485.081222,222.061783,3370.820191,9918.759623
16485.081546,-962.267725,2834.553343,9622.677246
16485.081870,-962.267725,2528.115143,9178.553681
16485.082195,222.061783,2681.334243,8586.388927
16485.082519,-518.144159,2068.457845,9178.553681
16485.082843,-740.205942,1762.019645,8734.430116
16485.083168,-444.123565,1762.019645,8512.368333
16485.083492,-370.102971,1455.581446,8586.388927
16485.083816,-444.123565,1685.410096,8956.491898
16485.084140,0.000000,919.314598,9104.533087
16485.084465,148.041188,1072.533697,8512.368333
16485.084789,1184.329507,1225.752797,8660.409521
16485.085113,1628.453072,689.485948,9474.636058
16485.085438,666.185348,0.000000,9400.615463
16485.085762,222.061783,-306.438199,9030.512492
16485.086086,1332.370696,-612.876398,9326.594869
16485.086410,888.247130,-995.924147,9474.636058
16485.086735,296.082377,-1532.190996,9622.677246
16485.087059,222.061783,-1762.019645,9252.574275
16485.087383,740.205942,-1991.848295,9474.636058
16485.087708,370.102971,-2068.457845,9918.759623
16485.088032,666.185348,-2451.505594,10066.800811
16485.088356,740.205942,-2374.896044,10140.821405
16485.088680,814.226536,-2451.505594,9844.739029
16485.089005,1406.391290,-2451.505594,10140.821405
16485.089329,2368.659014,-1915.238745,10732.986159
16485.089653,444.123565,-2451.505594,9548.656652
16485.089978,444.123565,-2451.505594,9844.739029
16485.090302,1480.411884,-1991.848295,9918.759623
16485.090626,740.205942,-2221.676944,9844.739029
16485.090950,0.000000,-2221.676944,9770.718434
16485.091275,0.000000,-1532.190996,8808.450710
16485.091599,0.000000,-1149.143247,9030.512492
16485.091923,0.000000,-1149.143247,9030.512492
16485.092248,0.000000,-612.876398,9400.615463
16485.092572,-444.123565,-383.047749,9400.615463
16485.092896,-148.041188,76.609550,9326.594869
16485.093221,444.123565,536.266849,9474.636058
16485.093545,-444.123565,1072.533697,9474.636058
16485.093869,-1110.308913,1072.533697,8956.491898
16485.094193,-888.247130,1455.581446,8586.388927
16485.094518,-444.123565,919.314598,9252.574275
16485.094842,-1628.453072,1302.362347,8956.491898
16485.095166,-1480.411884,1838.629195,8364.327145
16485.095491,-888.247130,1915.238745,8438.347739
16485.095815,-962.267725,2145.067394,8068.244768
16485.096139,-592.164754,2221.676944,8660.409521
16485.096463,0.000000,2757.943793,8586.388927
16485.096787,-444.123565,2374.896044,8808.450710
16485.097112,222.061783,2451.505594,9252.574275
16485.097436,888.247130,2528.115143,9474.636058
16485.097760,0.000000,2451.505594,9400.615463
16485.098085,148.041188,2145.067394,9548.656652
16485.098409,740.205942,2834.553343,9474.636058
16485.098733,74.020594,2834.553343,9770.718434
16485.099057,-592.164754,2221.676944,9474.636058
16485.099382,-296.082377,2911.162892,9252.574275
16485.099706,0.000000,2757.943793,9326.594869
16485.100030,0.000000,2757.943793,9474.636058
16485.100355,0.000000,2604.724693,9622.677246
16485.100679,-592.164754,2451.505594,8660.409521
16485.101003,0.000000,2757.943793,8586.388927
16485.101327,1332.370696,2298.286494,9326.594869
16485.101652,222.061783,1838.629195,9326.594869
16485.101976,-740.205942,1455.581446,8808.450710
16485.102300,0.000000,1149.143247,8808.450710
16485.102624,592.164754,919.314598,9030.512492
16485.102949,-296.082377,459.657299,9030.512492
16485.103273,-148.041188,689.485948,8734.430116
16485.103597,74.020594,612.876398,8364.327145
16485.103922,222.061783,0.000000,9104.533087
16485.104246,370.102971,0.000000,9326.594869
16485.104570,222.061783,-229.828649,8808.450710
16485.104894,74.020594,-459.657299,9030.512492
16485.105219,1110.308913,-153.219100,9400.615463
16485.105543,1702.473667,-842.705048,10140.821405
16485.105867,592.164754,-1608.800546,9474.636058
16485.106191,0.000000,-1838.629195,9474.636058
16485.106516,888.247130,-1838.629195,9918.759623
16485.106840,1036.288319,-1991.848295,10140.821405
16485.107164,-148.041188,-2451.505594,9770.718434
16485.107489,148.041188,-2451.505594,9400.615463
16485.107813,148.041188,-2221.676944,9474.636058
16485.108137,444.123565,-2068.457845,10066.800811
16485.108461,740.205942,-2221.676944,9770.718434
16485.108786,444.123565,-1838.629195,9622.677246
16485.109110,518.144159,-1455.581446,9622.677246
16485.109434,1702.473667,-1378.971896,9992.780217
16485.109759,1258.350101,-1225.752797,9918.759623
16485.110083,74.020594,-1302.362347,10066.800811
16485.110407,370.102971,-919.314598,9474.636058
16485.110731,1036.288319,-1302.362347,9474.636058
16485.111056,0.000000,-1378.971896,9696.697840
16485.111380,-888.247130,-766.095498,9548.656652
16485.111704,-518.144159,-459.657299,9104.533087
16485.112028,-444.123565,0.000000,9178.553681
16485.112353,0.000000,153.219100,9622.677246
16485.112677,-518.144159,1072.533697,9030.512492
16485.113001,-518.144159,1149.143247,9030.512492
16485.113326,370.102971,1915.238745,9104.533087
16485.113650,888.247130,1991.848295,9400.615463
16485.113974,-222.061783,2221.676944,9400.615463
16485.114298,-740.205942,2221.676944,8438.347739
16485.114623,222.061783,1685.410096,8660.409521
16485.114947,-666.185348,2528.115143,8660.409521
16485.115271,-1628.453072,2221.676944,8660.409521
16485.115596,-1628.453072,2528.115143,8586.388927
16485.115920,-962.267725,2681.334243,8364.327145
16485.116244,-1332.370696,2757.943793,8882.471304
16485.116568,-518.144159,3370.820191,9326.594869
16485.116893,-740.205942,3524.039291,8956.491898
16485.117217,-1184.329507,2834.553343,8660.409521
16485.117541,148.041188,3677.258390,9178.553681
16485.117865,-148.041188,3217.601092,9844.739029
16485.118190,-1702.473667,2528.115143,9030.512492
16485.118514,-1628.453072,2681.334243,9474.636058
16485.118838,-296.082377,2451.505594,8956.491898
16485.119163,-1332.370696,2451.505594,9548.656652
16485.119487,-1702.473667,1991.848295,8956.491898
16485.119811,-1332.370696,2528.115143,8660.409521
16485.120135,-666.185348,2451.505594,8956.491898
16485.120460,0.000000,2528.115143,9326.594869
16485.120784,-222.061783,2221.676944,9178.553681
16485.121108,-518.144159,1608.800546,8290.306550
16485.121432,222.061783,2374.896044,8882.471304
16485.121757,1702.473667,2221.676944,8586.388927
16485.122081,1036.288319,1685.410096,8956.491898
16485.122405,0.000000,1072.533697,8734.430116
16485.122730,666.185348,842.705048,8956.491898
16485.123054,888.247130,306.438199,8956.491898
16485.123378,148.041188,0.000000,9104.533087
16485.123702,370.102971,-229.828649,8808.450710
16485.124027,370.102971,-766.095498,8512.368333
16485.124351,222.061783,-1302.362347,9178.553681
16485.124675,740.205942,-1608.800546,9474.636058
16485.125000,592.164754,-1685.410096,9474.636058
16485.125324,148.041188,-2145.067394,9474.636058
16485.125648,1036.288319,-2068.457845,9918.759623
16485.125972,1850.514855,-2221.676944,10658.965565
16485.126297,740.205942,-2451.505594,10214.842000
16485.126621,740.205942,-2681.334243,9992.780217
16485.126945,1406.391290,-2987.772442,10362.883188
16485.127269,1776.494261,-2528.115143,10955.047942
16485.127594,444.123565,-2681.334243,10436.903782
16485.127918,444.123565,-2528.115143,10066.800811
16485.128242,740.205942,-2374.896044,9696.697840
16485.128567,740.205942,-2298.286494,9622.677246
16485.128891,518.144159,-1685.410096,9770.718434
16485.129215,444.123565,-995.924147,9104.533087
16485.129539,518.144159,-689.485948,8586.388927
16485.129864,1480.411884,-306.438199,9474.636058
16485.130188,222.061783,-459.657299,9400.615463
16485.130512,-962.267725,-306.438199,8660.409521
16485.130836,-592.164754,0.000000,8734.430116
16485.131161,0.000000,0.000000,9030.512492
16485.131485,-1628.453072,0.000000,9030.512492
16485.131809,-1998.556043,306.438199,8438.347739
16485.132134,-1406.391290,1072.533697,8290.306550
16485.132458,-1332.370696,1149.143247,8660.409521
16485.132782,-1258.350101,1455.581446,8586.388927
16485.133106,-814.226536,1838.629195,8586.388927
16485.133431,-814.226536,2145.067394,8068.244768
16485.133755,-222.061783,2451.505594,8882.471304
16485.134079,444.123565,2681.334243,9252.574275
16485.134404,-296.082377,2451.505594,9326.594869
16485.134728,-666.185348,2298.286494,9326.594869
16485.135052,0.000000,2681.334243,9548.656652
16485.135376,296.082377,2145.067394,9696.697840
16485.135701,-444.123565,2374.896044,9622.677246
16485.136025,148.041188,2145.067394,9770.718434
16485.136349,-296.082377,2604.724693,9104.533087
16485.136673,0.000000,2681.334243,9474.636058
16485.136998,444.123565,3447.429741,9326.594869
16485.137322,592.164754,3217.601092,9252.574275
16485.137646,0.000000,3447.429741,8734.430116
16485.137971,1110.308913,3753.867940,8660.409521
16485.138295,1036.288319,3064.381992,9030.512492
16485.138619,-296.082377,2681.334243,8808.450710
16485.138943,-518.144159,2298.286494,8364.327145
16485.139268,74.020594,1915.238745,8660.409521
16485.139592,-592.164754,1072.533697,8882.471304
16485.139916,-962.267725,1072.533697,8882.471304
16485.140241,-666.185348,995.924147,8956.491898
16485.140565,0.000000,1378.971896,8956.491898
16485.140889,-296.082377,919.314598,9400.615463
16485.141213,0.000000,842.705048,9326.594869
16485.141538,74.020594,536.266849,9252.574275
16485.141862,592.164754,76.609550,9400.615463
16485.142186,1480.411884,153.219100,9844.739029
16485.142510,740.205942,76.609550,9992.780217
16485.142835,518.144159,-612.876398,9622.677246
16485.143159,888.247130,-612.876398,9696.697840
16485.143483,814.226536,-1149.143247,9844.739029
16485.143808,0.000000,-1838.629195,10066.800811
16485.144132,0.000000,-2068.457845,9474.636058
16485.144456,666.185348,-2068.457845,9400.615463
16485.144780,222.061783,-1991.848295,9178.553681
16485.145105,1258.350101,-1302.362347,9696.697840
16485.145429,592.164754,-2145.067394,9030.512492
16485.145753,740.205942,-2145.067394,9252.574275
16485.146077,2220.617826,-1532.190996,9696.697840
16485.146402,1924.535449,-1915.238745,9474.636058
16485.146726,222.061783,-2374.896044,9474.636058
16485.147050,740.205942,-1838.629195,9770.718434
16485.147375,1628.453072,-1762.019645,9548.656652
16485.147699,592.164754,-1991.848295,9622.677246
16485.148023,-518.144159,-1991.848295,9770.718434
16485.148347,-296.082377,-1608.800546,9474.636058
16485.148672,-296.082377,-1455.581446,9548.656652
16485.148996,-148.041188,-1149.143247,10214.842000
16485.149320,-370.102971,-689.485948,9474.636058
16485.149645,-1332.370696,-383.047749,9400.615463
16485.149969,0.000000,689.485948,9400.615463
16485.150293,1036.288319,842.705048,9770.718434
16485.150617,0.000000,689.485948,9770.718434
16485.150942,-962.267725,1149.143247,8956.491898
16485.151266,0.000000,1378.971896,9030.512492
16485.151590,370.102971,1838.629195,8882.471304
16485.151914,-888.247130,1762.019645,9030.512492
16485.152239,-1628.453072,2221.676944,8364.327145
16485.152563,-740.205942,2145.067394,8734.430116
16485.152887,-888.247130,2451.505594,8734.430116
16485.153212,-740.205942,2911.162892,8734.430116
16485.153536,-888.247130,3064.381992,8512.368333
16485.153860,-1258.350101,3294.210641,7920.203579
16485.154184,-444.123565,3447.429741,8586.388927
16485.154509,814.226536,2987.772442,9548.656652
16485.154833,-1110.308913,3524.039291,9104.533087
16485.155157,-1258.350101,3370.820191,8808.450710
16485.155482,-814.226536,3524.039291,9030.512492
16485.155806,-740.205942,2987.772442,9548.656652
16485.156130,-1406.391290,2834.553343,9474.636058
16485.156454,-1776.494261,3294.210641,9104.533087
16485.156779,-1258.350101,3217.601092,9104.533087
16485.157103,-1184.329507,2834.553343,9474.636058
16485.157427,-592.164754,2681.334243,9548.656652
16485.157751,-962.267725,2987.772442,9178.553681
16485.158076,-296.082377,2757.943793,8734.430116
16485.158400,814.226536,2681.334243,9326.594869
16485.158724,888.247130,2145.067394,9326.594869
16485.159049,-296.082377,2145.067394,8956.491898
16485.159373,518.144159,1838.629195,8438.347739
16485.159697,814.226536,1378.971896,8808.450710
16485.160021,0.000000,612.876398,9104.533087
16485.160346,-296.082377,383.047749,8660.409521
16485.160670,444.123565,0.000000,8438.347739
16485.160994,740.205942,-306.438199,8808.450710
16485.161318,592.164754,-459.657299,9474.636058
16485.161643,592.164754,-383.047749,8808.450710
16485.161967,592.164754,-689.485948,9104.533087
16485.162291,1036.288319,-766.095498,9474.636058
16485.162616,1776.494261,-1302.362347,9696.697840
16485.162940,666.185348,-1991.848295,9992.780217
16485.163264,148.041188,-1762.019645,9622.677246
16485.163588,1036.288319,-1991.848295,9992.780217
16485.163913,962.267725,-2298.286494,10436.903782
16485.164237,74.020594,-2987.772442,10510.924376
16485.164561,148.041188,-2681.334243,10066.800811
16485.164886,518.144159,-2451.505594,10066.800811
16485.165210,518.144159,-2604.724693,10436.903782
16485.165534,962.267725,-2068.457845,10214.842000
16485.165858,74.020594,-2451.505594,9992.780217
16485.166183,814.226536,-2221.676944,10140.821405
16485.166507,1924.535449,-1455.581446,9992.780217
16485.166831,1776.494261,-1455.581446,10288.862594
16485.167155,370.102971,-1378.971896,9474.636058
16485.167480,148.041188,-1378.971896,9474.636058
16485.167804,518.144159,-1532.190996,9474.636058
16485.168128,-296.082377,-842.705048,9400.615463
16485.168453,-666.185348,-842.705048,9400.615463
16485.168777,-888.247130,153.219100,8364.327145
16485.169101,-1036.288319,0.000000,8956.491898
16485.169425,-1332.370696,612.876398,9104.533087
16485.169750,-1110.308913,1378.971896,8734.430116
16485.170074,-1406.391290,919.314598,8364.327145
16485.170398,-518.144159,2221.676944,8734.430116
16485.170723,74.020594,1915.238745,9030.512492
16485.171047,-666.185348,2068.457845,8734.430116
16485.171371,-1480.411884,2298.286494,8734.430116
16485.171695,-666.185348,2528.115143,8808.450710
16485.172020,-222.061783,2374.896044,9252.574275
16485.172344,-1332.370696,2145.067394,8956.491898
16485.172668,-1110.308913,1991.848295,8660.409521
16485.172992,-148.041188,2451.505594,9252.574275
16485.173317,-148.041188,2681.334243,9400.615463
16485.173641,0.000000,2834.553343,9548.656652
16485.173965,444.123565,3294.210641,9696.697840
16485.174290,148.041188,3370.820191,9326.594869
16485.174614,1184.329507,3524.039291,9474.636058
16485.174938,1480.411884,3524.039291,9326.594869
16485.175262,148.041188,2911.162892,9178.553681
16485.175587,0.000000,2528.115143,9030.512492
16485.175911,740.205942,2834.553343,9178.553681
16485.176235,0.000000,2451.505594,9400.615463
16485.176559,-962.267725,1685.410096,8882.471304
16485.176884,-1184.329507,2068.457845,8364.327145
16485.177208,-518.144159,1378.971896,8808.450710
16485.177532,-444.123565,1685.410096,8512.368333
16485.177857,-370.102971,1225.752797,8882.471304
16485.178181,-518.144159,1455.581446,9030.512492
16485.178505,0.000000,1225.752797,8956.491898
16485.178829,1406.391290,919.314598,9326.594869
16485.179154,814.226536,842.705048,9548.656652
16485.179478,148.041188,229.828649,8956.491898
16485.179802,370.102971,0.000000,8956.491898
16485.180127,740.205942,-689.485948,9252.574275
16485.180451,148.041188,-842.705048,9474.636058
16485.180775,-518.144159,-1532.190996,9474.636058
16485.181099,444.123565,-1532.190996,9178.553681
16485.181424,518.144159,-2068.457845,9548.656652
16485.181748,518.144159,-2604.724693,9844.739029
16485.182072,740.205942,-2068.457845,9770.718434
16485.182396,444.123565,-2298.286494,9252.574275
16485.182721,1258.350101,-2068.457845,9770.718434
16485.183045,1998.556043,-2221.676944,10214.842000
16485.183369,1036.288319,-2451.505594,9918.759623
16485.183694,444.123565,-2604.724693,9770.718434
16485.184018,1332.370696,-2145.067394,9770.718434
16485.184342,1332.370696,-2298.286494,10140.821405
16485.184666,0.000000,-2757.943793,9696.697840
16485.184991,-148.041188,-2221.676944,9548.656652
16485.185315,296.082377,-1915.238745,9696.697840
16485.185639,0.000000,-1608.800546,9770.718434
16485.185963,74.020594,-1608.800546,9918.759623
16485.186288,0.000000,-1149.143247,9104.533087
16485.186612,-222.061783,-536.266849,8734.430116
16485.186936,592.164754,229.828649,9474.636058
16485.187261,518.144159,0.000000,9400.615463
16485.187585,-740.205942,0.000000,8882.471304
16485.187909,-592.164754,306.438199,9030.512492
16485.188233,222.061783,689.485948,9178.553681
16485.188558,-592.164754,919.314598,8956.491898
16485.188882,-888.247130,1302.362347,8808.450710
16485.189206,-518.144159,1915.238745,8142.265362
16485.189531,-222.061783,2298.286494,9030.512492
16485.189855,-666.185348,2374.896044,9400.615463
16485.190179,-518.144159,2604.724693,9030.512492
16485.190503,-740.205942,2757.943793,8734.430116
16485.190828,-370.102971,3140.991542,8808.450710
16485.191152,370.102971,3064.381992,9104.533087
16485.191476,-296.082377,3217.601092,9178.553681
16485.191800,-962.267725,3600.648841,8660.409521
16485.192125,-888.247130,3600.648841,8882.471304
16485.192449,-370.102971,3140.991542,9252.574275
16485.192773,-1406.391290,3217.601092,9104.533087
16485.193098,-1480.411884,3370.820191,8882.471304
16485.193422,-1480.411884,3294.210641,8808.450710
16485.193746,-888.247130,3217.601092,8882.471304
16485.194070,-740.205942,3600.648841,9474.636058
16485.194395,-1110.308913,3294.210641,9252.574275
16485.194719,-888.247130,3217.601092,8734.430116
16485.195043,74.020594,3217.601092,9326.594869
16485.195368,444.123565,2451.505594,9548.656652
16485.195692,-740.205942,2528.115143,8660.409521
16485.196016,-888.247130,2604.724693,8734.430116
16485.196340,518.144159,2528.115143,8882.471304
16485.196665,0.000000,1378.971896,9400.615463
16485.196989,-814.226536,766.095498,9030.512492
16485.197313,-518.144159,1225.752797,8586.388927
16485.197638,222.061783,842.705048,9030.512492
16485.197962,74.020594,306.438199,9326.594869
16485.198286,74.020594,459.657299,8956.491898
16485.198610,592.164754,306.438199,8956.491898
16485.198935,1036.288319,0.000000,8808.450710
16485.199259,1776.494261,-383.047749,9622.677246
16485.199583,1036.288319,-995.924147,9696.697840
16485.199908,518.144159,-1225.752797,9326.594869
16485.200232,1036.288319,-1915.238745,9622.677246
16485.200556,1258.350101,-1991.848295,10288.862594
16485.200881,222.061783,-2221.676944,9622.677246
16485.201205,370.102971,-2221.676944,9474.636058
16485.201529,592.164754,-2451.505594,9474.636058
16485.201854,444.123565,-2834.553343,9992.780217
16485.202178,888.247130,-2757.943793,9918.759623
16485.202502,518.144159,-2374.896044,9474.636058
16485.202827,740.205942,-2451.505594,9474.636058
16485.203151,1480.411884,-2528.115143,10140.821405
16485.203475,1628.453072,-2298.286494,10362.883188
16485.203799,444.123565,-2221.676944,10140.821405
16485.204124,296.082377,-2298.286494,9844.739029
16485.204448,1036.288319,-2068.457845,9918.759623
16485.204772,592.164754,-2068.457845,9918.759623
16485.205097,222.061783,-2221.676944,9844.739029
16485.205421,-370.102971,-1072.533697,9474.636058
16485.205745,0.000000,-1072.533697,9326.594869
16485.206070,-296.082377,-536.266849,9622.677246
16485.206394,-370.102971,383.047749,9622.677246
16485.206718,-1110.308913,612.876398,9178.553681
16485.207043,-1036.288319,842.705048,8512.368333
16485.207367,592.164754,1991.848295,9104.533087
16485.207691,-444.123565,1838.629195,9252.574275
16485.208015,-1702.473667,1302.362347,8438.347739
16485.208340,-1184.329507,2068.457845,8364.327145
16485.208664,0.000000,2374.896044,8586.388927
16485.208988,-1184.329507,2374.896044,8882.471304
16485.209313,-1850.514855,2451.505594,8512.368333
16485.209637,-888.247130,2221.676944,7772.162391
16485.209961,-1110.308913,2681.334243,8660.409521
16485.210286,-666.185348,2528.115143,9178.553681
16485.210610,-814.226536,2451.505594,9326.594869
16485.210934,-1036.288319,2681.334243,8882.471304
16485.211259,296.082377,3370.820191,9326.594869
16485.211583,1184.329507,3830.477490,9918.759623
16485.211907,0.000000,3140.991542,9252.574275
16485.212231,0.000000,2834.553343,8734.430116
16485.212556,888.247130,3600.648841,9326.594869
16485.212880,444.123565,2987.772442,9548.656652
16485.213204,-370.102971,2451.505594,9474.636058
16485.213529,-370.102971,2604.724693,8956.491898
16485.213853,74.020594,2451.505594,9104.533087
16485.214177,148.041188,1685.410096,8956.491898
16485.214502,740.205942,1838.629195,9400.615463
16485.214826,296.082377,1762.019645,9326.594869
16485.215150,0.000000,1838.629195,8586.388927
16485.215475,1184.329507,1685.410096,9252.574275
16485.215799,1036.288319,1378.971896,9474.636058
16485.216123,0.000000,842.705048,9252.574275
16485.216448,444.123565,612.876398,9030.512492
16485.216772,1184.329507,766.095498,9178.553681
16485.217096,74.020594,0.000000,9252.574275
16485.217420,-518.144159,-306.438199,8808.450710
16485.217745,-148.041188,-536.266849,8734.430116
16485.218069,148.041188,-995.924147,8956.491898
16485.218393,0.000000,-1532.190996,9474.636058
16485.218718,0.000000,-1532.190996,9474.636058
16485.219042,296.082377,-2451.505594,9548.656652
16485.219366,888.247130,-1378.971896,9474.636058
16485.219691,1776.494261,-1378.971896,10214.842000
16485.220015,592.164754,-2145.067394,10214.842000
16485.220339,518.144159,-2374.896044,9622.677246
16485.220664,1110.308913,-2298.286494,10436.903782
16485.220988,1332.370696,-2451.505594,10214.842000
16485.221312,518.144159,-2528.115143,10214.842000
16485.221636,592.164754,-2604.724693,9178.553681
16485.221961,888.247130,-1991.848295,9696.697840
16485.222285,518.144159,-1915.238745,9770.718434
16485.222609,740.205942,-1762.019645,9992.780217
16485.222934,518.144159,-1762.019645,9992.780217
16485.223258,222.061783,-1378.971896,9252.574275
16485.223582,1480.411884,-1455.581446,9770.718434
16485.223907,592.164754,-1072.533697,9548.656652
16485.224231,-518.144159,-766.095498,9474.636058
16485.224555,-370.102971,-612.876398,8956.491898
16485.224880,0.000000,-536.266849,8956.491898
16485.225204,-740.205942,-459.657299,9326.594869
16485.225528,-1480.411884,0.000000,9104.533087
16485.225852,-1258.350101,766.095498,8290.306550
16485.226177,-592.164754,383.047749,9178.553681
16485.226501,-444.123565,1532.190996,9178.553681
16485.226825,-888.247130,1915.238745,9104.533087
16485.227150,-1036.288319,2221.676944,8734.430116
16485.227474,-148.041188,2451.505594,8956.491898
16485.227798,296.082377,2681.334243,9326.594869
16485.228123,0.000000,2911.162892,9474.636058
16485.228447,-592.164754,2987.772442,8734.430116
16485.228771,0.000000,2604.724693,8882.471304
16485.229096,0.000000,2911.162892,9548.656652
16485.229420,-1184.329507,2757.943793,9252.574275
16485.229744,-1184.329507,3217.601092,8734.430116
16485.230069,-1110.308913,2834.553343,8808.450710
16485.230393,-1036.288319,3064.381992,8808.450710
16485.230717,-592.164754,3140.991542,9178.553681
16485.231041,-1110.308913,2451.505594,8586.388927
16485.231366,-962.267725,3370.820191,9104.533087
16485.231690,-296.082377,3753.867940,9326.594869
16485.232014,74.020594,3600.648841,9326.594869
16485.232339,-740.205942,3064.381992,9474.636058
16485.232663,-518.144159,3294.210641,9770.718434
16485.232987,0.000000,2604.724693,8734.430116
16485.233312,-296.082377,2604.724693,9326.594869
16485.233636,-1184.329507,2374.896044,9030.512492
16485.233960,-1258.350101,1838.629195,8586.388927
16485.234285,-370.102971,2145.067394,9178.553681
16485.234609,-148.041188,1302.362347,9178.553681
16485.234933,0.000000,1149.143247,9400.615463
16485.235257,-296.082377,1532.190996,8808.450710
16485.235582,666.185348,1149.143247,9104.533087
16485.235906,1998.556043,1225.752797,9326.594869
16485.236230,1110.308913,536.266849,9474.636058
16485.236555,148.041188,-229.828649,8882.471304
16485.236879,1110.308913,-153.219100,8956.491898
16485.237203,1480.411884,-536.266849,9400.615463
16485.237528,666.185348,-1302.362347,9178.553681
16485.237852,296.082377,-1455.581446,9474.636058
16485.238176,1110.308913,-1915.238745,8734.430116
16485.238501,1110.308913,-2298.286494,9548.656652
16485.238825,888.247130,-2298.286494,10140.821405
16485.239149,592.164754,-2374.896044,9622.677246
16485.239473,444.123565,-2451.505594,9252.574275
16485.239798,1480.411884,-2221.676944,9844.739029
16485.240122,1776.494261,-2528.115143,10584.944971
16485.240446,296.082377,-3217.601092,9918.759623
16485.240771,370.102971,-2604.724693,10214.842000
16485.241095,666.185348,-2451.505594,10288.862594
16485.241419,592.164754,-2604.724693,10510.924376
16485.241744,-222.061783,-2451.505594,10214.842000
16485.242068,-222.061783,-1685.410096,9400.615463
16485.242392,0.000000,-1685.410096,9400.615463
16485.242717,222.061783,-1302.362347,9474.636058
16485.243041,74.020594,-995.924147,10066.800811
16485.243365,-296.082377,-229.828649,9474.636058
16485.243690,-74.020594,-153.219100,9400.615463
16485.244014,814.226536,306.438199,9548.656652
16485.244338,666.185348,766.095498,9474.636058
16485.244662,-962.267725,536.266849,8808.450710
16485.244987,-740.205942,1455.581446,8586.388927
16485.245311,-148.041188,1225.752797,8734.430116
16485.245635,-888.247130,1225.752797,8512.368333
16485.245960,-1258.350101,1532.190996,8808.450710
16485.246284,-1184.329507,2221.676944,7846.182985
16485.246608,-740.205942,1762.019645,8586.388927
16485.246933,-740.205942,2528.115143,8808.450710
16485.247257,-1110.308913,2451.505594,8438.347739
16485.247581,-814.226536,2528.115143,8216.285956
16485.247906,-148.041188,2911.162892,9474.636058
16485.248230,370.102971,2987.772442,9474.636058
16485.248554,-518.144159,2757.943793,9918.759623
16485.248878,-814.226536,2145.067394,9326.594869
16485.249203,962.267725,1991.848295,9696.697840
16485.249527,444.123565,2834.553343,9400.615463
16485.249851,-370.102971,2451.505594,9770.718434
16485.250176,-518.144159,2757.943793,9252.574275
16485.250500,370.102971,2911.162892,9252.574275
16485.250824,0.000000,2451.505594,9474.636058
16485.251149,370.102971,2911.162892,9178.553681
16485.251473,74.020594,2451.505594,9474.636058
16485.251797,74.020594,2451.505594,8438.347739
16485.252122,1184.329507,2298.286494,9104.533087
16485.252446,1258.350101,1838.629195,9548.656652
16485.252770,-222.061783,1608.800546,9178.553681
16485.253095,148.041188,1378.971896,9030.512492
16485.253419,666.185348,1149.143247,8586.388927
16485.253743,0.000000,459.657299,9104.533087
16485.254067,-814.226536,536.266849,8734.430116
16485.254392,-518.144159,383.047749,8808.450710
16485.254716,0.000000,-229.828649,8734.430116
16485.255040,0.000000,76.609550,9252.574275
16485.255365,0.000000,-306.438199,9178.553681
16485.255689,0.000000,0.000000,8734.430116
16485.256013,370.102971,-1149.143247,9178.553681
16485.256338,1406.391290,-689.485948,9548.656652
16485.256662,666.185348,-1072.533697,9548.656652
16485.256986,222.061783,-2451.505594,9474.636058
16485.257311,962.267725,-1838.629195,9844.739029
16485.257635,888.247130,-2451.505594,9770.718434
16485.257959,296.082377,-2681.334243,10214.842000
16485.258283,296.082377,-2145.067394,9770.718434
16485.258608,1406.391290,-2221.676944,9548.656652
16485.258932,962.267725,-2604.724693,9696.697840
16485.259256,1406.391290,-1915.238745,10288.862594
16485.259581,888.247130,-2145.067394,9770.718434
16485.259905,1110.308913,-2298.286494,9696.697840
16485.260229,1702.473667,-1915.238745,10362.883188
16485.260554,1998.556043,-1608.800546,10362.883188
16485.260878,0.000000,-2068.457845,9844.739029
16485.261202,296.082377,-1378.971896,9622.677246
16485.261527,222.061783,-1225.752797,9030.512492
16485.261851,-296.082377,-1149.143247,9474.636058
16485.262175,-1110.308913,-1225.752797,9252.574275
16485.262499,-962.267725,-612.876398,9030.512492
16485.262824,-592.164754,76.609550,9104.533087
16485.263148,-962.267725,229.828649,9400.615463
16485.263472,-1110.308913,689.485948,9104.533087
16485.263797,-740.205942,306.438199,8734.430116
16485.264121,-370.102971,1532.190996,8956.491898
16485.264445,518.144159,1991.848295,9400.615463
16485.264770,0.000000,2145.067394,9400.615463
16485.265094,-1110.308913,2221.676944,8808.450710
16485.265418,-740.205942,2145.067394,8660.409521
16485.265743,370.102971,2911.162892,9178.553681
16485.266067,-814.226536,2145.067394,9474.636058
16485.266391,-1332.370696,2604.724693,8586.388927
16485.266716,-592.164754,2987.772442,8660.409521
16485.267040,-814.226536,2911.162892,8956.491898
16485.267364,-592.164754,2987.772442,8956.491898
16485.267688,-444.123565,3753.867940,9030.512492
16485.268013,-740.205942,3294.210641,9474.636058
16485.268337,-74.020594,2911.162892,9104.533087
16485.268661,444.123565,3600.648841,9474.636058
16485.268986,-814.226536,3370.820191,9326.594869
16485.269310,-1480.411884,3370.820191,8882.471304
16485.269634,-814.226536,3294.210641,9326.594869
16485.269959,-1036.288319,3140.991542,9696.697840
16485.270283,-1628.453072,2987.772442,9030.512492
16485.270607,-1924.535449,3370.820191,8512.368333
16485.270932,-888.247130,2528.115143,8808.450710
16485.271256,-888.247130,2451.505594,8956.491898
16485.271580,-296.082377,2145.067394,9178.553681
16485.271904,-370.102971,2145.067394,8808.450710
16485.272229,0.000000,1762.019645,8438.347739
16485.272553,740.205942,1608.800546,9548.656652
16485.272877,1480.411884,842.705048,9178.553681
16485.273202,370.102971,536.266849,8956.491898
16485.273526,444.123565,459.657299,8956.491898
16485.273850,1480.411884,0.000000,9252.574275
16485.274175,888.247130,-459.657299,9474.636058
16485.274499,0.000000,-1072.533697,8956.491898
16485.274823,444.123565,0.000000,8808.450710
16485.275148,666.185348,-995.924147,9252.574275
16485.275472,518.144159,-1762.019645,9918.759623
16485.275796,592.164754,-1685.410096,9770.718434
16485.276120,666.185348,-1838.629195,9622.677246
16485.276445,814.226536,-1991.848295,9696.697840
16485.276769,1998.556043,-1378.971896,10658.965565
16485.277093,888.247130,-2451.505594,10658.965565
16485.277418,814.226536,-2221.676944,9844.739029
16485.277742,888.247130,-2451.505594,10066.800811
16485.278066,962.267725,-2681.334243,10140.821405
16485.278391,0.000000,-2757.943793,9992.780217
16485.278715,0.000000,-2528.115143,9474.636058
16485.279039,0.000000,-1915.238745,9474.636058
16485.279364,814.226536,-2298.286494,9548.656652
16485.279688,888.247130,-1532.190996,9770.718434
16485.280012,296.082377,-1455.581446,9252.574275
16485.280337,74.020594,-995.924147,8882.471304
16485.280661,962.267725,-842.705048,9548.656652
16485.280985,1036.288319,-766.095498,9622.677246
16485.281309,-370.102971,-612.876398,9104.533087
16485.281634,-888.247130,0.000000,9178.553681
16485.281958,0.000000,76.609550,8956.491898
16485.282282,0.000000,229.828649,9548.656652
16485.282607,-1554.432478,536.266849,9030.512492
16485.282931,-1406.391290,766.095498,8882.471304
16485.283255,-1110.308913,1149.143247,8956.491898
16485.283580,-666.185348,1378.971896,9252.574275
16485.283904,-740.205942,1762.019645,8660.409521
16485.284228,-1480.411884,2604.724693,8808.450710
16485.284553,-370.102971,2374.896044,9104.533087
16485.284877,518.144159,2681.334243,9400.615463
16485.285201,74.020594,2681.334243,9326.594869
16485.285525,-1036.288319,2451.505594,8956.491898
16485.285850,-592.164754,2987.772442,8956.491898
16485.286174,-148.041188,3064.381992,9104.533087
16485.286498,-666.185348,2911.162892,9474.636058
16485.286823,-814.226536,2374.896044,8512.368333
16485.287147,-592.164754,3140.991542,8438.347739
16485.287471,-222.061783,2681.334243,8808.450710
16485.287796,-296.082377,2757.943793,8956.491898
16485.288120,74.020594,2987.772442,9030.512492
16485.288444,-296.082377,3447.429741,8586.388927
16485.288769,370.102971,3370.820191,9622.677246
16485.289093,740.205942,3064.381992,9474.636058
16485.289417,0.000000,2451.505594,9326.594869
16485.289741,-370.102971,2298.286494,9178.553681
16485.290066,148.041188,1915.238745,9252.574275
16485.290390,148.041188,1378.971896,9474.636058
16485.290714,-444.123565,612.876398,9696.697840
16485.291039,-370.102971,1225.752797,8882.471304
16485.291363,-444.123565,1225.752797,9178.553681
16485.291687,74.020594,995.924147,9178.553681
16485.292012,370.102971,995.924147,9400.615463
16485.292336,222.061783,919.314598,9030.512492
16485.292660,740.205942,383.047749,8734.430116
16485.292985,1776.494261,459.657299,8956.491898
16485.293309,1332.370696,306.438199,9474.636058
16485.293633,-518.144159,-995.924147,8734.430116
16485.293958,814.226536,-1225.752797,9252.574275
16485.294282,1184.329507,-1532.190996,9400.615463
16485.294606,0.000000,-2221.676944,9252.574275
16485.294930,-518.144159,-2298.286494,9326.594869
16485.295255,518.144159,-2374.896044,9178.553681
16485.295579,814.226536,-2528.115143,9474.636058
16485.295903,814.226536,-2987.772442,10362.883188
16485.296228,444.123565,-2528.115143,9622.677246
16485.296552,740.205942,-2451.505594,9770.718434
16485.296876,1776.494261,-2221.676944,10066.800811
16485.297201,2368.659014,-2221.676944,10658.965565
16485.297525,888.247130,-2987.772442,9992.780217
16485.297849,592.164754,-2221.676944,9918.759623
16485.298174,1332.370696,-2068.457845,10436.903782
16485.298498,962.267725,-2145.067394,10140.821405
16485.298822,0.000000,-2298.286494,9992.780217
16485.299147,-222.061783,-1685.410096,9770.718434
16485.299471,-296.082377,-1685.410096,9178.553681
16485.299795,-370.102971,-1225.752797,9548.656652
16485.300119,74.020594,-459.657299,9696.697840
16485.300444,-1036.288319,0.000000,9326.594869
16485.300768,-74.020594,842.705048,8734.430116
16485.301092,222.061783,919.314598,8734.430116
16485.301417,0.000000,1149.143247,8956.491898
16485.301741,-740.205942,1225.752797,8586.388927
16485.302065,-1110.308913,1455.581446,8438.347739
16485.302390,-296.082377,1532.190996,8660.409521
16485.302714,-666.185348,1915.238745,9178.553681
16485.303038,-1406.391290,2374.896044,8660.409521
16485.303363,-1480.411884,2604.724693,8068.244768
16485.303687,-1110.308913,2681.334243,8808.450710
16485.304011,-666.185348,2757.943793,9474.636058
16485.304336,-814.226536,2834.553343,9104.533087
16485.304660,-888.247130,3064.381992,8808.450710
16485.304984,-592.164754,4213.525239,8660.409521
16485.305309,74.020594,3600.648841,9474.636058
16485.305633,-444.123565,3447.429741,9104.533087
16485.305957,-888.247130,3524.039291,9326.594869
16485.306282,-592.164754,3447.429741,9548.656652
16485.306606,-222.061783,3217.601092,9622.677246
16485.306930,-1332.370696,2987.772442,9622.677246
16485.307255,-1480.411884,2834.553343,9400.615463
16485.307579,-1036.288319,2757.943793,8660.409521
16485.307903,-962.267725,3140.991542,9326.594869
16485.308227,0.000000,2528.115143,9178.553681
16485.308552,-888.247130,2911.162892,8882.471304
16485.308876,-740.205942,2528.115143,8364.327145
16485.309200,444.123565,2528.115143,8956.491898
16485.309525,592.164754,2528.115143,8808.450710
16485.309849,-370.102971,2221.676944,8660.409521
16485.310173,-740.205942,1532.190996,8512.368333
16485.310498,740.205942,1225.752797,8660.409521
16485.310822,222.061783,689.485948,9326.594869
16485.311146,-592.164754,383.047749,8956.491898
16485.311471,-222.061783,153.219100,8808.450710
16485.311795,740.205942,0.000000,8438.347739
16485.312119,518.144159,-612.876398,9548.656652
16485.312444,0.000000,-459.657299,9622.677246
16485.312768,740.205942,-1072.533697,9400.615463
16485.313092,1036.288319,-1225.752797,9622.677246
16485.313417,2072.576638,-1302.362347,10066.800811
16485.313741,1332.370696,-1991.848295,10658.965565
16485.314065,518.144159,-1915.238745,9844.739029
16485.314390,1332.370696,-2221.676944,10214.842000
16485.314714,2072.576638,-2451.505594,10436.903782
16485.315038,518.144159,-2757.943793,10436.903782
16485.315362,222.061783,-2834.553343,10140.821405
16485.315687,814.226536,-2451.505594,9474.636058
16485.316011,518.144159,-2987.772442,9992.780217
16485.316335,740.205942,-2068.457845,9770.718434
16485.316660,666.185348,-2374.896044,9918.759623
16485.316984,444.123565,-1838.629195,9252.574275
16485.317308,1184.329507,-1608.800546,9770.718434
16485.317633,1554.432478,-1455.581446,9696.697840
16485.317957,592.164754,-1762.019645,9548.656652
16485.318281,-222.061783,-1378.971896,9178.553681
16485.318606,148.041188,-842.705048,9400.615463
16485.318930,-518.144159,-842.705048,9474.636058
16485.319254,-592.164754,-536.266849,9178.553681
16485.319579,-1036.288319,-383.047749,9104.533087
16485.319903,-1110.308913,0.000000,8956.491898
16485.320227,-962.267725,383.047749,9622.677246
16485.320552,-740.205942,1225.752797,9326.594869
16485.320876,-1258.350101,1915.238745,9178.553681
16485.321200,-740.205942,2145.067394,8364.327145
16485.321525,518.144159,2145.067394,9104.533087
16485.321849,74.020594,2451.505594,8734.430116
16485.322173,-592.164754,2145.067394,9030.512492
16485.322497,-666.185348,2221.676944,8808.450710
16485.322822,222.061783,2681.334243,8882.471304
16485.323146,-666.185348,2528.115143,9104.533087
16485.323470,-1332.370696,2604.724693,8660.409521
16485.323795,-1184.329507,2757.943793,8660.409521
16485.324119,-444.123565,2911.162892,8882.471304
16485.324443,-296.082377,2911.162892,9400.615463
16485.324768,-592.164754,3370.820191,9252.574275
16485.325092,-666.185348,3294.210641,8882.471304
16485.325416,74.020594,3447.429741,8808.450710
16485.325741,888.247130,3907.087040,9474.636058
16485.326065,-592.164754,3294.210641,8808.450710
16485.326389,-518.144159,3677.258390,9178.553681
16485.326714,74.020594,2987.772442,9326.594869
16485.327038,74.020594,2528.115143,9474.636058
16485.327362,-666.185348,2145.067394,9326.594869
16485.327687,-888.247130,2221.676944,9030.512492
16485.328011,0.000000,1762.019645,8956.491898
16485.328335,0.000000,1532.190996,9252.574275
16485.328660,444.123565,1225.752797,9548.656652
16485.328984,370.102971,1762.019645,9104.533087
16485.329308,370.102971,1149.143247,9030.512492
16485.329632,1776.494261,1378.971896,9400.615463
16485.329957,1850.514855,919.314598,9548.656652
16485.330281,222.061783,0.000000,9104.533087
16485.330605,888.247130,-229.828649,8734.430116
16485.330930,1406.391290,-306.438199,9326.594869
16485.331254,444.123565,-1685.410096,9474.636058
16485.331578,-296.082377,-1455.581446,9400.615463
16485.331903,-148.041188,-1685.410096,8956.491898
16485.332227,222.061783,-2221.676944,9178.553681
16485.332551,0.000000,-2221.676944,9770.718434
16485.332876,444.123565,-2221.676944,9252.574275
16485.333200,222.061783,-2145.067394,9400.615463
16485.333524,814.226536,-2374.896044,9918.759623
16485.333849,1924.535449,-2451.505594,10436.903782
16485.334173,962.267725,-2451.505594,10140.821405
16485.334497,518.144159,-2451.505594,9918.759623
16485.334822,1628.453072,-2145.067394,10066.800811
16485.335146,1332.370696,-2451.505594,9844.739029
16485.335470,148.041188,-1991.848295,9992.780217
16485.335795,666.185348,-3064.381992,9918.759623
16485.336119,666.185348,-2145.067394,9770.718434
16485.336443,444.123565,-1762.019645,9844.739029
16485.336768,814.226536,-1838.629195,9770.718434
16485.337092,74.020594,-689.485948,9326.594869
16485.337416,592.164754,-919.314598,9178.553681
16485.337740,592.164754,-229.828649,9474.636058
16485.338065,888.247130,76.609550,9400.615463
16485.338389,-370.102971,229.828649,9104.533087
16485.338713,-888.247130,842.705048,8660.409521
16485.339038,-222.061783,995.924147,8956.491898
16485.339362,-592.164754,1225.752797,8956.491898
16485.339686,-1480.411884,1072.533697,8734.430116
16485.340011,-1998.556043,2068.457845,8512.368333
16485.340335,-1332.370696,2068.457845,8068.244768
16485.340659,-1258.350101,2374.896044,8660.409521
16485.340984,-1184.329507,2604.724693,8956.491898
16485.341308,-1628.453072,2757.943793,8734.430116
16485.341632,-740.205942,3140.991542,8586.388927
16485.341957,592.164754,3140.991542,9252.574275
16485.342281,-370.102971,3447.429741,9252.574275
16485.342605,-1110.308913,3524.039291,8808.450710
16485.342930,-444.123565,3524.039291,9326.594869
16485.343254,0.000000,3217.601092,9400.615463
16485.343578,-962.267725,2987.772442,9622.677246
16485.343903,-1480.411884,3294.210641,9252.574275
16485.344227,-1110.308913,3064.381992,9178.553681
16485.344551,-962.267725,3140.991542,9548.656652
16485.344875,-740.205942,3217.601092,9474.636058
16485.345200,-1110.308913,3217.601092,9474.636058
16485.345524,-962.267725,2757.943793,9030.512492
16485.345848,0.000000,3217.601092,9326.594869
16485.346173,592.164754,3064.381992,9252.574275
16485.346497,-370.102971,2604.724693,8734.430116
16485.346821,-296.082377,2834.553343,8660.409521
16485.347146,370.102971,1838.629195,8808.450710
16485.347470,-148.041188,1762.019645,8734.430116
16485.347794,-666.185348,1149.143247,9104.533087
16485.348119,-518.144159,1455.581446,8438.347739
16485.348443,0.000000,919.314598,8438.347739
16485.348767,370.102971,612.876398,9104.533087
16485.349092,370.102971,612.876398,8586.388927
16485.349416,370.102971,229.828649,8734.430116
16485.349740,740.205942,0.000000,8808.450710
16485.350065,1850.514855,-536.266849,9474.636058
16485.350389,1480.411884,-919.314598,9844.739029
16485.350713,814.226536,-1532.190996,9548.656652
16485.351038,962.267725,-1685.410096,9696.697840
16485.351362,1406.391290,-1991.848295,9918.759623
16485.351686,296.082377,-2451.505594,10214.842000
16485.352010,444.123565,-3064.381992,10066.800811
16485.352335,592.164754,-2911.162892,9918.759623
16485.352659,888.247130,-2987.772442,10288.862594
16485.352983,888.247130,-2911.162892,10584.944971
16485.353308,962.267725,-2987.772442,10584.944971
16485.353632,518.144159,-2987.772442,9474.636058
16485.353956,1776.494261,-1838.629195,9918.759623
16485.354281,2146.597232,-1762.019645,10658.965565
16485.354605,370.102971,-2374.896044,9918.759623
16485.354929,148.041188,-1991.848295,9400.615463
16485.355254,740.205942,-1532.190996,9770.718434
16485.355578,296.082377,-1915.238745,9474.636058
16485.355902,-740.205942,-2221.676944,9178.553681
16485.356227,-1036.288319,-1225.752797,8734.430116
16485.356551,-740.205942,0.000000,8956.491898
16485.356875,-444.123565,-383.047749,9178.553681
16485.357200,-740.205942,0.000000,9326.594869
16485.357524,-1776.494261,459.657299,8882.471304
16485.357848,-1332.370696,919.314598,8734.430116
16485.358173,222.061783,1455.581446,9400.615463
16485.358497,222.061783,1685.410096,9104.533087
16485.358821,-1850.514855,1608.800546,8660.409521
16485.359146,-888.247130,2528.115143,8660.409521
16485.359470,222.061783,2145.067394,8808.450710
16485.359794,-222.061783,2068.457845,9104.533087
16485.360118,-1036.288319,2451.505594,8956.491898
16485.360443,-962.267725,2911.162892,8660.409521
16485.360767,-592.164754,2451.505594,9030.512492
16485.361091,370.102971,2451.505594,9400.615463
16485.361416,0.000000,3140.991542,9326.594869
16485.361740,-222.061783,3064.381992,9104.533087
16485.362064,296.082377,3294.210641,9104.533087
16485.362389,962.267725,3447.429741,9622.677246
16485.362713,0.000000,3983.696590,9252.574275
16485.363037,-370.102971,3217.601092,8512.368333
16485.363362,74.020594,3370.820191,8586.388927
16485.363686,0.000000,2911.162892,9252.574275
16485.364010,-592.164754,2681.334243,9326.594869
16485.364335,-814.226536,2528.115143,8882.471304
16485.364659,-592.164754,2145.067394,8586.388927
16485.364983,-814.226536,1838.629195,9252.574275
16485.365308,444.123565,1378.971896,9252.574275
16485.365632,-518.144159,2068.457845,8808.450710
16485.365956,-444.123565,1608.800546,8586.388927
16485.366281,592.164754,1532.190996,9400.615463
16485.366605,1258.350101,919.314598,9844.739029
16485.366929,0.000000,995.924147,9474.636058
16485.367253,370.102971,459.657299,9326.594869
16485.367578,1258.350101,229.828649,9104.533087
16485.367902,888.247130,0.000000,9844.739029
16485.368226,74.020594,-306.438199,9326.594869
16485.368551,148.041188,-1072.533697,9104.533087
16485.368875,74.020594,-1225.752797,9030.512492
16485.369199,370.102971,-1225.752797,9548.656652
16485.369524,222.061783,-1302.362347,9548.656652
16485.369848,0.000000,-2145.067394,9252.574275
16485.370172,740.205942,-1455.581446,9400.615463
16485.370497,1850.514855,-1455.581446,9548.656652
16485.370821,296.082377,-2221.676944,9622.677246
16485.371145,0.000000,-2451.505594,9326.594869
16485.371470,888.247130,-2374.896044,9622.677246
16485.371794,1480.411884,-2374.896044,9918.759623
16485.372118,222.061783,-3064.381992,9770.718434
16485.372443,0.000000,-2604.724693,9696.697840
16485.372767,592.164754,-2221.676944,9474.636058
16485.373091,1036.288319,-2298.286494,9918.759623
16485.373416,1110.308913,-2221.676944,10066.800811
16485.373740,222.061783,-2221.676944,9992.780217
16485.374064,370.102971,-1532.190996,9474.636058
16485.374388,1036.288319,-1302.362347,9770.718434
16485.374713,1332.370696,-919.314598,9548.656652
16485.375037,74.020594,-766.095498,9696.697840
16485.375361,0.000000,-306.438199,9992.780217
16485.375686,296.082377,-153.219100,9548.656652
16485.376010,148.041188,-229.828649,9844.739029
16485.376334,-740.205942,459.657299,9474.636058
16485.376659,-814.226536,1378.971896,8808.450710
16485.376983,-888.247130,1378.971896,8882.471304
16485.377307,-592.164754,1072.533697,8808.450710
16485.377632,-518.144159,2374.896044,8290.306550
16485.377956,-1258.350101,2451.505594,8734.430116
16485.378280,-888.247130,2757.943793,8216.285956
16485.378605,148.041188,3064.381992,8734.430116
16485.378929,-74.020594,3217.601092,8808.450710
16485.379253,-1554.432478,3524.039291,8364.327145
16485.379578,-740.205942,2987.772442,8364.327145
16485.379902,-814.226536,2911.162892,8364.327145
16485.380226,-1258.350101,3217.601092,9104.533087
16485.380551,-1480.411884,2987.772442,8882.471304
16485.380875,-1036.288319,3064.381992,8660.409521
16485.381199,-1258.350101,3447.429741,9104.533087
16485.381524,-592.164754,3370.820191,9474.636058
16485.381848,0.000000,3830.477490,10288.862594
16485.382172,-962.267725,3677.258390,9252.574275
16485.382496,0.000000,3524.039291,9252.574275
16485.382821,518.144159,3524.039291,9992.780217
16485.383145,-592.164754,3217.601092,9770.718434
16485.383469,-814.226536,2834.553343,9252.574275
16485.383794,-370.102971,2757.943793,9474.636058
16485.384118,0.000000,1915.238745,9178.553681
16485.384442,-1184.329507,1762.019645,8882.471304
16485.384767,-1480.411884,1762.019645,8586.388927
16485.385091,-740.205942,1532.190996,8512.368333
16485.385415,-370.102971,1149.143247,9030.512492
16485.385740,0.000000,1072.533697,8882.471304
16485.386064,-148.041188,995.924147,8586.388927
16485.386388,370.102971,1302.362347,8216.285956
16485.386713,1998.556043,0.000000,8956.491898
16485.387037,1850.514855,306.438199,9030.512492
16485.387361,444.123565,-383.047749,8956.491898
16485.387686,518.144159,-383.047749,8882.471304
16485.388010,1628.453072,-1072.533697,9326.594869
16485.388334,888.247130,-1838.629195,9770.718434
16485.388659,0.000000,-1838.629195,9844.739029
16485.388983,-370.102971,-2145.067394,9252.574275
16485.389307,592.164754,-3064.381992,9918.759623
16485.389631,1036.288319,-2757.943793,10658.965565
16485.389956,814.226536,-2528.115143,10436.903782
16485.390280,74.020594,-2374.896044,10214.842000
16485.390604,1258.350101,-2451.505594,10362.883188
16485.390929,2072.576638,-2451.505594,10807.006753
16485.391253,1406.391290,-2145.067394,10510.924376
16485.391577,444.123565,-2145.067394,9770.718434
16485.391902,1110.308913,-2068.457845,10066.800811
16485.392226,1110.308913,-2221.676944,9992.780217
16485.392550,222.061783,-2068.457845,9992.780217
16485.392875,0.000000,-1915.238745,9252.574275
16485.393199,518.144159,-1532.190996,8882.471304
16485.393523,296.082377,-1072.533697,8882.471304
16485.393848,296.082377,-459.657299,9252.574275
16485.394172,-666.185348,-153.219100,8660.409521
16485.394496,-666.185348,76.609550,8364.327145
16485.394821,148.041188,612.876398,9104.533087
16485.395145,444.123565,612.876398,9178.553681
16485.395469,-1110.308913,995.924147,8734.430116
16485.395794,-1332.370696,842.705048,8660.409521
16485.396118,-444.123565,1378.971896,8956.491898
16485.396442,-370.102971,1072.533697,9326.594869
16485.396766,-1406.391290,1685.410096,9104.533087
16485.397091,-1480.411884,1915.238745,8734.430116
16485.397415,-962.267725,1838.629195,8586.388927
16485.397739,-1184.329507,2451.505594,9104.533087
16485.398064,-370.102971,2221.676944,9622.677246
16485.398388,-518.144159,2604.724693,9030.512492
16485.398712,0.000000,3064.381992,8734.430116
16485.399037,740.205942,3294.210641,9622.677246
16485.399361,370.102971,3294.210641,9770.718434
16485.399685,-592.164754,2987.772442,8956.491898
16485.400010,0.000000,3217.601092,9104.533087
16485.400334,666.185348,3217.601092,8808.450710
16485.400658,-296.082377,3294.210641,9178.553681
16485.400982,-296.082377,2451.505594,8438.347739
16485.401307,0.000000,3064.381992,8586.388927
16485.401631,-222.061783,2528.115143,9178.553681
16485.401955,0.000000,2757.943793,9474.636058
16485.402280,0.000000,2221.676944,8882.471304
16485.402604,0.000000,2604.724693,9030.512492
16485.402928,814.226536,2145.067394,9622.677246
16485.403253,1406.391290,1915.238745,9252.574275
16485.403577,-148.041188,1455.581446,9400.615463
16485.403901,-370.102971,1455.581446,9104.533087
16485.404226,222.061783,995.924147,9326.594869
16485.404550,148.041188,842.705048,9474.636058
16485.404874,0.000000,383.047749,9326.594869
16485.405198,222.061783,459.657299,8882.471304
16485.405523,74.020594,-383.047749,8956.491898
16485.405847,444.123565,-306.438199,9326.594869
16485.406171,962.267725,-383.047749,9696.697840
16485.406496,444.123565,-536.266849,9400.615463
16485.406820,370.102971,-1072.533697,9252.574275
16485.407144,1924.535449,-1149.143247,9844.739029
16485.407469,2294.638420,-1608.800546,10288.862594
16485.407793,592.164754,-2374.896044,9030.512492
16485.408117,814.226536,-1762.019645,9474.636058
16485.408441,1258.350101,-2451.505594,9474.636058
16485.408766,444.123565,-2451.505594,9918.759623
16485.409090,74.020594,-2834.553343,9696.697840
16485.409414,740.205942,-2451.505594,9474.636058
16485.409739,666.185348,-2911.162892,9696.697840
16485.410063,444.123565,-2298.286494,9622.677246
16485.410387,444.123565,-2221.676944,9844.739029
16485.410712,296.082377,-2068.457845,9622.677246
16485.411036,888.247130,-1608.800546,9770.718434
16485.411360,1258.350101,-1532.190996,10066.800811
16485.411684,148.041188,-1455.581446,9696.697840
16485.412009,0.000000,-1378.971896,9770.718434
16485.412333,444.123565,-1302.362347,9474.636058
16485.412657,592.164754,-1149.143247,9696.697840
16485.412982,-740.205942,-995.924147,9696.697840
16485.413306,-1036.288319,-459.657299,9178.553681
16485.413630,-444.123565,-306.438199,9400.615463
16485.413955,-740.205942,459.657299,9474.636058
16485.414279,0.000000,1072.533697,9474.636058
16485.414603,-444.123565,1378.971896,8882.471304
16485.414928,-666.185348,1608.800546,8216.285956
16485.415252,444.123565,2068.457845,9252.574275
16485.415576,592.164754,2298.286494,9104.533087
16485.415900,-740.205942,2221.676944,8808.450710
16485.416225,-888.247130,2757.943793,8142.265362
16485.416549,296.082377,2681.334243,8660.409521
16485.416873,-666.185348,3064.381992,8808.450710
16485.417198,-1480.411884,2681.334243,8660.409521
16485.417522,-1554.432478,3140.991542,8364.327145
16485.417846,-1554.432478,2681.334243,8660.409521
16485.418171,-814.226536,2834.553343,9252.574275
16485.418495,-888.247130,3600.648841,9030.512492
16485.418819,-1776.494261,3064.381992,8512.368333
16485.419143,-1036.288319,2911.162892,8586.388927
16485.419468,444.123565,3830.477490,9326.594869
16485.419792,-444.123565,3677.258390,9548.656652
16485.420116,-1480.411884,2987.772442,9400.615463
16485.420441,-666.185348,3217.601092,9474.636058
16485.420765,-222.061783,2681.334243,9918.759623
16485.421089,-1036.288319,2451.505594,9400.615463
16485.421414,-888.247130,2451.505594,9326.594869
16485.421738,-518.144159,2298.286494,8660.409521
16485.422062,-444.123565,2145.067394,9030.512492
16485.422386,74.020594,2068.457845,9474.636058
16485.422711,0.000000,2068.457845,8808.450710
16485.423035,-370.102971,1608.800546,8512.368333
16485.423359,814.226536,2221.676944,9104.533087
16485.423684,1924.535449,1838.629195,9474.636058
16485.424008,0.000000,1302.362347,8290.306550
16485.424332,74.020594,459.657299,8882.471304
16485.424657,888.247130,306.438199,8808.450710
16485.424981,592.164754,-229.828649,9030.512492
16485.425305,148.041188,-1072.533697,9252.574275
16485.425630,-370.102971,-1225.752797,8956.491898
16485.425954,296.082377,-1302.362347,9178.553681
16485.426278,666.185348,-459.657299,9844.739029
16485.426602,592.164754,-2068.457845,9548.656652
16485.426927,-148.041188,-1991.848295,9622.677246
16485.427251,592.164754,-1915.238745,9770.718434
16485.427575,2368.659014,-1762.019645,10362.883188
16485.427900,1332.370696,-2374.896044,10732.986159
16485.428224,296.082377,-2451.505594,10140.821405
16485.428548,1184.329507,-2374.896044,10288.862594
16485.428873,1702.473667,-2757.943793,9844.739029
16485.429197,814.226536,-2834.553343,10510.924376
16485.429521,296.082377,-2604.724693,10066.800811
16485.429845,444.123565,-2145.067394,9326.594869
16485.430170,518.144159,-2221.676944,9770.718434
16485.430494,888.247130,-1762.019645,9622.677246
16485.430818,592.164754,-766.095498,9400.615463
16485.431143,0.000000,-1149.143247,8586.388927
16485.431467,296.082377,-612.876398,8956.491898
16485.431791,1258.350101,-689.485948,9548.656652
16485.432116,-518.144159,-306.438199,9400.615463
16485.432440,-1184.329507,0.000000,8956.491898
16485.432764,-444.123565,0.000000,8956.491898
16485.433089,-666.185348,306.438199,9400.615463
16485.433413,-1480.411884,459.657299,8956.491898
16485.433737,-1628.453072,1072.533697,8882.471304
16485.434061,-1406.391290,1378.971896,8586.388927
16485.434386,-888.247130,1762.019645,8956.491898
16485.434710,-518.144159,2068.457845,8882.471304
16485.435034,-1110.308913,2451.505594,8882.471304
16485.435359,-592.164754,1838.629195,8142.265362
16485.435683,666.185348,2528.115143,9030.512492
16485.436007,592.164754,2374.896044,9548.656652
16485.436332,-666.185348,2451.505594,9030.512492
16485.436656,-370.102971,2681.334243,9030.512492
16485.436980,888.247130,2757.943793,9400.615463
16485.437304,0.000000,2911.162892,9622.677246
16485.437629,-814.226536,2451.505594,8808.450710
16485.437953,0.000000,2451.505594,8660.409521
16485.438277,0.000000,2604.724693,8882.471304
16485.438602,0.000000,3140.991542,9696.697840
16485.438926,-222.061783,2987.772442,9252.574275
16485.439250,-518.144159,2911.162892,8512.368333
16485.439575,370.102971,2451.505594,9030.512492
16485.439899,1628.453072,3140.991542,9548.656652
16485.440223,-592.164754,2681.334243,9178.553681
16485.440547,0.000000,1455.581446,8956.491898
16485.440872,0.000000,1991.848295,8956.491898
16485.441196,74.020594,1378.971896,9104.533087
16485.441520,-444.123565,1072.533697,9400.615463
16485.441845,-740.205942,919.314598,8882.471304
16485.442169,-74.020594,995.924147,8512.368333
16485.442493,296.082377,995.924147,9178.553681
16485.442818,518.144159,459.657299,8808.450710
16485.443142,444.123565,459.657299,9400.615463
16485.443466,444.123565,0.000000,8660.409521
16485.443791,1258.350101,0.000000,9400.615463
16485.444115,2072.576638,-306.438199,9770.718434
16485.444439,296.082377,-919.314598,9400.615463
16485.444763,148.041188,-1608.800546,9252.574275
16485.445088,1184.329507,-1302.362347,9474.636058
16485.445412,888.247130,-2221.676944,10140.821405
16485.445736,0.000000,-2374.896044,9696.697840
16485.446061,0.000000,-2451.505594,9770.718434
16485.446385,444.123565,-2451.505594,9400.615463
16485.446709,814.226536,-2451.505594,10288.862594
16485.447034,962.267725,-2374.896044,9918.759623
16485.447358,518.144159,-2298.286494,9104.533087
16485.447682,444.123565,-1915.238745,9474.636058
16485.448006,2368.659014,-1838.629195,10214.842000
16485.448331,1406.391290,-1915.238745,10436.903782
16485.448655,0.000000,-1991.848295,9548.656652
16485.448979,296.082377,-1915.238745,9474.636058
16485.449304,1036.288319,-1378.971896,9548.656652
16485.449628,-296.082377,-1685.410096,9696.697840
16485.449952,-740.205942,-1915.238745,9474.636058
16485.450277,-518.144159,-1149.143247,9030.512492
16485.450601,-518.144159,-1225.752797,9474.636058
16485.450925,-518.144159,-612.876398,9696.697840
16485.451249,0.000000,-536.266849,9326.594869
16485.451574,-814.226536,306.438199,8512.368333
16485.451898,74.020594,612.876398,9622.677246
16485.452222,962.267725,1225.752797,9770.718434
16485.452547,-444.123565,1455.581446,9400.615463
16485.452871,-592.164754,1608.800546,9030.512492
16485.453195,0.000000,1991.848295,9030.512492
16485.453520,0.000000,1991.848295,9030.512492
16485.453844,-814.226536,2374.896044,8956.491898
16485.454168,-1406.391290,2528.115143,8364.327145
16485.454493,-740.205942,3294.210641,8364.327145
16485.454817,-888.247130,2451.505594,8956.491898
16485.455141,-444.123565,3064.381992,8734.430116
16485.455465,-1184.329507,3447.429741,9104.533087
16485.455790,-1184.329507,3524.039291,8290.306550
16485.456114,296.082377,3677.258390,9178.553681
16485.456438,296.082377,3600.648841,9178.553681
16485.456763,-1702.473667,3677.258390,8586.388927
16485.457087,-1110.308913,3294.210641,9178.553681
16485.457411,-296.082377,2987.772442,9252.574275
16485.457736,-1406.391290,2757.943793,9622.677246
16485.458060,-1924.535449,2604.724693,9400.615463
16485.458384,-1554.432478,2911.162892,8882.471304
16485.458708,-518.144159,2681.334243,8956.491898
16485.459033,-666.185348,2911.162892,9622.677246
16485.459357,-518.144159,2604.724693,9400.615463
16485.459681,-296.082377,2451.505594,8882.471304
16485.460006,222.061783,2374.896044,9252.574275
16485.460330,1184.329507,2604.724693,9548.656652
16485.460654,444.123565,1991.848295,9326.594869
16485.460979,-148.041188,1225.752797,8808.450710
16485.461303,666.185348,1455.581446,8808.450710
16485.461627,444.123565,842.705048,9104.533087
16485.461951,0.000000,536.266849,8956.491898
16485.462276,-444.123565,229.828649,8586.388927
16485.462600,74.020594,0.000000,8660.409521
16485.462924,888.247130,-459.657299,9400.615463
16485.463249,444.123565,-536.266849,9770.718434
16485.463573,666.185348,-919.314598,9178.553681
16485.463897,518.144159,-919.314598,9104.533087
16485.464222,1332.370696,-1072.533697,9474.636058
16485.464546,1776.494261,-1762.019645,9918.759623
16485.464870,370.102971,-2145.067394,9844.739029
16485.465195,74.020594,-2145.067394,9548.656652
16485.465519,1406.391290,-2451.505594,9770.718434
16485.465843,888.247130,-2911.162892,10362.883188
16485.466167,-222.061783,-3064.381992,10214.842000
16485.466492,592.164754,-2757.943793,10066.800811
16485.466816,666.185348,-2604.724693,9918.759623
16485.467140,740.205942,-2451.505594,10436.903782
16485.467465,740.205942,-2145.067394,9992.780217
16485.467789,296.082377,-1991.848295,9770.718434
16485.468113,1184.329507,-1685.410096,9474.636058
16485.468438,1628.453072,-1225.752797,10066.800811
16485.468762,1036.288319,-1072.533697,9770.718434
16485.469086,0.000000,-1072.533697,9104.533087
16485.469410,0.000000,-842.705048,9252.574275
16485.469735,222.061783,-612.876398,9326.594869
16485.470059,-592.164754,229.828649,9474.636058
16485.470383,-666.185348,-153.219100,8808.450710
16485.470708,-740.205942,306.438199,8586.388927
16485.471032,-1258.350101,842.705048,8808.450710
16485.471356,-740.205942,1225.752797,9252.574275
16485.471681,-814.226536,1532.190996,8660.409521
16485.472005,-1184.329507,2068.457845,8216.285956
16485.472329,-370.102971,2221.676944,8512.368333
16485.472654,814.226536,2604.724693,8956.491898
16485.472978,-592.164754,2451.505594,8734.430116
16485.473302,-1332.370696,2145.067394,8660.409521
16485.473626,-444.123565,2834.553343,9104.533087
16485.473951,-370.102971,2604.724693,9030.512492
16485.474275,-1258.350101,1838.629195,9252.574275
16485.474599,-1702.473667,3064.381992,8586.388927
16485.474924,-962.267725,3140.991542,9178.553681
16485.475248,74.020594,2681.334243,9548.656652
16485.475572,74.020594,3217.601092,9844.739029
16485.475897,-222.061783,3294.210641,9474.636058
16485.476221,222.061783,3447.429741,9252.574275
16485.476545,1702.473667,3447.429741,9548.656652
16485.476869,1258.350101,3753.867940,9474.636058
16485.477194,-444.123565,3140.991542,8882.471304
16485.477518,148.041188,2911.162892,8512.368333
16485.477842,740.205942,2451.505594,9252.574275
16485.478167,-518.144159,2221.676944,9400.615463
16485.478491,-888.247130,1378.971896,8660.409521
16485.478815,-740.205942,1455.581446,8142.265362
16485.479140,-740.205942,1532.190996,8808.450710
16485.479464,-148.041188,1762.019645,8586.388927
16485.479788,-296.082377,1302.362347,8438.347739
16485.480112,-370.102971,766.095498,8512.368333
16485.480437,444.123565,919.314598,8808.450710
16485.480761,1258.350101,612.876398,9326.594869
16485.481085,592.164754,229.828649,9326.594869
16485.481410,444.123565,0.000000,9326.594869
16485.481734,1110.308913,-536.266849,9770.718434
16485.482058,1258.350101,-1685.410096,9622.677246
16485.482383,518.144159,-1608.800546,10066.800811
16485.482707,74.020594,-1608.800546,9844.739029
16485.483031,222.061783,-1915.238745,9548.656652
16485.483356,740.205942,-2374.896044,9770.718434
16485.483680,1702.473667,-2221.676944,10288.862594
16485.484004,888.247130,-1915.238745,9548.656652
16485.484328,666.185348,-2298.286494,9474.636058
16485.484653,2146.597232,-2221.676944,9696.697840
16485.484977,1924.535449,-1685.410096,10066.800811
16485.485301,888.247130,-2221.676944,9918.759623
16485.485626,518.144159,-2298.286494,9326.594869
16485.485950,1554.432478,-1991.848295,9548.656652
16485.486274,592.164754,-2145.067394,9622.677246
16485.486599,-740.205942,-2528.115143,9400.615463
16485.486923,0.000000,-1915.238745,9622.677246
16485.487247,-148.041188,-1762.019645,9178.553681
16485.487571,0.000000,-1762.019645,9622.677246
16485.487896,-518.144159,-1302.362347,9622.677246
16485.488220,-518.144159,-612.876398,8956.491898
16485.488544,296.082377,-536.266849,9252.574275
16485.488869,962.267725,0.000000,9770.718434
16485.489193,0.000000,229.828649,9844.739029
16485.489517,-592.164754,612.876398,9474.636058
16485.489842,74.020594,919.314598,9326.594869
16485.490166,-222.061783,1072.533697,9326.594869
16485.490490,-518.144159,1532.190996,9548.656652
16485.490814,-1258.350101,1608.800546,8660.409521
16485.491139,-592.164754,1685.410096,8438.347739
16485.491463,-592.164754,1991.848295,9030.512492
16485.491787,-592.164754,2221.676944,9178.553681
16485.492112,-592.164754,2528.115143,8882.471304
16485.492436,-888.247130,2911.162892,8438.347739
16485.492760,0.000000,3294.210641,8808.450710
16485.493085,74.020594,3064.381992,9178.553681
16485.493409,-962.267725,2987.772442,8586.388927
16485.493733,-814.226536,3217.601092,8956.491898
16485.494058,-444.123565,3447.429741,8882.471304
16485.494382,-888.247130,2757.943793,9104.533087
16485.494706,-1406.391290,2757.943793,9178.553681
16485.495030,-1480.411884,3140.991542,8808.450710
16485.495355,-1258.350101,2911.162892,8808.450710
16485.495679,-1184.329507,3907.087040,9400.615463
16485.496003,-962.267725,3447.429741,9400.615463
16485.496328,-1554.432478,3217.601092,8956.491898
16485.496652,-666.185348,2834.553343,9030.512492
16485.496976,222.061783,2987.772442,9400.615463
16485.497301,0.000000,2834.553343,9400.615463
16485.497625,-888.247130,2604.724693,8734.430116
16485.497949,-1332.370696,2834.553343,8734.430116
16485.498273,74.020594,1915.238745,8808.450710
16485.498598,-518.144159,1378.971896,9326.594869
16485.498922,-592.164754,919.314598,8882.471304
16485.499246,-222.061783,766.095498,8734.430116
16485.499571,0.000000,536.266849,8882.471304
16485.499895,0.000000,0.000000,9474.636058
16485.500219,518.144159,459.657299,8882.471304
16485.500544,740.205942,229.828649,8660.409521
16485.500868,1110.308913,-306.438199,9548.656652
16485.501192,1924.535449,-689.485948,9844.739029
16485.501516,814.226536,-995.924147,9622.677246
16485.501841,222.061783,-1762.019645,9104.533087
16485.502165,888.247130,-1149.143247,9696.697840
16485.502489,814.226536,-1915.238745,10066.800811
16485.502814,222.061783,-2298.286494,9844.739029
16485.503138,0.000000,-2604.724693,9918.759623
16485.503462,518.144159,-2681.334243,9622.677246
16485.503787,814.226536,-2911.162892,10510.924376
16485.504111,962.267725,-2834.553343,10362.883188
16485.504435,518.144159,-2451.505594,9474.636058
16485.504760,592.164754,-2068.457845,9696.697840
16485.505084,2220.617826,-1991.848295,10584.944971
16485.505408,1480.411884,-2298.286494,10214.842000
16485.505733,296.082377,-2145.067394,9844.739029
16485.506057,814.226536,-1532.190996,9548.656652
16485.506381,1258.350101,-1378.971896,9474.636058
16485.506705,370.102971,-1608.800546,9844.739029
16485.507030,-370.102971,-1685.410096,8956.491898
16485.507354,-222.061783,-919.314598,8734.430116
16485.507678,74.020594,-459.657299,9326.594869
16485.508003,-222.061783,-153.219100,9770.718434
16485.508327,-592.164754,459.657299,9178.553681
16485.508651,-1036.288319,919.314598,9030.512492
16485.508976,-370.102971,1149.143247,8808.450710
16485.509300,666.185348,1608.800546,9252.574275
16485.509624,-666.185348,2068.457845,9030.512492
16485.509949,-1258.350101,1991.848295,8142.265362
16485.510273,-962.267725,1915.238745,8660.409521
16485.510597,-962.267725,1915.238745,8734.430116
16485.510922,-1480.411884,2145.067394,9178.553681
16485.511246,-1628.453072,2528.115143,8586.388927
16485.511570,-1554.432478,2451.505594,8660.409521
16485.511894,-1406.391290,2221.676944,9104.533087
16485.512219,-370.102971,2987.772442,9252.574275
16485.512543,-592.164754,3447.429741,9104.533087
16485.512867,-370.102971,3064.381992,8734.430116
16485.513192,740.205942,3600.648841,9622.677246
16485.513516,740.205942,3524.039291,9474.636058
16485.513840,0.000000,3370.820191,9474.636058
16485.514165,0.000000,3370.820191,9030.512492
16485.514489,740.205942,3600.648841,9474.636058
16485.514813,0.000000,3140.991542,9400.615463
16485.515138,-296.082377,2374.896044,9326.594869
16485.515462,-592.164754,2298.286494,8512.368333
16485.515786,-296.082377,2221.676944,9104.533087
16485.516111,-148.041188,2451.505594,9252.574275
16485.516435,0.000000,1991.848295,8956.491898
16485.516759,-222.061783,2145.067394,8586.388927
16485.517083,1036.288319,2068.457845,8734.430116
16485.517408,1628.453072,1838.629195,9178.553681
16485.517732,148.041188,1225.752797,9326.594869
16485.518056,-370.102971,766.095498,8956.491898
16485.518381,1110.308913,766.095498,8956.491898
16485.518705,814.226536,536.266849,9178.553681
16485.519029,0.000000,-689.485948,9178.553681
16485.519354,-222.061783,-383.047749,8586.388927
16485.519678,370.102971,-1072.533697,8956.491898
16485.520002,296.082377,-1378.971896,9548.656652
16485.520327,444.123565,-1685.410096,9622.677246
16485.520651,444.123565,-1838.629195,9474.636058
16485.520975,0.000000,-2068.457845,9400.615463
16485.521299,1924.535449,-1991.848295,9696.697840
16485.521624,2294.638420,-1762.019645,10066.800811
16485.521948,0.000000,-2528.115143,9696.697840
16485.522272,370.102971,-2604.724693,9696.697840
16485.522597,1702.473667,-2298.286494,10066.800811
16485.522921,1036.288319,-2987.772442,10214.842000
16485.523245,444.123565,-3217.601092,9918.759623
16485.523570,222.061783,-1762.019645,9178.553681
16485.523894,148.041188,-2528.115143,9178.553681
16485.524218,814.226536,-2145.067394,10288.862594
16485.524543,444.123565,-1915.238745,9992.780217
16485.524867,-222.061783,-1532.190996,9474.636058
16485.525191,444.123565,-1302.362347,9474.636058
16485.525516,1184.329507,-612.876398,9770.718434
16485.525840,444.123565,-689.485948,9622.677246
16485.526164,-296.082377,-689.485948,9622.677246
16485.526488,-518.144159,-536.266849,9104.533087
16485.526813,0.000000,0.000000,9400.615463
16485.527137,-962.267725,306.438199,9400.615463
16485.527461,-1332.370696,306.438199,8734.430116
16485.527786,-962.267725,919.314598,8364.327145
16485.528110,-592.164754,1608.800546,8660.409521
16485.528434,-740.205942,1685.410096,9030.512492
16485.528759,-962.267725,1455.581446,8734.430116
16485.529083,-962.267725,2221.676944,8660.409521
16485.529407,0.000000,2834.553343,8882.471304
16485.529732,666.185348,2757.943793,9252.574275
16485.530056,-592.164754,2604.724693,9252.574275
16485.530380,-962.267725,3217.601092,8512.368333
16485.530705,74.020594,2911.162892,8956.491898
16485.531029,0.000000,3294.210641,9104.533087
16485.531353,-1036.288319,3217.601092,9252.574275
16485.531677,-1110.308913,3370.820191,8956.491898
16485.532002,-962.267725,3294.210641,8882.471304
16485.532326,-740.205942,3217.601092,9252.574275
16485.532650,-518.144159,3907.087040,9326.594869
16485.532975,-1258.350101,3524.039291,9030.512492
16485.533299,-740.205942,2757.943793,9178.553681
16485.533623,0.000000,3600.648841,9326.594869
16485.533948,0.000000,3447.429741,9474.636058
16485.534272,-1406.391290,2757.943793,8956.491898
16485.534596,-1036.288319,3294.210641,8660.409521
16485.534921,0.000000,2681.334243,8734.430116
16485.535245,-666.185348,1685.410096,8956.491898
16485.535569,-1480.411884,1838.629195,8586.388927
16485.535893,-1036.288319,1608.800546,8438.347739
16485.536218,-518.144159,1072.533697,8956.491898
16485.536542,0.000000,919.314598,9400.615463
16485.536866,0.000000,995.924147,9326.594869
16485.537191,-148.041188,1072.533697,9030.512492
16485.537515,518.144159,842.705048,8882.471304
16485.537839,2220.617826,306.438199,9474.636058
16485.538164,1184.329507,0.000000,9844.739029
16485.538488,592.164754,-459.657299,9252.574275
16485.538812,1110.308913,-689.485948,9474.636058
16485.539137,1332.370696,-766.095498,9844.739029
16485.539461,740.205942,-1455.581446,10288.862594
16485.539785,0.000000,-2068.457845,9474.636058
16485.540110,592.164754,-1838.629195,9252.574275
16485.540434,518.144159,-2298.286494,10066.800811
16485.540758,296.082377,-2528.115143,9844.739029
16485.541082,592.164754,-2451.505594,9770.718434
16485.541407,518.144159,-2374.896044,9548.656652
16485.541731,1702.473667,-2145.067394,9844.739029
16485.542055,1406.391290,-2681.334243,10288.862594
16485.542380,370.102971,-2298.286494,9622.677246
16485.542704,518.144159,-2068.457845,9622.677246
16485.543028,1110.308913,-2145.067394,9770.718434
16485.543353,444.123565,-2221.676944,9844.739029
16485.543677,-296.082377,-2298.286494,9548.656652
16485.544001,0.000000,-2298.286494,9326.594869
16485.544326,0.000000,-1378.971896,9326.594869
16485.544650,0.000000,-689.485948,9992.780217
16485.544974,-444.123565,-612.876398,9474.636058
16485.545299,-370.102971,-459.657299,9252.574275
16485.545623,-148.041188,153.219100,9400.615463
16485.545947,592.164754,842.705048,9548.656652
16485.546271,-370.102971,1149.143247,9474.636058
16485.546596,-1110.308913,1302.362347,8438.347739
16485.546920,-1110.308913,2298.286494,8734.430116
16485.547244,-222.061783,1685.410096,8808.450710
16485.547569,-1258.350101,1991.848295,8734.430116
16485.547893,-1628.453072,2145.067394,8142.265362
16485.548217,-962.267725,2528.115143,8068.244768
16485.548542,-1332.370696,2757.943793,8660.409521
16485.548866,-592.164754,2604.724693,8438.347739
16485.549190,-666.185348,2911.162892,8882.471304
16485.549515,-740.205942,3064.381992,8512.368333
16485.549839,148.041188,3217.601092,9030.512492
16485.550163,814.226536,2987.772442,9696.697840
16485.550487,-370.102971,2834.553343,9474.636058
16485.550812,-962.267725,2987.772442,9178.553681
16485.551136,592.164754,2528.115143,9326.594869
16485.551460,518.144159,2681.334243,9178.553681
16485.551785,-370.102971,2528.115143,9252.574275
16485.552109,-370.102971,2911.162892,9326.594869
16485.552433,-370.102971,2451.505594,9030.512492
16485.552758,0.000000,2374.896044,9474.636058
16485.553082,592.164754,2451.505594,9770.718434
16485.553406,-296.082377,2068.457845,8956.491898
16485.553731,0.000000,2298.286494,9030.512492
16485.554055,1850.514855,2451.505594,9178.553681
16485.554379,962.267725,1685.410096,9104.533087
16485.554704,-592.164754,995.924147,8882.471304
16485.555028,74.020594,1225.752797,8808.450710
16485.555352,1036.288319,995.924147,8882.471304
16485.555676,-296.082377,383.047749,9030.512492
16485.556001,-740.205942,306.438199,8808.450710
16485.556325,296.082377,383.047749,8438.347739
16485.556649,222.061783,76.609550,8660.409521
16485.556974,74.020594,-689.485948,8882.471304
16485.557298,222.061783,-766.095498,9178.553681
16485.557622,0.000000,-919.314598,9030.512492
16485.557947,888.247130,-919.314598,9400.615463
16485.558271,1554.432478,-1225.752797,9992.780217
16485.558595,148.041188,-2145.067394,9770.718434
16485.558920,370.102971,-2451.505594,9474.636058
16485.559244,888.247130,-2068.457845,9844.739029
16485.559568,444.123565,-2757.943793,10140.821405
16485.559893,0.000000,-2757.943793,10288.862594
16485.560217,148.041188,-2451.505594,9548.656652
16485.560541,888.247130,-2451.505594,9400.615463
16485.560865,592.164754,-1915.238745,10288.862594
16485.561190,962.267725,-2298.286494,10140.821405
16485.561514,888.247130,-1608.800546,9622.677246
16485.561838,888.247130,-1991.848295,9770.718434
16485.562163,1480.411884,-1378.971896,10362.883188
16485.562487,1480.411884,-995.924147,10362.883188
16485.562811,-296.082377,-995.924147,9474.636058
16485.563136,0.000000,-1149.143247,9548.656652
16485.563460,962.267725,-612.876398,9104.533087
16485.563784,-518.144159,-766.095498,9474.636058
16485.564109,-1110.308913,-536.266849,8956.491898
16485.564433,-814.226536,0.000000,8660.409521
16485.564757,-740.205942,153.219100,8882.471304
16485.565081,-666.185348,536.266849,9252.574275
16485.565406,-518.144159,842.705048,8586.388927
16485.565730,-814.226536,1608.800546,8364.327145
16485.566054,-148.041188,1915.238745,8734.430116
16485.566379,666.185348,2451.505594,9474.636058
16485.566703,-296.082377,2221.676944,9178.553681
16485.567027,-962.267725,2145.067394,8956.491898
16485.567352,0.000000,2911.162892,9622.677246
16485.567676,-444.123565,2451.505594,9548.656652
16485.568000,-740.205942,2374.896044,9104.533087
16485.568325,-1036.288319,2757.943793,8882.471304
16485.568649,-888.247130,2757.943793,8882.471304
16485.568973,-814.226536,2834.553343,9104.533087
16485.569298,-666.185348,3370.820191,9400.615463
16485.569622,-888.247130,3370.820191,8808.450710
16485.569946,-518.144159,3983.696590,8808.450710
16485.570270,296.082377,3907.087040,9474.636058
16485.570595,222.061783,3600.648841,9548.656652
16485.570919,-1184.329507,2911.162892,9400.615463
16485.571243,-1036.288319,3217.601092,9104.533087
16485.571568,-444.123565,2987.772442,9474.636058
16485.571892,-814.226536,2604.724693,9030.512492
16485.572216,-1332.370696,2757.943793,8882.471304
16485.572541,-1702.473667,2604.724693,8142.265362
16485.572865,-444.123565,1838.629195,8660.409521
16485.573189,-370.102971,1762.019645,9400.615463
16485.573514,-444.123565,1991.848295,8882.471304
16485.573838,-666.185348,1762.019645,8956.491898
16485.574162,74.020594,1838.629195,8882.471304
16485.574487,1332.370696,1608.800546,9178.553681
16485.574811,370.102971,1685.410096,9178.553681
16485.575135,0.000000,689.485948,8882.471304
16485.575459,518.144159,0.000000,8734.430116
16485.575784,888.247130,-306.438199,9252.574275
16485.576108,370.102971,-919.314598,9622.677246
16485.576432,0.000000,-995.924147,9178.553681
16485.576757,518.144159,-1455.581446,9178.553681
16485.577081,518.144159,-1762.019645,9474.636058
16485.577405,1258.350101,-1455.581446,9770.718434
16485.577730,740.205942,-1915.238745,9844.739029
16485.578054,888.247130,-1762.019645,9474.636058
16485.578378,2072.576638,-2145.067394,9918.759623
16485.578703,2294.638420,-1838.629195,10288.862594
16485.579027,888.247130,-2145.067394,9992.780217
16485.579351,740.205942,-2374.896044,9770.718434
16485.579676,1702.473667,-1991.848295,9918.759623
16485.580000,1036.288319,-2451.505594,10214.842000
16485.580324,0.000000,-2451.505594,9844.739029
16485.580648,-296.082377,-2451.505594,9474.636058
16485.580973,0.000000,-1838.629195,9474.636058
16485.581297,444.123565,-1838.629195,9770.718434
16485.581621,74.020594,-1302.362347,9474.636058
16485.581946,-444.123565,-995.924147,9252.574275
16485.582270,74.020594,-689.485948,9400.615463
16485.582594,1184.329507,-229.828649,9548.656652
16485.582919,370.102971,-306.438199,9622.677246
16485.583243,-888.247130,-153.219100,9178.553681
16485.583567,-592.164754,0.000000,8956.491898
16485.583892,-592.164754,459.657299,9252.574275
16485.584216,-666.185348,306.438199,9400.615463
16485.584540,-1036.288319,1225.752797,9030.512492
16485.584864,-1480.411884,1072.533697,8438.347739
16485.585189,-962.267725,1455.581446,8660.409521
16485.585513,-518.144159,2068.457845,9400.615463
16485.585837,-296.082377,2145.067394,8512.368333
16485.586162,-888.247130,2911.162892,8216.285956
16485.586486,-296.082377,3370.820191,8734.430116
16485.586810,444.123565,2987.772442,9252.574275
16485.587135,-518.144159,2681.334243,9178.553681
16485.587459,-1036.288319,2451.505594,8808.450710
16485.587783,-296.082377,2987.772442,9178.553681
16485.588108,0.000000,2298.286494,9400.615463
16485.588432,-1036.288319,2298.286494,9252.574275
16485.588756,-444.123565,2451.505594,9252.574275
16485.589081,-592.164754,2681.334243,9178.553681
16485.589405,-518.144159,3064.381992,9104.533087
16485.589729,296.082377,2911.162892,9474.636058
16485.590053,-370.102971,3140.991542,9326.594869
16485.590378,-444.123565,2604.724693,8586.388927
16485.590702,1554.432478,3677.258390,9178.553681
16485.591026,1480.411884,2528.115143,9770.718434
16485.591351,-370.102971,1838.629195,8438.347739
16485.591675,0.000000,2068.457845,9178.553681
16485.591999,1184.329507,1378.971896,9252.574275
16485.592324,222.061783,919.314598,9474.636058
16485.592648,-148.041188,1149.143247,9474.636058
16485.592972,222.061783,1225.752797,8734.430116
16485.593297,666.185348,612.876398,9178.553681
16485.593621,74.020594,306.438199,9178.553681
16485.593945,296.082377,459.657299,9548.656652
16485.594270,222.061783,0.000000,8956.491898
16485.594594,592.164754,76.609550,8882.471304
16485.594918,1850.514855,76.609550,9474.636058
16485.595242,1332.370696,-459.657299,9474.636058
16485.595567,0.000000,-995.924147,8734.430116
16485.595891,740.205942,-995.924147,9252.574275
16485.596215,888.247130,-1608.800546,9474.636058
16485.596540,-222.061783,-2221.676944,9548.656652
16485.596864,0.000000,-2451.505594,9474.636058
16485.597188,518.144159,-2068.457845,9178.553681
16485.597513,370.102971,-2528.115143,9992.780217
16485.597837,740.205942,-2298.286494,10140.821405
16485.598161,1406.391290,-2374.896044,9992.780217
16485.598486,814.226536,-2451.505594,9696.697840
16485.598810,1702.473667,-2145.067394,10436.903782
16485.599134,2294.638420,-1991.848295,10658.965565
16485.599458,518.144159,-1991.848295,10140.821405
16485.599783,296.082377,-2068.457845,9992.780217
16485.600107,1702.473667,-1532.190996,9992.780217
16485.600431,518.144159,-2145.067394,9844.739029
16485.600756,-1110.308913,-2068.457845,9548.656652
16485.601080,-666.185348,-1532.190996,9252.574275
16485.601404,-296.082377,-1149.143247,9326.594869
16485.601729,-592.164754,-842.705048,9696.697840
16485.602053,-592.164754,0.000000,9104.533087
16485.602377,-888.247130,153.219100,8882.471304
16485.602701,-592.164754,1072.533697,8882.471304
16485.603026,370.102971,1072.533697,8734.430116
16485.603350,0.000000,1532.190996,8956.491898
16485.603674,-888.247130,1225.752797,8290.306550
16485.603999,-518.144159,2221.676944,8438.347739
16485.604323,0.000000,2374.896044,9252.574275
16485.604647,-1036.288319,2145.067394,8734.430116
16485.604972,-1480.411884,2374.896044,8512.368333
16485.605296,-888.247130,2451.505594,8512.368333
16485.605620,-1258.350101,2374.896044,9030.512492
16485.605944,-740.205942,2604.724693,9400.615463
16485.606269,-518.144159,3370.820191,9178.553681
16485.606593,-962.267725,3140.991542,8512.368333
16485.606917,74.020594,2987.772442,9326.594869
16485.607242,962.267725,3907.087040,9474.636058
16485.607566,-222.061783,3294.210641,9548.656652
16485.607890,-1110.308913,3140.991542,9474.636058
16485.608215,0.000000,3524.039291,9474.636058
16485.608539,-222.061783,3064.381992,9844.739029
16485.608863,-1258.350101,2528.115143,9400.615463
16485.609187,-962.267725,2987.772442,9326.594869
16485.609512,-888.247130,3370.820191,8660.409521
16485.609836,-888.247130,2528.115143,8808.450710
16485.610160,-148.041188,2528.115143,9104.533087
16485.610485,-444.123565,2681.334243,8734.430116
16485.610809,-518.144159,2221.676944,8290.306550
16485.611133,888.247130,2374.896044,8882.471304
16485.611458,666.185348,2221.676944,9178.553681
16485.611782,-666.185348,1838.629195,8438.347739
16485.612106,-148.041188,1608.800546,8512.368333
16485.612430,814.226536,1072.533697,8734.430116
16485.612755,74.020594,383.047749,9252.574275
16485.613079,-592.164754,-229.828649,9326.594869
16485.613403,0.000000,-153.219100,8734.430116
16485.613728,296.082377,-459.657299,8808.450710
16485.614052,444.123565,-919.314598,10140.821405
16485.614376,814.226536,-1302.362347,9844.739029
16485.614701,518.144159,-1225.752797,9548.656652
16485.615025,1110.308913,-1149.143247,9992.780217
16485.615349,1998.556043,-1455.581446,10436.903782
16485.615673,1110.308913,-2068.457845,10288.862594
16485.615998,518.144159,-2374.896044,10362.883188
16485.616322,1184.329507,-2528.115143,9844.739029
16485.616646,1554.432478,-2451.505594,10510.924376
16485.616971,148.041188,-2681.334243,10066.800811
16485.617295,222.061783,-2451.505594,9696.697840
16485.617619,518.144159,-2374.896044,9696.697840
16485.617944,296.082377,-2374.896044,9474.636058
16485.618268,518.144159,-2528.115143,9548.656652
16485.618592,666.185348,-1378.971896,9696.697840
16485.618916,296.082377,-1378.971896,8660.409521
16485.619241,962.267725,-1225.752797,9474.636058
16485.619565,1480.411884,-1072.533697,9770.718434
16485.619889,222.061783,-1149.143247,9326.594869
16485.620214,-518.144159,-842.705048,9030.512492
16485.620538,888.247130,-689.485948,9400.615463
16485.620862,0.000000,-459.657299,9326.594869
16485.621187,-1258.350101,-536.266849,9252.574275
16485.621511,-1332.370696,0.000000,9252.574275
16485.621835,-814.226536,306.438199,9030.512492
16485.622159,-740.205942,689.485948,9548.656652
16485.622484,-666.185348,1455.581446,9474.636058
16485.622808,-814.226536,1915.238745,9400.615463
16485.623132,-222.061783,2221.676944,8512.368333
16485.623457,1110.308913,2757.943793,9252.574275
16485.623781,148.041188,2604.724693,9178.553681
16485.624105,-962.267725,2374.896044,8808.450710
16485.624430,-296.082377,2834.553343,9104.533087
16485.624754,370.102971,2681.334243,9030.512492
16485.625078,-814.226536,2451.505594,9178.553681
16485.625402,-1110.308913,2681.334243,8438.347739
16485.625727,-592.164754,2528.115143,8364.327145
16485.626051,-666.185348,2451.505594,8956.491898
16485.626375,-592.164754,2987.772442,9178.553681
16485.626700,-222.061783,3524.039291,9030.512492
16485.627024,-518.144159,3217.601092,8586.388927
16485.627348,592.164754,3830.477490,9104.533087
16485.627673,1332.370696,3524.039291,9474.636058
16485.627997,-296.082377,2145.067394,8660.409521
16485.628321,-814.226536,2681.334243,8660.409521
16485.628645,74.020594,2528.115143,9178.553681
16485.628970,0.000000,2068.457845,9326.594869
16485.629294,-740.205942,1608.800546,9548.656652
16485.629618,-962.267725,1378.971896,8808.450710
16485.629943,-518.144159,1225.752797,9030.512492
16485.630267,-296.082377,1762.019645,9400.615463
16485.630591,74.020594,1225.752797,9622.677246
16485.630916,-148.041188,919.314598,9104.533087
16485.631240,518.144159,995.924147,9178.553681
16485.631564,1702.473667,919.314598,9622.677246
16485.631888,1702.473667,689.485948,9548.656652
16485.632213,666.185348,-383.047749,9400.615463
16485.632537,888.247130,-689.485948,8808.450710
16485.632861,1258.350101,0.000000,9030.512492
16485.633186,148.041188,-1532.190996,9548.656652
16485.633510,0.000000,-1378.971896,9030.512492
16485.633834,148.041188,-1915.238745,8734.430116
16485.634159,148.041188,-1915.238745,9030.512492
16485.634483,444.123565,-2221.676944,9622.677246
16485.634807,814.226536,-2068.457845,10214.842000
16485.635131,0.000000,-2604.724693,9104.533087
16485.635456,1184.329507,-2298.286494,9992.780217
16485.635780,2146.597232,-1915.238745,10066.800811
16485.636104,888.247130,-2451.505594,10066.800811
16485.636429,370.102971,-2528.115143,9918.759623
16485.636753,1110.308913,-2221.676944,10140.821405
16485.637077,1110.308913,-1991.848295,10140.821405
16485.637402,74.020594,-2221.676944,10066.800811
16485.637726,148.041188,-2451.505594,10066.800811
16485.638050,296.082377,-1915.238745,9622.677246
16485.638374,148.041188,-1378.971896,10066.800811
16485.638699,370.102971,-1455.581446,9844.739029
16485.639023,0.000000,-689.485948,9474.636058
16485.639347,-222.061783,0.000000,9252.574275
16485.639672,1184.329507,766.095498,8956.491898
16485.639996,814.226536,306.438199,9326.594869
16485.640320,-962.267725,612.876398,8660.409521
16485.640645,-814.226536,1149.143247,8586.388927
16485.640969,0.000000,995.924147,8586.388927
16485.641293,-518.144159,1225.752797,8882.471304
16485.641618,-1332.370696,1455.581446,8734.430116
16485.641942,-1036.288319,2374.896044,8068.244768
16485.642266,-666.185348,2451.505594,8364.327145
16485.642590,-1332.370696,2451.505594,8734.430116
16485.642915,-1036.288319,2374.896044,9178.553681
16485.643239,-1332.370696,2374.896044,8956.491898
16485.643563,-814.226536,2911.162892,8660.409521
16485.643888,222.061783,2987.772442,9548.656652
16485.644212,-370.102971,3294.210641,9252.574275
16485.644536,-1776.494261,2987.772442,8808.450710
16485.644861,-740.205942,3217.601092,9104.533087
16485.645185,-222.061783,2681.334243,9622.677246
16485.645509,-962.267725,2681.334243,10066.800811
16485.645833,-1184.329507,2757.943793,9326.594869
16485.646158,-888.247130,2911.162892,9030.512492
16485.646482,-518.144159,2604.724693,9918.759623
16485.646806,-222.061783,3064.381992,9622.677246
16485.647131,-1036.288319,3140.991542,9104.533087
16485.647455,-444.123565,2987.772442,8660.409521
16485.647779,148.041188,2987.772442,8956.491898
16485.648104,740.205942,2757.943793,8956.491898
16485.648428,0.000000,2987.772442,8586.388927
16485.648752,-370.102971,2374.896044,8216.285956
16485.649076,814.226536,1991.848295,8438.347739
16485.649401,0.000000,1608.800546,9030.512492
16485.649725,-888.247130,1072.533697,8734.430116
16485.650049,-888.247130,995.924147,8660.409521
16485.650374,-222.061783,689.485948,8364.327145
16485.650698,0.000000,76.609550,9104.533087
16485.651022,148.041188,0.000000,8882.471304
16485.651347,-222.061783,459.657299,8216.285956
16485.651671,740.205942,-229.828649,8660.409521
16485.651995,1702.473667,0.000000,9548.656652
16485.652319,814.226536,-766.095498,10066.800811
16485.652644,444.123565,-1149.143247,9326.594869
16485.652968,962.267725,-1838.629195,9918.759623
16485.653292,1924.535449,-1608.800546,10066.800811
16485.653617,666.185348,-2451.505594,9918.759623
16485.653941,296.082377,-2604.724693,10288.862594
16485.654265,1036.288319,-2451.505594,9696.697840
16485.654590,888.247130,-2604.724693,10510.924376
16485.654914,962.267725,-2681.334243,10510.924376
16485.655238,1332.370696,-1991.848295,9918.759623
16485.655562,1036.288319,-2451.505594,9844.739029
16485.655887,1406.391290,-2145.067394,9548.656652
16485.656211,2072.576638,-1149.143247,10214.842000
16485.656535,592.164754,-1991.848295,9696.697840
16485.656860,74.020594,-1685.410096,9178.553681
16485.657184,518.144159,-1302.362347,9400.615463
16485.657508,370.102971,-1762.019645,9252.574275
16485.657833,-444.123565,-919.314598,9400.615463
16485.658157,-1110.308913,-536.266849,8586.388927
16485.658481,-666.185348,-689.485948,8734.430116
16485.658805,-814.226536,-383.047749,9178.553681
16485.659130,-740.205942,76.609550,9474.636058
16485.659454,-1184.329507,536.266849,9178.553681
16485.659778,-814.226536,612.876398,8956.491898
16485.660103,222.061783,1302.362347,9104.533087
16485.660427,0.000000,842.705048,9252.574275
16485.660751,-666.185348,1455.581446,8660.409521
16485.661076,-592.164754,2298.286494,8734.430116
16485.661400,148.041188,1915.238745,9104.533087
16485.661724,-962.267725,1991.848295,9696.697840
16485.662048,-1480.411884,1685.410096,8956.491898
16485.662373,-888.247130,1991.848295,8290.306550
16485.662697,-592.164754,2681.334243,8956.491898
16485.663021,-592.164754,2528.115143,9252.574275
16485.663346,-370.102971,2757.943793,9400.615463
16485.663670,-518.144159,2987.772442,9104.533087
16485.663994,222.061783,3447.429741,9178.553681
16485.664319,666.185348,3294.210641,9400.615463
16485.664643,-370.102971,3370.820191,9474.636058
16485.664967,0.000000,2451.505594,8808.450710
16485.665291,148.041188,3677.258390,8808.450710
16485.665616,-222.061783,2987.772442,8956.491898
16485.665940,-1110.308913,2604.724693,8808.450710
16485.666264,-1110.308913,2604.724693,8364.327145
16485.666589,-666.185348,2374.896044,8512.368333
16485.666913,-888.247130,2068.457845,8956.491898
16485.667237,-592.164754,2221.676944,9400.615463
16485.667562,0.000000,2068.457845,8956.491898
16485.667886,0.000000,1762.019645,9030.512492
16485.668210,1406.391290,1608.800546,9400.615463
16485.668534,1554.432478,1225.752797,9548.656652
16485.668859,148.041188,842.705048,9400.615463
16485.669183,444.123565,1225.752797,9030.512492
16485.669507,1924.535449,459.657299,9770.718434
16485.669832,1036.288319,459.657299,9474.636058
16485.670156,296.082377,-229.828649,9326.594869
16485.670480,296.082377,-306.438199,9178.553681
16485.670805,814.226536,-766.095498,9252.574275
16485.671129,444.123565,-1072.533697,9696.697840
16485.671453,592.164754,-1455.581446,9030.512492
16485.671777,0.000000,-1991.848295,8882.471304
16485.672102,222.061783,-1991.848295,8956.491898
16485.672426,2368.659014,-1608.800546,9844.739029
16485.672750,740.205942,-1991.848295,9548.656652
16485.673075,0.000000,-2298.286494,9326.594869
16485.673399,814.226536,-2145.067394,9844.739029
16485.673723,1110.308913,-1915.238745,10140.821405
16485.674048,370.102971,-2604.724693,9918.759623
16485.674372,0.000000,-2451.505594,9326.594869
16485.674696,444.123565,-1685.410096,9178.553681
16485.675020,444.123565,-2374.896044,10214.842000
16485.675345,666.185348,-2221.676944,10214.842000
16485.675669,222.061783,-1838.629195,9918.759623
16485.675993,296.082377,-1838.629195,9474.636058
16485.676318,962.267725,-1532.190996,9474.636058
16485.676642,1628.453072,-689.485948,10066.800811
16485.676966,0.000000,-1072.533697,9844.739029
16485.677291,-518.144159,-766.095498,9252.574275
16485.677615,0.000000,0.000000,9474.636058
16485.677939,-222.061783,-306.438199,9474.636058
16485.678263,-1036.288319,0.000000,9252.574275
16485.678588,-1184.329507,766.095498,8734.430116
16485.678912,-1184.329507,919.314598,8586.388927
16485.679236,-962.267725,536.266849,9030.512492
16485.679561,-666.185348,1838.629195,8586.388927
16485.679885,-1036.288319,2221.676944,8586.388927
16485.680209,-592.164754,2298.286494,8512.368333
16485.680534,370.102971,2911.162892,9252.574275
16485.680858,0.000000,2757.943793,9104.533087
16485.681182,-1110.308913,2451.505594,8142.265362
16485.681506,-962.267725,3370.820191,9030.512492
16485.681831,0.000000,2911.162892,8660.409521
16485.682155,-1110.308913,2451.505594,9326.594869
16485.682479,-1480.411884,2681.334243,9252.574275
16485.682804,-1258.350101,3140.991542,9178.553681
16485.683128,-1332.370696,2681.334243,9400.615463
16485.683452,-1258.350101,3140.991542,10066.800811
16485.683777,-1036.288319,3217.601092,9548.656652
16485.684101,-1480.411884,4060.306139,9104.533087
16485.684425,-666.185348,3907.087040,9696.697840
16485.684749,148.041188,4136.915689,10066.800811
16485.685074,-962.267725,3983.696590,9548.656652
16485.685398,-1332.370696,3677.258390,8660.409521
16485.685722,-518.144159,3983.696590,8882.471304
16485.686047,-888.247130,3600.648841,8808.450710
16485.686371,-1258.350101,3064.381992,8956.491898
16485.686695,-1332.370696,2528.115143,8364.327145
16485.687020,-1258.350101,2528.115143,8068.244768
16485.687344,-518.144159,2145.067394,8438.347739
16485.687668,-370.102971,2298.286494,8586.388927
16485.687992,-1110.308913,1915.238745,8660.409521
16485.688317,-148.041188,1302.362347,8290.306550
16485.688641,518.144159,2374.896044,8660.409521
16485.688965,592.164754,1072.533697,9104.533087
16485.689290,-814.226536,536.266849,8882.471304
