#time,accel_x,accel_y,accel_z
920.120858,888.247130,842.705048,9474.636058
920.121183,1036.288319,919.314598,9474.636058
920.121508,296.082377,1455.581446,9252.574275
920.121833,0.000000,612.876398,8808.450710
920.122158,814.226536,536.266849,9400.615463
920.122483,74.020594,536.266849,9474.636058
920.122808,-592.164754,306.438199,9030.512492
920.123133,-296.082377,383.047749,9252.574275
920.123458,0.000000,229.828649,9474.636058
920.123783,-222.061783,766.095498,9104.533087
920.124108,0.000000,612.876398,9104.533087
920.124433,0.000000,842.705048,9326.594869
920.124758,444.123565,919.314598,9622.677246
920.125083,592.164754,612.876398,9622.677246
920.125408,0.000000,689.485948,9252.574275
920.125733,-814.226536,689.485948,9326.594869
920.126058,74.020594,1072.533697,9696.697840
920.126383,148.041188,842.705048,9696.697840
920.126708,-1850.514855,383.047749,9474.636058
920.127033,-1036.288319,0.000000,9030.512492
920.127358,-740.205942,842.705048,9326.594869
920.127683,-666.185348,842.705048,9178.553681
920.128008,-740.205942,919.314598,9474.636058
920.128333,-740.205942,1072.533697,9474.636058
920.128658,0.000000,1762.019645,8586.388927
920.128983,888.247130,1532.190996,9474.636058
920.129308,0.000000,1608.800546,9326.594869
920.129633,-1258.350101,1225.752797,9104.533087
920.129958,-518.144159,1302.362347,9252.574275
920.130282,0.000000,1455.581446,9548.656652
920.130607,-1406.391290,1608.800546,9548.656652
920.130932,-2146.597232,919.314598,9252.574275
920.131257,-1850.514855,1838.629195,9252.574275
920.131582,-2072.576638,2145.067394,9696.697840
920.131907,-2368.659014,1685.410096,10066.800811
920.132232,-2960.823768,2068.457845,9696.697840
920.132557,-2516.700203,2757.943793,9104.533087
920.132882,-1850.514855,3140.991542,9474.636058
920.133207,-1702.473667,3294.210641,9622.677246
920.133532,-3108.864956,3370.820191,9178.553681
920.133857,-3330.926739,2451.505594,8808.450710
920.134182,-2220.617826,3370.820191,8956.491898
920.134507,-2368.659014,3140.991542,9252.574275
920.134832,-3330.926739,3370.820191,9030.512492
920.135157,-3330.926739,3294.210641,8142.265362
920.135482,-2738.761985,2757.943793,8512.368333
920.135807,-2368.659014,2528.115143,8586.388927
920.136132,-1776.494261,3907.087040,8660.409521
920.136457,-2294.638420,3524.039291,8290.306550
920.136782,-1332.370696,3524.039291,8290.306550
920.137107,-592.164754,3524.039291,9400.615463
920.137432,-666.185348,3294.210641,9178.553681
920.137757,-1776.494261,2987.772442,9104.533087
920.138082,-962.267725,2834.553343,8734.430116
920.138407,-518.144159,2451.505594,9252.574275
920.138732,-1554.432478,2451.505594,9992.780217
920.139057,-1998.556043,2221.676944,9770.718434
920.139382,-1924.535449,2451.505594,10066.800811
920.139707,-1924.535449,2451.505594,10584.944971
920.140032,-2368.659014,2681.334243,11103.089130
920.140357,-3478.967927,2451.505594,11029.068536
920.140682,-3034.844362,3370.820191,10658.965565
920.141007,-2368.659014,3907.087040,11177.109724
920.141332,-2886.803174,4213.525239,10807.006753
920.141657,-4293.194464,4213.525239,9844.739029
920.141981,-4145.153275,4290.134789,9178.553681
920.142306,-3478.967927,4979.620737,8882.471304
920.142631,-4737.318029,3907.087040,8734.430116
920.142956,-5255.462188,4213.525239,7920.203579
920.143281,-4367.215058,3907.087040,6217.729913
920.143606,-3552.988522,3830.477490,6587.832884
920.143931,-3182.885551,3753.867940,6439.791695
920.144256,-2960.823768,3370.820191,6365.771101
920.144581,-1702.473667,2834.553343,6439.791695
920.144906,-666.185348,2911.162892,6513.812290
920.145231,-370.102971,2681.334243,8364.327145
920.145556,-1554.432478,1838.629195,8808.450710
920.145881,-2220.617826,919.314598,9918.759623
920.146206,-740.205942,689.485948,10955.047942
920.146531,-592.164754,1302.362347,11695.253884
920.146856,-888.247130,1762.019645,11399.171507
920.147181,0.000000,2451.505594,10214.842000
920.147506,1036.288319,2145.067394,10807.006753
920.147831,1850.514855,2145.067394,10436.903782
920.148156,2294.638420,1991.848295,10214.842000
920.148481,2072.576638,995.924147,9178.553681
920.148806,2294.638420,306.438199,8882.471304
920.149131,2442.679609,0.000000,10362.883188
920.149456,740.205942,-1915.238745,11399.171507
920.149781,-2146.597232,-2221.676944,11621.233289
920.150106,-3404.947333,-2681.334243,12435.459826
920.150431,-4071.132681,-1149.143247,13471.748144
920.150756,-5255.462188,-612.876398,13619.789333
920.151081,-6735.874072,459.657299,12583.501014
920.151406,-5995.668130,2681.334243,11843.295072
920.151731,-5107.421000,5745.716235,9992.780217
920.152056,-3034.844362,7277.907231,8068.244768
920.152381,-2220.617826,7660.954980,4811.338623
920.152706,-2146.597232,8273.831378,2886.803174
920.153031,-1776.494261,7890.783629,3182.885551
920.153356,-2294.638420,6435.202183,4293.194464
920.153681,-3997.112087,4213.525239,3701.029710
920.154005,-4959.379811,1225.752797,4663.297435
920.154330,-5107.421000,-306.438199,6291.750507
920.154655,-5477.523971,-1072.533697,7698.141797
920.154980,-5847.626942,-1838.629195,9696.697840
920.155305,-4071.132681,-995.924147,10214.842000
920.155630,-2072.576638,459.657299,11399.171507
920.155955,-740.205942,2145.067394,11621.233289
920.156280,666.185348,3753.867940,12731.542202
920.156605,-296.082377,5515.887586,13545.768739
920.156930,-592.164754,6818.249932,14137.933492
920.157255,-1036.288319,7048.078582,14656.077652
920.157580,-2590.720797,7354.516781,13693.809927
920.157905,-2738.761985,7354.516781,11399.171507
920.158230,-1332.370696,7660.954980,10658.965565
920.158555,-1924.535449,6894.859482,10584.944971
920.158880,-4071.132681,5132.839837,8808.450710
920.159205,-3997.112087,3370.820191,5921.647536
920.159530,-2368.659014,2068.457845,4811.338623
920.159855,-2590.720797,1225.752797,4737.318029
920.160180,-2812.782580,689.485948,3701.029710
920.160505,-962.267725,-383.047749,4441.235652
920.160830,518.144159,-536.266849,5625.565159
920.161155,740.205942,1302.362347,7624.121203
920.161480,74.020594,1991.848295,9252.574275
920.161805,-1110.308913,2911.162892,11325.150913
920.162130,-1850.514855,3677.258390,13619.789333
920.162455,-2072.576638,5056.230287,14508.036463
920.162780,-1258.350101,7277.907231,13175.665768
920.163105,-592.164754,8197.221829,10807.006753
920.163430,-888.247130,8886.707777,10066.800811
920.163755,-444.123565,8427.050478,8068.244768
920.164080,1480.411884,6818.249932,5995.668130
920.164405,1406.391290,4596.572988,5107.421000
920.164730,-962.267725,1532.190996,3849.070898
920.165055,-222.061783,-1225.752797,3034.844362
920.165380,-740.205942,-3983.696590,6661.853478
920.165704,-4811.338623,-7507.735880,10584.944971
920.166029,-8364.327145,-8963.317327,12805.562797
920.166354,-9252.574275,-8580.269578,16136.489536
920.166679,-7994.224174,-7201.297681,18505.148550
920.167004,-6883.915261,-4903.011187,18579.169144
920.167329,-5403.503377,689.485948,17690.922014
920.167654,-2590.720797,6128.763984,14656.077652
920.167979,0.000000,10418.898773,12065.356855
920.168304,4071.132681,12257.527968,6809.894666
920.168629,5699.585753,12640.575717,1332.370696
920.168954,6291.750507,12180.918418,-1258.350101
920.169279,4663.297435,9806.022374,518.144159
920.169604,-592.164754,4596.572988,1998.556043
920.169929,-5033.400406,-1915.238745,3849.070898
920.170254,-9622.677246,-5822.325785,7476.080014
920.170579,-12731.542202,-6281.983084,9992.780217
920.170904,-12879.583391,-8197.221829,11251.130318
920.171229,-12213.398043,-9193.145976,13397.727550
920.171554,-11177.109724,-6358.592633,15100.201217
920.171879,-5477.523971,612.876398,14952.160028
920.172204,2368.659014,6358.592633,13101.645173
920.172529,6365.771101,7890.783629,11103.089130
920.172854,7994.224174,10955.165621,6513.812290
920.173179,10288.862594,14096.157163,5699.585753
920.173504,7772.162391,13176.842566,7105.977043
920.173829,4663.297435,9806.022374,9326.594869
920.174154,2442.679609,6435.202183,10658.965565
920.174479,-2220.617826,4136.915689,10658.965565
920.174804,-7846.182985,153.219100,11843.295072
920.175129,-9400.615463,-2987.772442,11029.068536
920.175454,-8068.244768,-2757.943793,9326.594869
920.175779,-5773.606348,-2451.505594,10066.800811
920.176104,-4071.132681,-1149.143247,7328.038826
920.176429,-3552.988522,153.219100,5773.606348
920.176754,-1850.514855,2298.286494,5699.585753
920.177079,518.144159,5362.668486,7254.018232
920.177403,1998.556043,7354.516781,9548.656652
920.177728,1406.391290,7354.516781,9104.533087
920.178053,1702.473667,7431.126331,9104.533087
920.178378,3552.988522,8810.098227,9474.636058
920.178703,4145.153275,9576.193725,11177.109724
920.179028,1480.411884,7048.078582,10584.944971
920.179354,518.144159,4366.744339,9696.697840
920.179679,-1924.535449,2834.553343,10510.924376
920.180004,-2294.638420,2298.286494,9030.512492
920.180329,-2960.823768,-229.828649,9696.697840
920.180654,-6661.853478,-1532.190996,9104.533087
920.180979,-7994.224174,-1838.629195,7772.162391
920.181304,-5847.626942,-2221.676944,6513.812290
920.181630,-4737.318029,-2145.067394,6291.750507
920.181955,-5255.462188,76.609550,7698.141797
920.182280,-3552.988522,842.705048,7476.080014
920.182605,-3701.029710,76.609550,10214.842000
920.182930,-3997.112087,0.000000,10955.047942
920.183255,-5033.400406,1991.848295,11621.233289
920.183580,-4589.276840,2145.067394,12213.398043
920.183905,-4293.194464,3064.381992,13323.706956
920.184231,-962.267725,2911.162892,13175.665768
920.184556,2368.659014,1991.848295,10362.883188
920.184881,2960.823768,1991.848295,9696.697840
920.185206,1554.432478,2757.943793,9474.636058
920.185531,1406.391290,2451.505594,8364.327145
920.185856,518.144159,-1378.971896,7105.977043
920.186181,-370.102971,-1532.190996,6217.729913
920.186507,-2516.700203,383.047749,7476.080014
920.186832,-2664.741391,-383.047749,7179.997637
920.187157,-2516.700203,-2604.724693,8364.327145
920.187482,-2886.803174,-2987.772442,8586.388927
920.187807,-3849.070898,-1149.143247,9030.512492
920.188132,-4737.318029,-536.266849,9548.656652
920.188457,-2812.782580,0.000000,10436.903782
920.188782,-1628.453072,1915.238745,12361.439231
920.189108,-1258.350101,2451.505594,10510.924376
920.189433,1406.391290,3677.258390,9252.574275
920.189758,5181.441594,4519.963438,7402.059420
920.190083,7920.203579,6588.421283,7179.997637
920.190408,8068.244768,5745.716235,9252.574275
920.190733,5329.482782,3370.820191,9104.533087
920.191058,2590.720797,1455.581446,8808.450710
920.191383,1554.432478,-153.219100,10288.862594
920.191709,518.144159,-1532.190996,10140.821405
920.192034,-2960.823768,-2834.553343,11473.192101
920.192359,-3552.988522,-2604.724693,11177.109724
920.192684,-1258.350101,-919.314598,10955.047942
920.193009,148.041188,-1302.362347,10584.944971
920.193334,370.102971,766.095498,9622.677246
920.193659,74.020594,2834.553343,7994.224174
920.193985,0.000000,4826.401637,9178.553681
920.194310,74.020594,3447.429741,8512.368333
920.194635,296.082377,4060.306139,7994.224174
920.194960,1850.514855,5439.278036,6661.853478
920.195285,2368.659014,5515.887586,6217.729913
920.195610,2368.659014,2528.115143,6883.915261
920.195935,-740.205942,-459.657299,9030.512492
920.196260,-2738.761985,306.438199,9622.677246
920.196586,-4811.338623,-612.876398,10658.965565
920.196911,-5625.565159,-3753.867940,9474.636058
920.197236,-5551.544565,-4903.011187,8216.285956
920.197561,-3182.885551,-3140.991542,9992.780217
920.197886,444.123565,459.657299,9474.636058
920.198211,222.061783,612.876398,8660.409521
920.198536,148.041188,-536.266849,8956.491898
920.198861,1184.329507,1532.190996,9474.636058
920.199187,2442.679609,4060.306139,9622.677246
920.199512,1554.432478,3677.258390,11473.192101
920.199837,-222.061783,536.266849,12065.356855
920.200162,296.082377,1378.971896,10955.047942
920.200487,2664.741391,2145.067394,10436.903782
920.200812,1258.350101,-153.219100,9178.553681
920.201137,-2738.761985,-1915.238745,9400.615463
920.201463,-2442.679609,-1072.533697,8956.491898
920.201788,-444.123565,-459.657299,10140.821405
920.202113,-2812.782580,-2604.724693,9252.574275
920.202438,-5921.647536,-3447.429741,8216.285956
920.202763,-3108.864956,-1149.143247,6661.853478
920.203088,518.144159,306.438199,7105.977043
920.203413,666.185348,-1225.752797,8438.347739
920.203738,-1628.453072,-153.219100,7254.018232
920.204064,-1702.473667,2911.162892,7920.203579
920.204389,0.000000,2987.772442,9474.636058
920.204714,518.144159,306.438199,9474.636058
920.205039,-518.144159,0.000000,9252.574275
920.205364,1406.391290,3140.991542,9252.574275
920.205689,5995.668130,3600.648841,9474.636058
920.206014,6513.812290,1532.190996,11251.130318
920.206340,3775.050304,-383.047749,10881.027347
920.206665,2960.823768,612.876398,9474.636058
920.206990,4737.318029,1762.019645,10362.883188
920.207315,3256.906145,1225.752797,9252.574275
920.207640,814.226536,-306.438199,9844.739029
920.207965,2368.659014,1532.190996,7994.224174
920.208290,3404.947333,2528.115143,8586.388927
920.208615,1776.494261,76.609550,8290.306550
920.208941,-1036.288319,-919.314598,9696.697840
920.209266,-1998.556043,153.219100,10955.047942
920.209591,-2220.617826,1991.848295,11251.130318
920.209916,-2294.638420,-995.924147,13323.706956
920.210241,-3923.091493,-1838.629195,11843.295072
920.210566,-3478.967927,229.828649,9030.512492
920.210891,1628.453072,1915.238745,7920.203579
920.211216,2368.659014,1608.800546,7846.182985
920.211542,-1258.350101,766.095498,8734.430116
920.211867,-1110.308913,2604.724693,7476.080014
920.212192,666.185348,1532.190996,6217.729913
920.212517,-666.185348,-536.266849,6513.812290
920.212842,-2368.659014,229.828649,8142.265362
920.213167,-1036.288319,2145.067394,7994.224174
920.213492,1406.391290,689.485948,8142.265362
920.213818,1332.370696,-2068.457845,8734.430116
920.214143,-2368.659014,-689.485948,10214.842000
920.214468,-3108.864956,1991.848295,9844.739029
920.214793,-296.082377,919.314598,9844.739029
920.215118,-74.020594,-1149.143247,10732.986159
920.215443,-2442.679609,995.924147,11769.274478
920.215768,-740.205942,3447.429741,9696.697840
920.216093,2664.741391,2145.067394,8660.409521
920.216419,2886.803174,0.000000,8438.347739
920.216744,-666.185348,689.485948,10362.883188
920.217069,-2368.659014,1532.190996,10214.842000
920.217394,-1332.370696,0.000000,10436.903782
920.217719,-2146.597232,-2681.334243,11621.233289
920.218044,-4515.256246,-2604.724693,10807.006753
920.218369,-3997.112087,-612.876398,8660.409521
920.218694,-518.144159,536.266849,7550.100608
920.219020,1406.391290,-306.438199,8512.368333
920.219345,-518.144159,0.000000,9030.512492
920.219670,-2072.576638,1455.581446,8586.388927
920.219995,-222.061783,2221.676944,6957.935855
920.220320,1554.432478,1378.971896,7254.018232
920.220645,814.226536,2451.505594,8512.368333
920.220970,2072.576638,3983.696590,8142.265362
920.221296,5255.462188,3830.477490,6883.915261
920.221621,8290.306550,1149.143247,6217.729913
920.221946,4145.153275,1225.752797,11325.150913
920.222271,888.247130,1149.143247,10955.047942
920.222596,814.226536,1225.752797,10140.821405
920.222921,2664.741391,-2757.943793,10436.903782
920.223246,74.020594,-1838.629195,10955.047942
920.223571,222.061783,842.705048,9696.697840
920.223897,2220.617826,1991.848295,9844.739029
920.224222,3404.947333,-1532.190996,9622.677246
920.224547,-1554.432478,-2221.676944,10436.903782
920.224872,-2146.597232,306.438199,10288.862594
920.225197,-740.205942,2451.505594,10584.944971
920.225522,-1406.391290,689.485948,10214.842000
920.225847,-2812.782580,-1838.629195,11621.233289
920.226173,-1850.514855,612.876398,8882.471304
920.226498,444.123565,2145.067394,7772.162391
920.226823,1480.411884,459.657299,8364.327145
920.227148,148.041188,-842.705048,8808.450710
920.227473,-2368.659014,842.705048,9918.759623
920.227798,-592.164754,1225.752797,9104.533087
920.228123,-592.164754,-383.047749,8586.388927
920.228448,-814.226536,-1455.581446,7254.018232
920.228774,-370.102971,1838.629195,7328.038826
920.229099,2442.679609,2374.896044,7476.080014
920.229424,1702.473667,1072.533697,8068.244768
920.229749,592.164754,-229.828649,9770.718434
920.230074,-1480.411884,1685.410096,9474.636058
920.230399,-2886.803174,1915.238745,10362.883188
920.230724,-3034.844362,229.828649,9326.594869
920.231049,-2738.761985,-995.924147,9992.780217
920.231375,-2960.823768,689.485948,9992.780217
920.231700,-1406.391290,1608.800546,8438.347739
920.232025,-740.205942,76.609550,8364.327145
920.232350,-2072.576638,-1072.533697,9696.697840
920.232675,-2442.679609,306.438199,10807.006753
920.233000,-1850.514855,306.438199,10658.965565
920.233325,-1110.308913,-229.828649,9474.636058
920.233651,-1184.329507,-689.485948,9992.780217
920.233976,888.247130,1149.143247,9178.553681
920.234301,3552.988522,2987.772442,7920.203579
920.234626,3108.864956,995.924147,9104.533087
920.234951,1924.535449,-995.924147,9992.780217
920.235276,888.247130,1608.800546,9474.636058
920.235601,1480.411884,2451.505594,10288.862594
920.235926,222.061783,842.705048,9918.759623
920.236252,-1184.329507,0.000000,8808.450710
920.236577,814.226536,1532.190996,7624.121203
920.236902,3849.070898,2757.943793,7920.203579
920.237227,3330.926739,1378.971896,7328.038826
920.237552,814.226536,612.876398,8364.327145
920.237877,962.267725,995.924147,8808.450710
920.238202,1184.329507,1685.410096,10955.047942
920.238527,-888.247130,-459.657299,10658.965565
920.238853,-1998.556043,-1991.848295,8734.430116
920.239178,74.020594,-842.705048,8068.244768
920.239503,2516.700203,1149.143247,8956.491898
920.239828,2220.617826,842.705048,10140.821405
920.240153,0.000000,-383.047749,11103.089130
920.240478,-592.164754,-459.657299,10510.924376
920.240803,-444.123565,842.705048,10881.027347
920.241129,74.020594,919.314598,10362.883188
920.241454,-1406.391290,766.095498,10510.924376
920.241779,0.000000,919.314598,9474.636058
920.242104,2442.679609,1608.800546,9030.512492
920.242429,1850.514855,842.705048,8216.285956
920.242754,-1036.288319,0.000000,8808.450710
920.243079,-1480.411884,153.219100,7846.182985
920.243404,-1332.370696,766.095498,9326.594869
920.243730,-2220.617826,-1149.143247,10214.842000
920.244055,-3627.009116,-1378.971896,8364.327145
920.244380,-1850.514855,-153.219100,7402.059420
920.244705,1258.350101,1225.752797,6587.832884
920.245030,1702.473667,612.876398,8068.244768
920.245355,74.020594,536.266849,10066.800811
920.245680,74.020594,1302.362347,8808.450710
920.246006,814.226536,842.705048,9844.739029
920.246331,-518.144159,1378.971896,10955.047942
920.246656,-1998.556043,1532.190996,10436.903782
920.246981,-592.164754,229.828649,8512.368333
920.247306,1924.535449,842.705048,8586.388927
920.247631,518.144159,1608.800546,9622.677246
920.247956,-2812.782580,306.438199,9400.615463
920.248281,-3034.844362,-1225.752797,8734.430116
920.248607,-1850.514855,-689.485948,9992.780217
920.248932,-2960.823768,-76.609550,10732.986159
920.249257,-3034.844362,76.609550,10732.986159
920.249582,-888.247130,-1149.143247,9178.553681
920.249907,3182.885551,995.924147,7402.059420
920.250232,3627.009116,1838.629195,9474.636058
920.250557,740.205942,842.705048,9622.677246
920.250882,148.041188,536.266849,8882.471304
920.251208,1924.535449,1378.971896,10214.842000
920.251533,1924.535449,1455.581446,9326.594869
920.251858,-1480.411884,1225.752797,9474.636058
920.252183,0.000000,1762.019645,8142.265362
920.252508,3775.050304,2528.115143,7476.080014
920.252833,4515.256246,383.047749,7698.141797
920.253158,222.061783,919.314598,9326.594869
920.253484,-962.267725,2068.457845,9104.533087
920.253809,0.000000,1455.581446,8660.409521
920.254134,740.205942,-1225.752797,9622.677246
920.254459,-3627.009116,-1608.800546,9474.636058
920.254784,-2220.617826,229.828649,6217.729913
920.255109,2072.576638,1685.410096,8734.430116
920.255434,1184.329507,-766.095498,10066.800811
920.255759,-2368.659014,-2604.724693,9474.636058
920.256085,-888.247130,-842.705048,9696.697840
920.256410,2886.803174,2298.286494,11769.274478
920.256735,2072.576638,2068.457845,13397.727550
920.257060,962.267725,306.438199,12139.377449
920.257385,3034.844362,1072.533697,9844.739029
920.257710,5329.482782,3677.258390,8364.327145
920.258035,5699.585753,2681.334243,7550.100608
920.258360,2220.617826,1838.629195,9918.759623
920.258686,-370.102971,766.095498,8734.430116
920.259011,-2738.761985,1532.190996,10066.800811
920.259336,-3108.864956,-2221.676944,9400.615463
920.259661,-5921.647536,-2451.505594,8216.285956
920.259986,-5699.585753,-1762.019645,7105.977043
920.260311,-2664.741391,153.219100,8216.285956
920.260636,-1036.288319,-689.485948,8512.368333
920.260962,-3404.947333,-1532.190996,8290.306550
920.261287,-3182.885551,-536.266849,6883.915261
920.261612,-2516.700203,1915.238745,7920.203579
920.261937,-148.041188,1915.238745,10066.800811
920.262262,-296.082377,612.876398,11177.109724
920.262587,1036.288319,383.047749,10066.800811
920.262912,2960.823768,1149.143247,8512.368333
920.263237,5033.400406,2834.553343,8586.388927
920.263563,3108.864956,2528.115143,10732.986159
920.263888,1776.494261,612.876398,8882.471304
920.264213,888.247130,766.095498,9548.656652
920.264538,1036.288319,1072.533697,11843.295072
920.264863,0.000000,2145.067394,11991.336260
920.265188,-814.226536,306.438199,9548.656652
920.265513,814.226536,-766.095498,7402.059420
920.265839,1554.432478,383.047749,8956.491898
920.266164,0.000000,1378.971896,10881.027347
920.266489,-1702.473667,1455.581446,9696.697840
920.266814,-3108.864956,-459.657299,9474.636058
920.267139,-2960.823768,689.485948,8956.491898
920.267464,-3034.844362,459.657299,9030.512492
920.267789,-1554.432478,459.657299,7846.182985
920.268114,296.082377,1302.362347,7550.100608
920.268440,518.144159,1685.410096,9104.533087
920.268765,-222.061783,689.485948,9326.594869
920.269090,-518.144159,153.219100,7920.203579
920.269415,-518.144159,612.876398,9104.533087
920.269740,222.061783,1225.752797,8882.471304
920.270065,74.020594,1532.190996,9474.636058
920.270390,2368.659014,-306.438199,9030.512492
920.270715,4663.297435,1991.848295,8808.450710
920.271041,2368.659014,1838.629195,9918.759623
920.271366,2368.659014,-229.828649,8142.265362
920.271691,1776.494261,-689.485948,9326.594869
920.272016,888.247130,1302.362347,10214.842000
920.272341,296.082377,2681.334243,10436.903782
920.272666,-296.082377,76.609550,11029.068536
920.272991,296.082377,-766.095498,9326.594869
920.273317,888.247130,995.924147,10140.821405
920.273642,518.144159,995.924147,9326.594869
920.273967,296.082377,383.047749,8808.450710
920.274292,74.020594,-1302.362347,9918.759623
920.274617,-2294.638420,0.000000,9844.739029
920.274942,-2590.720797,-153.219100,8956.491898
920.275267,-3849.070898,-1608.800546,9326.594869
920.275592,-1628.453072,-1532.190996,8290.306550
920.275918,814.226536,689.485948,8512.368333
920.276243,2146.597232,76.609550,8734.430116
920.276568,444.123565,-766.095498,8808.450710
920.276893,-222.061783,-536.266849,8586.388927
920.277218,-888.247130,766.095498,8364.327145
920.277543,296.082377,995.924147,9844.739029
920.277868,-296.082377,995.924147,10658.965565
920.278193,1406.391290,536.266849,9400.615463
920.278518,3552.988522,1225.752797,10066.800811
920.278843,3404.947333,1378.971896,9770.718434
920.279168,0.000000,76.609550,9030.512492
920.279493,444.123565,-612.876398,8290.306550
920.279818,74.020594,459.657299,10807.006753
920.280144,-1998.556043,536.266849,11695.253884
920.280469,-2516.700203,153.219100,9178.553681
920.280794,-1480.411884,-1991.848295,7624.121203
920.281119,296.082377,766.095498,7179.997637
920.281444,1406.391290,2145.067394,8438.347739
920.281769,0.000000,612.876398,9548.656652
920.282094,-1924.535449,306.438199,8586.388927
920.282419,-1924.535449,1378.971896,10436.903782
920.282744,-1776.494261,1838.629195,9474.636058
920.283069,-3256.906145,0.000000,9178.553681
920.283394,-2590.720797,-1225.752797,8068.244768
920.283719,740.205942,612.876398,8586.388927
920.284044,148.041188,1072.533697,11103.089130
920.284369,-2146.597232,-2451.505594,11621.233289
920.284694,-2368.659014,-2451.505594,9474.636058
920.285020,-1036.288319,995.924147,10214.842000
920.285345,666.185348,1378.971896,10066.800811
920.285670,148.041188,1302.362347,8660.409521
920.285995,1924.535449,1149.143247,7105.977043
920.286320,4663.297435,4060.306139,8068.244768
920.286645,4367.215058,2374.896044,8068.244768
920.286970,592.164754,1302.362347,8882.471304
920.287295,148.041188,153.219100,9770.718434
920.287620,-592.164754,1762.019645,10362.883188
920.287945,-1036.288319,0.000000,10881.027347
920.288270,-3034.844362,-1302.362347,10436.903782
920.288595,-1184.329507,0.000000,7846.182985
920.288920,222.061783,1991.848295,9326.594869
920.289245,1480.411884,1915.238745,9178.553681
920.289571,-592.164754,1149.143247,8512.368333
920.289896,0.000000,383.047749,7179.997637
920.290221,1110.308913,2221.676944,7179.997637
920.290546,444.123565,2681.334243,9178.553681
920.290871,-1258.350101,1532.190996,10066.800811
920.291196,-962.267725,153.219100,9918.759623
920.291521,666.185348,153.219100,8808.450710
920.291846,1702.473667,-229.828649,8586.388927
920.292171,0.000000,-459.657299,9474.636058
920.292496,-666.185348,306.438199,9548.656652
920.292821,1036.288319,689.485948,10584.944971
920.293146,2072.576638,766.095498,10362.883188
920.293471,1036.288319,919.314598,10288.862594
920.293796,1924.535449,2298.286494,9030.512492
920.294121,4811.338623,3140.991542,7994.224174
920.294447,5773.606348,1685.410096,8882.471304
920.294772,2516.700203,306.438199,11103.089130
920.295097,-518.144159,995.924147,8438.347739
920.295422,-1258.350101,689.485948,8882.471304
920.295747,-1332.370696,-1532.190996,10955.047942
920.296072,-5995.668130,-1302.362347,11103.089130
920.296397,-6365.771101,-2451.505594,9400.615463
920.296722,-2368.659014,-2604.724693,7994.224174
920.297047,-296.082377,-1532.190996,9030.512492
920.297372,-2368.659014,-383.047749,9844.739029
920.297697,-4219.173869,-229.828649,7994.224174
920.298022,-3256.906145,-1149.143247,8364.327145
920.298347,-740.205942,-153.219100,9548.656652
920.298672,-1036.288319,1915.238745,10436.903782
920.298998,-592.164754,1149.143247,7698.141797
920.299323,2294.638420,612.876398,7846.182985
920.299648,3108.864956,612.876398,9992.780217
920.299973,296.082377,306.438199,10362.883188
920.300298,-1184.329507,-689.485948,8438.347739
920.300623,-888.247130,0.000000,9104.533087
920.300948,148.041188,306.438199,11029.068536
920.301273,-1184.329507,1302.362347,11177.109724
920.301598,814.226536,-612.876398,8512.368333
920.301923,2294.638420,306.438199,7402.059420
920.302248,2368.659014,2528.115143,8438.347739
920.302573,1776.494261,2757.943793,10066.800811
920.302898,296.082377,459.657299,7624.121203
920.303223,-2664.741391,0.000000,7328.038826
920.303548,-2368.659014,919.314598,9548.656652
920.303874,-2442.679609,1532.190996,10288.862594
920.304199,-1480.411884,229.828649,9548.656652
920.304524,74.020594,0.000000,9474.636058
920.304849,1776.494261,995.924147,8956.491898
920.305174,1998.556043,2911.162892,10584.944971
920.305499,2664.741391,1302.362347,9474.636058
920.305824,1628.453072,1915.238745,9326.594869
920.306149,2368.659014,2834.553343,8882.471304
920.306474,2590.720797,4060.306139,9844.739029
920.306799,2516.700203,2451.505594,8068.244768
920.307124,3256.906145,2145.067394,6883.915261
920.307449,4219.173869,1915.238745,7772.162391
920.307774,1332.370696,1991.848295,9918.759623
920.308099,-740.205942,995.924147,9622.677246
920.308425,0.000000,0.000000,10214.842000
920.308750,-296.082377,-306.438199,10436.903782
920.309075,-3627.009116,766.095498,10436.903782
920.309400,-2368.659014,76.609550,8956.491898
920.309725,148.041188,842.705048,8734.430116
920.310050,1702.473667,-229.828649,9696.697840
920.310375,444.123565,-383.047749,9918.759623
920.310700,-370.102971,0.000000,9474.636058
920.311025,-962.267725,1072.533697,10140.821405
920.311350,-1332.370696,842.705048,10214.842000
920.311675,-1110.308913,383.047749,9696.697840
920.312000,592.164754,-153.219100,8586.388927
920.312325,1554.432478,1225.752797,6809.894666
920.312650,1776.494261,1532.190996,7698.141797
920.312975,222.061783,-766.095498,8956.491898
920.313301,-2812.782580,-1455.581446,9770.718434
920.313626,-2738.761985,-1225.752797,10807.006753
920.313951,-2146.597232,-1149.143247,12139.377449
920.314276,-3034.844362,-1608.800546,11251.130318
920.314601,-1332.370696,-2221.676944,9696.697840
920.314926,1332.370696,536.266849,8586.388927
920.315251,1776.494261,2451.505594,8290.306550
920.315576,296.082377,536.266849,8734.430116
920.315901,-592.164754,0.000000,7772.162391
920.316226,-1554.432478,1838.629195,7994.224174
920.316551,-2294.638420,1532.190996,8438.347739
920.316876,-2442.679609,-306.438199,9252.574275
920.317201,-2368.659014,-766.095498,8956.491898
920.317526,-296.082377,459.657299,9474.636058
920.317852,222.061783,-689.485948,9104.533087
920.318177,-296.082377,-1302.362347,8586.388927
920.318502,-1036.288319,-842.705048,9770.718434
920.318827,-1184.329507,1915.238745,10584.944971
920.319152,-296.082377,536.266849,10362.883188
920.319477,-518.144159,-229.828649,9548.656652
920.319802,1776.494261,306.438199,7550.100608
920.320127,3701.029710,4136.915689,7846.182985
920.320452,4367.215058,3294.210641,7846.182985
920.320777,3034.844362,919.314598,9178.553681
920.321102,1184.329507,459.657299,9918.759623
920.321427,370.102971,1838.629195,10140.821405
920.321752,666.185348,1302.362347,9696.697840
920.322077,-1110.308913,0.000000,9770.718434
920.322402,592.164754,-459.657299,9104.533087
920.322728,2886.803174,1378.971896,9474.636058
920.323053,3923.091493,766.095498,9104.533087
920.323378,1998.556043,459.657299,9844.739029
920.323703,1628.453072,766.095498,9400.615463
920.324028,1406.391290,2221.676944,8808.450710
920.324353,888.247130,1072.533697,8660.409521
920.324678,-814.226536,689.485948,9548.656652
920.325003,222.061783,1378.971896,9104.533087
920.325328,2072.576638,2145.067394,8364.327145
920.325653,2368.659014,-689.485948,8512.368333
920.325978,-1480.411884,-1302.362347,10214.842000
920.326303,-3034.844362,-766.095498,9252.574275
920.326628,-1850.514855,0.000000,10510.924376
920.326953,0.000000,-919.314598,11547.212695
920.327278,-2960.823768,-383.047749,10584.944971
920.327604,-2812.782580,-612.876398,8660.409521
920.327929,962.267725,995.924147,8290.306550
920.328254,2886.803174,612.876398,7772.162391
920.328579,518.144159,995.924147,8808.450710
920.328904,-1924.535449,1072.533697,8586.388927
920.329229,-1184.329507,2145.067394,8808.450710
920.329554,-1184.329507,1762.019645,10214.842000
920.329879,-3849.070898,-459.657299,9992.780217
920.330204,-3108.864956,-306.438199,7105.977043
920.330529,518.144159,1302.362347,7179.997637
920.330854,888.247130,1149.143247,9844.739029
920.331179,-3478.967927,-536.266849,11399.171507
920.331504,-4737.318029,-1608.800546,9030.512492
920.331829,-3034.844362,-536.266849,9474.636058
920.332155,-2072.576638,0.000000,9918.759623
920.332480,-3849.070898,0.000000,8660.409521
920.332805,-2886.803174,153.219100,7254.018232
920.333130,-296.082377,1302.362347,7846.182985
920.333455,888.247130,1302.362347,8364.327145
920.333780,74.020594,842.705048,9178.553681
920.334105,814.226536,0.000000,7698.141797
920.334430,2368.659014,1378.971896,8734.430116
920.334755,3627.009116,2451.505594,11769.274478
920.335080,1776.494261,1915.238745,12731.542202
920.335405,2368.659014,0.000000,9400.615463
920.335730,4441.235652,229.828649,7994.224174
920.336055,5625.565159,2145.067394,9326.594869
920.336380,2442.679609,2911.162892,10807.006753
920.336705,1406.391290,612.876398,10214.842000
920.337031,1628.453072,-842.705048,9696.697840
920.337356,962.267725,153.219100,9030.512492
920.337681,-740.205942,1991.848295,10140.821405
920.338006,444.123565,1378.971896,9400.615463
920.338331,2294.638420,153.219100,8956.491898
920.338656,3923.091493,76.609550,9030.512492
920.338981,518.144159,536.266849,10955.047942
920.339306,-1628.453072,76.609550,7550.100608
920.339631,-1480.411884,383.047749,8290.306550
920.339956,74.020594,-689.485948,11029.068536
920.340281,-1184.329507,76.609550,10288.862594
920.340606,-1480.411884,383.047749,8438.347739
920.340931,1850.514855,1685.410096,7328.038826
920.341256,3849.070898,3217.601092,7772.162391
920.341582,2368.659014,2145.067394,8734.430116
920.341907,814.226536,1455.581446,8290.306550
920.342232,0.000000,1225.752797,7698.141797
920.342557,222.061783,2145.067394,8808.450710
920.342882,222.061783,1608.800546,10807.006753
920.343207,-1998.556043,842.705048,10436.903782
920.343532,-1110.308913,0.000000,8216.285956
920.343857,0.000000,-842.705048,9326.594869
920.344182,-2072.576638,-1608.800546,10288.862594
920.344507,-4737.318029,-1302.362347,10732.986159
920.344832,-5107.421000,-689.485948,9992.780217
920.345157,-3552.988522,-1378.971896,11029.068536
920.345482,-3997.112087,-1149.143247,10584.944971
920.345807,-4515.256246,-229.828649,10140.821405
920.346132,-444.123565,536.266849,8068.244768
920.346458,1998.556043,2298.286494,7846.182985
920.346783,1036.288319,995.924147,9992.780217
920.347108,-888.247130,0.000000,8364.327145
920.347433,-2442.679609,536.266849,9030.512492
920.347758,-1258.350101,995.924147,9252.574275
920.348083,-1406.391290,383.047749,10066.800811
920.348408,-1924.535449,-1149.143247,9178.553681
920.348733,888.247130,842.705048,7994.224174
920.349058,3849.070898,1225.752797,7920.203579
920.349383,2590.720797,689.485948,9474.636058
920.349708,518.144159,0.000000,8216.285956
920.350033,-666.185348,1532.190996,8068.244768
920.350358,1924.535449,2451.505594,8660.409521
920.350683,3478.967927,1762.019645,9326.594869
920.351009,2146.597232,1532.190996,9400.615463
920.351334,3182.885551,1302.362347,8216.285956
920.351659,4219.173869,1072.533697,8216.285956
920.351984,2220.617826,76.609550,10658.965565
920.352309,518.144159,-536.266849,10436.903782
920.352634,-1998.556043,-459.657299,10955.047942
920.352959,-1776.494261,-689.485948,10584.944971
920.353284,-1110.308913,-1225.752797,11177.109724
920.353609,-962.267725,-766.095498,10658.965565
920.353934,1332.370696,459.657299,9252.574275
920.354259,3256.906145,1608.800546,7772.162391
920.354584,2368.659014,1532.190996,9696.697840
920.354909,1998.556043,1991.848295,9770.718434
920.355234,2072.576638,2681.334243,8364.327145
920.355559,1036.288319,2834.553343,8216.285956
920.355885,148.041188,1608.800546,9696.697840
920.356210,296.082377,1455.581446,9400.615463
920.356535,1406.391290,1608.800546,8364.327145
920.356860,222.061783,153.219100,7994.224174
920.357185,-3849.070898,-612.876398,9474.636058
920.357510,-3330.926739,-689.485948,8586.388927
920.357835,-2072.576638,689.485948,9548.656652
920.358160,-814.226536,383.047749,9770.718434
920.358485,-2220.617826,766.095498,7994.224174
920.358810,-1628.453072,306.438199,6809.894666
920.359135,1110.308913,2145.067394,8734.430116
920.359460,2072.576638,2374.896044,8216.285956
920.359785,-296.082377,766.095498,9474.636058
920.360110,-740.205942,-1302.362347,9400.615463
920.360436,-1554.432478,536.266849,11177.109724
920.360761,-3627.009116,306.438199,12361.439231
920.361086,-3849.070898,-1225.752797,11399.171507
920.361411,-4071.132681,-2834.553343,9918.759623
920.361736,-2368.659014,-1149.143247,9326.594869
920.362061,1110.308913,1072.533697,9178.553681
920.362386,-296.082377,612.876398,10807.006753
920.362711,-1776.494261,-842.705048,9474.636058
920.363036,-740.205942,1072.533697,10807.006753
920.363361,0.000000,2298.286494,9918.759623
920.363686,-518.144159,1378.971896,8142.265362
920.364011,518.144159,76.609550,7402.059420
920.364336,1628.453072,2604.724693,6957.935855
920.364661,1406.391290,2911.162892,7105.977043
920.364986,148.041188,229.828649,9178.553681
920.365312,0.000000,-1378.971896,8290.306550
920.365637,148.041188,1685.410096,8438.347739
920.365962,370.102971,2374.896044,9178.553681
920.366287,74.020594,1302.362347,9030.512492
920.366612,2738.761985,306.438199,7772.162391
920.366937,4441.235652,1762.019645,8660.409521
920.367262,5847.626942,3217.601092,8216.285956
920.367587,2886.803174,1762.019645,9548.656652
920.367912,1036.288319,-383.047749,9474.636058
920.368237,-222.061783,612.876398,10658.965565
920.368562,0.000000,612.876398,11547.212695
920.368887,-1110.308913,0.000000,11325.150913
920.369212,-1628.453072,-1838.629195,9844.739029
920.369537,1110.308913,-229.828649,8734.430116
920.369863,2516.700203,919.314598,9326.594869
920.370188,0.000000,0.000000,11103.089130
920.370513,-1850.514855,-1149.143247,10214.842000
920.370838,-1110.308913,0.000000,11251.130318
920.371163,1036.288319,1378.971896,12139.377449
920.371488,-1332.370696,0.000000,9918.759623
920.371813,-1628.453072,-383.047749,7550.100608
920.372138,2146.597232,1302.362347,7179.997637
920.372463,4737.318029,3753.867940,8068.244768
920.372788,1406.391290,2374.896044,9622.677246
920.373113,-666.185348,383.047749,7328.038826
920.373438,-592.164754,842.705048,7328.038826
920.373763,0.000000,3064.381992,8956.491898
920.374088,-592.164754,842.705048,8956.491898
920.374413,-2294.638420,-153.219100,7920.203579
920.374739,-296.082377,612.876398,8364.327145
920.375064,2294.638420,1149.143247,9474.636058
920.375389,592.164754,-842.705048,9104.533087
920.375714,-2738.761985,-2604.724693,7698.141797
920.376039,-3478.967927,76.609550,9696.697840
920.376364,-1628.453072,1685.410096,11325.150913
920.376689,-1998.556043,76.609550,10807.006753
920.377014,-3182.885551,-2145.067394,9844.739029
920.377339,-1406.391290,-766.095498,7920.203579
920.377664,1554.432478,2298.286494,7624.121203
920.377989,1554.432478,1302.362347,9548.656652
920.378314,-888.247130,-1225.752797,10510.924376
920.378639,-1702.473667,153.219100,10510.924376
920.378964,-962.267725,1532.190996,11399.171507
920.379289,-1480.411884,76.609550,10584.944971
920.379614,-1776.494261,-2374.896044,7772.162391
920.379939,370.102971,-919.314598,7402.059420
920.380264,3849.070898,1762.019645,8068.244768
920.380589,2368.659014,2145.067394,10140.821405
920.380914,-592.164754,-1378.971896,9548.656652
920.381239,-1258.350101,153.219100,8364.327145
920.381564,-740.205942,1838.629195,8660.409521
920.381889,-740.205942,842.705048,8216.285956
920.382214,-814.226536,0.000000,8142.265362
920.382539,888.247130,383.047749,9104.533087
920.382864,2886.803174,1915.238745,7402.059420
920.383189,2368.659014,919.314598,9252.574275
920.383514,-518.144159,-919.314598,8734.430116
920.383839,-2072.576638,0.000000,8364.327145
920.384164,370.102971,842.705048,9844.739029
920.384489,444.123565,1149.143247,12509.480420
920.384814,-444.123565,-229.828649,10658.965565
920.385139,1110.308913,1072.533697,8142.265362
920.385464,4367.215058,1685.410096,8290.306550
920.385788,2886.803174,2068.457845,9474.636058
920.386113,666.185348,1072.533697,9474.636058
920.386438,814.226536,1455.581446,9474.636058
920.386763,2442.679609,612.876398,10436.903782
920.387088,518.144159,1225.752797,12583.501014
920.387413,-222.061783,1915.238745,12435.459826
920.387738,592.164754,1302.362347,8734.430116
920.388063,2072.576638,-919.314598,7698.141797
920.388388,962.267725,-995.924147,8660.409521
920.388713,-1924.535449,3140.991542,10955.047942
920.389038,-2664.741391,3294.210641,10436.903782
920.389363,-3997.112087,229.828649,10288.862594
920.389688,-4885.359217,-1991.848295,6957.935855
920.390013,-4959.379811,383.047749,5033.400406
920.390338,-1554.432478,2987.772442,4219.173869
920.390663,444.123565,3907.087040,5995.668130
920.390988,592.164754,1915.238745,8290.306550
920.391313,-592.164754,383.047749,8586.388927
920.391638,-740.205942,1455.581446,7476.080014
920.391963,-296.082377,2681.334243,8290.306550
920.392288,222.061783,2757.943793,10807.006753
920.392613,2294.638420,1378.971896,12065.356855
920.392938,3034.844362,1378.971896,11399.171507
920.393263,3775.050304,1149.143247,8216.285956
920.393588,1924.535449,536.266849,8660.409521
920.393913,74.020594,306.438199,10362.883188
920.394238,-1110.308913,1685.410096,11473.192101
920.394563,-370.102971,306.438199,12731.542202
920.394888,-1702.473667,-1302.362347,11325.150913
920.395213,-1924.535449,-2221.676944,10066.800811
920.395538,-2146.597232,-689.485948,8438.347739
920.395863,-1776.494261,-229.828649,7402.059420
920.396188,-2072.576638,-1378.971896,9770.718434
920.396513,-2072.576638,-2528.115143,10140.821405
920.396838,-2960.823768,-1072.533697,9326.594869
920.397163,-2812.782580,0.000000,9252.574275
920.397488,-2072.576638,-995.924147,8956.491898
920.397813,-592.164754,-1838.629195,7920.203579
920.398138,3552.988522,0.000000,7698.141797
920.398463,6365.771101,2068.457845,8364.327145
920.398788,5773.606348,919.314598,9474.636058
920.399113,3849.070898,689.485948,9104.533087
920.399438,3923.091493,76.609550,9474.636058
920.399763,2072.576638,1378.971896,10510.924376
920.400088,2146.597232,-612.876398,8586.388927
920.400413,2072.576638,-459.657299,9474.636058
920.400738,1480.411884,-689.485948,9992.780217
920.401063,1258.350101,76.609550,8734.430116
920.401388,0.000000,-995.924147,8882.471304
920.401713,-1554.432478,-3064.381992,8808.450710
920.402037,-2072.576638,-1149.143247,9030.512492
920.402362,-1110.308913,459.657299,9770.718434
920.402687,-1110.308913,689.485948,9844.739029
920.403012,-888.247130,-612.876398,8438.347739
920.403337,814.226536,229.828649,8290.306550
920.403662,2738.761985,1225.752797,8438.347739
920.403987,2072.576638,459.657299,9696.697840
920.404312,-296.082377,-1072.533697,10288.862594
920.404637,-592.164754,-229.828649,10732.986159
920.404962,-1110.308913,383.047749,11695.253884
920.405287,-1702.473667,-612.876398,11325.150913
920.405612,-1850.514855,-919.314598,10066.800811
920.405937,-444.123565,766.095498,10510.924376
920.406262,1480.411884,1991.848295,9622.677246
920.406587,-666.185348,1302.362347,8216.285956
920.406912,-2072.576638,-459.657299,6883.915261
920.407237,-1332.370696,1532.190996,7920.203579
920.407562,-2368.659014,3907.087040,9770.718434
920.407887,-5551.544565,2451.505594,9474.636058
920.408212,-4367.215058,-76.609550,6661.853478
920.408537,-592.164754,1915.238745,6291.750507
920.408862,1258.350101,3370.820191,6587.832884
920.409187,-518.144159,2451.505594,8216.285956
920.409512,0.000000,919.314598,8956.491898
920.409837,74.020594,2834.553343,11103.089130
920.410162,592.164754,3064.381992,11177.109724
920.410487,296.082377,3524.039291,9696.697840
920.410812,1406.391290,2757.943793,9178.553681
920.411137,4071.132681,4826.401637,8956.491898
920.411462,5403.503377,3524.039291,9770.718434
920.411787,2664.741391,2374.896044,9622.677246
920.412112,-888.247130,1685.410096,9474.636058
920.412437,-2294.638420,1915.238745,9548.656652
920.412762,-2294.638420,919.314598,9474.636058
920.413087,-5107.421000,153.219100,10214.842000
920.413412,-4811.338623,0.000000,8290.306550
920.413737,-2368.659014,229.828649,7920.203579
920.414062,444.123565,612.876398,7031.956449
920.414387,-888.247130,1072.533697,7846.182985
920.414712,-2738.761985,-153.219100,7920.203579
920.415037,-1332.370696,0.000000,6957.935855
920.415362,1702.473667,76.609550,9474.636058
920.415687,1702.473667,383.047749,11917.315666
920.416012,1628.453072,1762.019645,10288.862594
920.416337,4515.256246,229.828649,8734.430116
920.416662,7476.080014,0.000000,8808.450710
920.416987,5551.544565,-306.438199,9992.780217
920.417312,2516.700203,-229.828649,10066.800811
920.417637,2516.700203,-612.876398,9844.739029
920.417962,2442.679609,-1225.752797,11473.192101
920.418286,0.000000,-1915.238745,11917.315666
920.418611,-962.267725,-1762.019645,10584.944971
920.418936,0.000000,-1991.848295,7772.162391
920.419261,2072.576638,-1915.238745,7994.224174
920.419586,2072.576638,-1762.019645,9548.656652
920.419911,-1776.494261,-306.438199,9548.656652
920.420236,-2516.700203,-1302.362347,8660.409521
920.420561,-2294.638420,-1838.629195,9326.594869
920.420886,-3849.070898,-3064.381992,9622.677246
920.421211,-3108.864956,-2987.772442,9178.553681
920.421536,0.000000,-1378.971896,8586.388927
920.421861,1554.432478,-153.219100,9474.636058
920.422186,222.061783,-612.876398,9992.780217
920.422511,-1850.514855,-1685.410096,9474.636058
920.422836,-1554.432478,-612.876398,9252.574275
920.423161,444.123565,766.095498,9548.656652
920.423486,592.164754,842.705048,10140.821405
920.423811,74.020594,919.314598,10214.842000
920.424136,1850.514855,2451.505594,9622.677246
920.424461,2590.720797,2528.115143,9696.697840
920.424786,1850.514855,1532.190996,8290.306550
920.425111,-370.102971,76.609550,7698.141797
920.425436,-1924.535449,2528.115143,8364.327145
920.425761,-814.226536,3753.867940,8660.409521
920.426086,-2146.597232,2451.505594,10066.800811
920.426411,-2664.741391,0.000000,8364.327145
920.426736,-1110.308913,1915.238745,6735.874072
920.427061,1998.556043,2681.334243,7254.018232
920.427386,2738.761985,2604.724693,9622.677246
920.427711,666.185348,1762.019645,10140.821405
920.428036,-1184.329507,1915.238745,10066.800811
920.428361,-962.267725,1991.848295,9622.677246
920.428686,-1258.350101,1149.143247,10288.862594
920.429011,-1628.453072,536.266849,8290.306550
920.429336,-1258.350101,1455.581446,6661.853478
920.429661,666.185348,1225.752797,7550.100608
920.429986,-1036.288319,1991.848295,11769.274478
920.430311,-2812.782580,842.705048,11843.295072
920.430636,-4811.338623,995.924147,11695.253884
920.430961,-3923.091493,-1532.190996,7994.224174
920.431286,-3182.885551,-2374.896044,7846.182985
920.431611,-1554.432478,-842.705048,9400.615463
920.431936,222.061783,3907.087040,9400.615463
920.432261,1554.432478,3447.429741,10807.006753
920.432586,2738.761985,76.609550,9622.677246
920.432911,2590.720797,-689.485948,7476.080014
920.433236,2738.761985,1685.410096,6661.853478
920.433561,5107.421000,3370.820191,6883.915261
920.433886,4959.379811,3524.039291,12583.501014
920.434211,5477.523971,3064.381992,12953.603985
920.434535,5403.503377,3370.820191,10658.965565
920.434860,5551.544565,995.924147,8586.388927
920.435185,4367.215058,153.219100,6291.750507
920.435510,1702.473667,1685.410096,9030.512492
920.435835,-370.102971,1455.581446,9548.656652
920.436160,-1776.494261,229.828649,10140.821405
920.436485,-5699.585753,-1685.410096,10510.924376
920.436810,-6587.832884,-2451.505594,8438.347739
920.437135,-5995.668130,-3064.381992,6809.894666
920.437460,-5625.565159,-2528.115143,8956.491898
920.437785,-3775.050304,-1685.410096,9622.677246
920.438110,-2368.659014,-2068.457845,9474.636058
920.438435,-2442.679609,-2451.505594,8216.285956
920.438760,-2516.700203,919.314598,9622.677246
920.439085,-1628.453072,2834.553343,10288.862594
920.439410,1258.350101,1378.971896,9918.759623
920.439735,5773.606348,-1455.581446,9696.697840
920.440060,6291.750507,1225.752797,10214.842000
920.440385,4811.338623,3447.429741,11325.150913
920.440710,4219.173869,612.876398,10214.842000
920.441035,1776.494261,-1455.581446,10436.903782
920.441360,-296.082377,-612.876398,10510.924376
920.441685,0.000000,2757.943793,9844.739029
920.442010,444.123565,1762.019645,9918.759623
920.442335,444.123565,153.219100,8438.347739
920.442660,1184.329507,0.000000,5995.668130
920.442985,-1184.329507,919.314598,6809.894666
920.443310,-2146.597232,612.876398,5773.606348
920.443635,-2368.659014,1378.971896,7994.224174
920.443960,-3108.864956,612.876398,9696.697840
920.444285,-4145.153275,306.438199,9696.697840
920.444610,-3701.029710,-842.705048,8734.430116
920.444935,-888.247130,-2298.286494,7402.059420
920.445260,370.102971,-1608.800546,8586.388927
920.445585,-370.102971,383.047749,10658.965565
920.445910,-1702.473667,995.924147,12287.418637
920.446235,-740.205942,-383.047749,10658.965565
920.446560,-370.102971,-1762.019645,9992.780217
920.446885,296.082377,-689.485948,11917.315666
920.447210,1924.535449,1915.238745,10362.883188
920.447535,3997.112087,2221.676944,8586.388927
920.447860,4441.235652,153.219100,9918.759623
920.448185,1776.494261,1149.143247,9844.739029
920.448510,0.000000,1685.410096,9474.636058
920.448835,148.041188,612.876398,8438.347739
920.449160,74.020594,-1378.971896,9474.636058
920.449485,-1998.556043,-536.266849,11325.150913
920.449810,-1776.494261,1455.581446,9770.718434
920.450135,740.205942,1149.143247,6957.935855
920.450460,2590.720797,153.219100,7105.977043
920.450784,2072.576638,2221.676944,7994.224174
920.451109,1406.391290,2911.162892,6883.915261
920.451434,2812.782580,2374.896044,6661.853478
920.451759,2294.638420,1378.971896,8808.450710
920.452084,-1406.391290,1915.238745,10066.800811
920.452409,-1036.288319,842.705048,7031.956449
920.452734,1554.432478,0.000000,6217.729913
920.453059,2294.638420,-612.876398,9474.636058
920.453384,-740.205942,306.438199,11177.109724
920.453709,-2146.597232,-153.219100,10955.047942
920.454034,-2368.659014,-2528.115143,10732.986159
920.454359,-3775.050304,-3370.820191,11991.336260
920.454684,-5477.523971,-842.705048,13249.686362
920.455009,-3849.070898,0.000000,10807.006753
920.455334,-1998.556043,-76.609550,10510.924376
920.455659,1406.391290,-1991.848295,10436.903782
920.455984,296.082377,-229.828649,9622.677246
920.456309,-296.082377,995.924147,7550.100608
920.456634,296.082377,2221.676944,9548.656652
920.456959,2294.638420,2681.334243,12065.356855
920.457284,1850.514855,3907.087040,10732.986159
920.457609,1998.556043,2987.772442,9178.553681
920.457934,3701.029710,2068.457845,6661.853478
920.458259,5107.421000,4366.744339,6069.688724
920.458584,5403.503377,4060.306139,8364.327145
920.458909,1776.494261,3064.381992,9548.656652
920.459234,-666.185348,2911.162892,8882.471304
920.459559,-1036.288319,3907.087040,7698.141797
920.459884,-2886.803174,2374.896044,8142.265362
920.460209,-5033.400406,459.657299,7846.182985
920.460534,-4885.359217,76.609550,5477.523971
920.460859,-4071.132681,919.314598,7179.997637
920.461184,-5255.462188,383.047749,8808.450710
920.461509,-7328.038826,-383.047749,9178.553681
920.461834,-7105.977043,-459.657299,7846.182985
920.462159,-5921.647536,612.876398,8956.491898
920.462484,-2960.823768,-995.924147,9252.574275
920.462809,-1924.535449,229.828649,12731.542202
920.463134,1258.350101,2374.896044,12065.356855
920.463459,4441.235652,2757.943793,9918.759623
920.463784,6587.832884,0.000000,9844.739029
920.464109,4811.338623,1149.143247,11991.336260
920.464434,5181.441594,4749.792088,11695.253884
920.464759,5773.606348,3907.087040,11991.336260
920.465084,5847.626942,-306.438199,9918.759623
920.465409,2294.638420,-919.314598,9474.636058
920.465734,370.102971,2681.334243,7846.182985
920.466059,3775.050304,2298.286494,6957.935855
920.466384,1776.494261,-1302.362347,8734.430116
920.466709,-2368.659014,-2987.772442,8438.347739
920.467033,-4145.153275,0.000000,9622.677246
920.467358,-1554.432478,229.828649,6883.915261
920.467683,-1998.556043,-1225.752797,7476.080014
920.468008,-2812.782580,-2528.115143,7920.203579
920.468333,-1184.329507,-842.705048,6883.915261
920.468658,3627.009116,1455.581446,6587.832884
920.468983,4959.379811,-229.828649,9178.553681
920.469308,666.185348,-1149.143247,10436.903782
920.469633,-444.123565,-1991.848295,9844.739029
920.469958,1258.350101,-1532.190996,10584.944971
920.470283,1776.494261,-1608.800546,13175.665768
920.470608,1332.370696,-2757.943793,11991.336260
920.470933,1998.556043,-1991.848295,12287.418637
920.471258,2812.782580,-612.876398,10807.006753
920.471583,2368.659014,0.000000,11177.109724
920.471908,1332.370696,-3370.820191,9622.677246
920.472233,-370.102971,-1149.143247,8882.471304
920.472558,-1480.411884,1378.971896,10732.986159
920.472883,-888.247130,2451.505594,10584.944971
920.473208,-1924.535449,383.047749,8808.450710
920.473533,-1480.411884,-1991.848295,5329.482782
920.473858,0.000000,0.000000,5847.626942
920.474183,-296.082377,2145.067394,7402.059420
920.474508,-1924.535449,2068.457845,8808.450710
920.474833,-2516.700203,0.000000,9548.656652
920.475158,-2590.720797,-306.438199,9400.615463
920.475483,-1628.453072,1991.848295,7846.182985
920.475808,-370.102971,2374.896044,7254.018232
920.476133,0.000000,995.924147,7550.100608
920.476458,1184.329507,306.438199,7476.080014
920.476783,74.020594,1608.800546,8438.347739
920.477108,-2146.597232,612.876398,8882.471304
920.477433,-3701.029710,536.266849,9474.636058
920.477758,-3775.050304,459.657299,10955.047942
920.478081,-4367.215058,766.095498,12583.501014
920.478406,-5255.462188,0.000000,11917.315666
920.478731,-3330.926739,-2451.505594,10066.800811
920.479056,-1850.514855,-995.924147,11029.068536
920.479381,-2368.659014,2451.505594,11843.295072
920.479706,-1406.391290,1685.410096,10807.006753
920.480031,-1332.370696,306.438199,10658.965565
920.480356,0.000000,1378.971896,10584.944971
920.480681,3627.009116,3370.820191,7105.977043
920.481005,5551.544565,5209.449386,7698.141797
920.481330,5921.647536,5286.058936,7772.162391
920.481655,7031.956449,6511.811733,7031.956449
920.481980,7105.977043,4903.011187,7772.162391
920.482305,6439.791695,3983.696590,6883.915261
920.482630,4811.338623,3677.258390,7920.203579
920.482955,3552.988522,5592.497135,8068.244768
920.483280,3034.844362,4060.306139,7920.203579
920.483605,1258.350101,1225.752797,8290.306550
920.483930,296.082377,1532.190996,6661.853478
920.484255,0.000000,2528.115143,7846.182985
920.484580,-1480.411884,1378.971896,7846.182985
920.484905,-4441.235652,-1378.971896,8586.388927
920.485230,-5477.523971,-2757.943793,8512.368333
920.485555,-8142.265362,-2221.676944,10214.842000
920.485880,-7476.080014,-2374.896044,9770.718434
920.486205,-6661.853478,-3064.381992,11399.171507
920.486530,-5403.503377,-3217.601092,10732.986159
920.486855,-1480.411884,-2911.162892,10214.842000
920.487180,1332.370696,-1225.752797,12731.542202
920.487505,1554.432478,-612.876398,11917.315666
920.487830,2886.803174,995.924147,12657.521608
920.488155,4663.297435,153.219100,12953.603985
920.488480,3849.070898,1149.143247,12213.398043
920.488805,5255.462188,383.047749,9252.574275
920.489130,7920.203579,1455.581446,8290.306550
920.489455,8808.450710,2834.553343,8216.285956
920.489779,5773.606348,2528.115143,9252.574275
920.490104,2368.659014,76.609550,8364.327145
920.490429,0.000000,0.000000,6735.874072
920.490754,-2072.576638,0.000000,7254.018232
920.491079,-3256.906145,306.438199,7846.182985
920.491404,-4959.379811,-612.876398,7179.997637
920.491729,-4293.194464,-2911.162892,6069.688724
920.492054,-3256.906145,-4213.525239,6587.832884
920.492379,-5773.606348,-2757.943793,8512.368333
920.492704,-6809.894666,-1991.848295,8586.388927
920.493029,-6365.771101,-2757.943793,8438.347739
920.493354,-5403.503377,-4136.915689,11991.336260
920.493679,-5329.482782,-3370.820191,12213.398043
920.494004,-3182.885551,-1149.143247,11399.171507
920.494329,1406.391290,-1915.238745,8882.471304
920.494654,3256.906145,-459.657299,11029.068536
920.494979,4145.153275,2298.286494,13397.727550
920.495304,4145.153275,3907.087040,12657.521608
920.495629,4811.338623,1225.752797,11177.109724
920.495954,3849.070898,229.828649,11769.274478
920.496279,3182.885551,2528.115143,10807.006753
920.496604,2220.617826,3753.867940,9474.636058
920.496929,4293.194464,1838.629195,9104.533087
920.497254,3701.029710,1532.190996,9252.574275
920.497579,814.226536,3064.381992,8290.306550
920.497904,-592.164754,2834.553343,6809.894666
920.498229,-1480.411884,1991.848295,5329.482782
920.498553,-2294.638420,3524.039291,6883.915261
920.498878,-2368.659014,3907.087040,7254.018232
920.499203,-3108.864956,3370.820191,5699.585753
920.499528,-740.205942,2681.334243,4663.297435
920.499853,1924.535449,3294.210641,4737.318029
920.500178,518.144159,3370.820191,7254.018232
920.500503,-1480.411884,995.924147,8438.347739
920.500828,-2220.617826,766.095498,10362.883188
920.501153,-592.164754,1149.143247,11473.192101
920.501478,-1406.391290,1455.581446,11695.253884
920.501803,-1702.473667,-1072.533697,10214.842000
920.502128,0.000000,-1302.362347,10362.883188
920.502453,2886.803174,153.219100,11177.109724
920.502778,3256.906145,995.924147,12361.439231
920.503103,2368.659014,536.266849,12583.501014
920.503428,740.205942,383.047749,12509.480420
920.503753,962.267725,1762.019645,13175.665768
920.504078,1480.411884,2145.067394,12953.603985
920.504403,222.061783,-229.828649,10214.842000
920.504728,0.000000,-1991.848295,7254.018232
920.505053,2590.720797,0.000000,7476.080014
920.505378,2812.782580,2911.162892,8068.244768
920.505703,-740.205942,1915.238745,9992.780217
920.506028,-4811.338623,153.219100,7994.224174
920.506353,-3627.009116,-1762.019645,7031.956449
920.506678,-2072.576638,-1225.752797,6809.894666
920.507003,-2220.617826,-306.438199,5995.668130
920.507327,-1998.556043,1608.800546,6439.791695
920.507652,1258.350101,2451.505594,5551.544565
920.507977,1628.453072,919.314598,7624.121203
920.508302,-2220.617826,-306.438199,9030.512492
920.508627,-3923.091493,536.266849,7031.956449
920.508952,-3108.864956,1685.410096,9030.512492
920.509277,-2516.700203,-1915.238745,10436.903782
920.509602,-4293.194464,-3830.477490,10436.903782
920.509927,-1776.494261,-3524.039291,9844.739029
920.510252,1332.370696,-995.924147,11029.068536
920.510577,1850.514855,0.000000,11843.295072
920.510902,-666.185348,306.438199,14211.954086
920.511227,-370.102971,-689.485948,11547.212695
920.511552,1850.514855,-536.266849,10362.883188
920.511877,2368.659014,-766.095498,10807.006753
920.512202,1480.411884,612.876398,10214.842000
920.512527,1776.494261,2451.505594,8364.327145
920.512852,3034.844362,2298.286494,9474.636058
920.513177,3849.070898,459.657299,10584.944971
920.513502,592.164754,-383.047749,9622.677246
920.513827,-2146.597232,-612.876398,7624.121203
920.514152,-296.082377,0.000000,7179.997637
920.514477,0.000000,995.924147,8734.430116
920.514802,-740.205942,1762.019645,8364.327145
920.515127,222.061783,2757.943793,7179.997637
920.515452,2960.823768,2145.067394,5921.647536
920.515777,3182.885551,1455.581446,6957.935855
920.516102,1924.535449,1915.238745,7402.059420
920.516426,-296.082377,2834.553343,9770.718434
920.516751,666.185348,1915.238745,9474.636058
920.517076,296.082377,383.047749,10881.027347
920.517401,-814.226536,-612.876398,11103.089130
920.517726,-1184.329507,306.438199,9770.718434
920.518051,1110.308913,76.609550,8882.471304
920.518376,2516.700203,995.924147,11029.068536
920.518701,1554.432478,76.609550,12213.398043
920.519026,-962.267725,383.047749,10510.924376
920.519351,-1702.473667,1378.971896,10362.883188
920.519676,0.000000,2145.067394,10881.027347
920.520001,518.144159,2068.457845,10584.944971
920.520326,592.164754,766.095498,9030.512492
920.520651,962.267725,1991.848295,7328.038826
920.520976,1036.288319,2221.676944,8364.327145
920.521301,-888.247130,766.095498,8734.430116
920.521626,-2442.679609,-383.047749,6661.853478
920.521951,-2960.823768,842.705048,8364.327145
920.522276,-3478.967927,3524.039291,9696.697840
920.522601,-3330.926739,2298.286494,8734.430116
920.522926,-1258.350101,-1762.019645,6957.935855
920.523251,-518.144159,-1225.752797,7254.018232
920.523576,-148.041188,2374.896044,8364.327145
920.523901,148.041188,3524.039291,8956.491898
920.524226,0.000000,1149.143247,9400.615463
920.524551,-1480.411884,0.000000,9104.533087
920.524876,-1554.432478,0.000000,8882.471304
920.525200,-1110.308913,1685.410096,9474.636058
920.525525,370.102971,766.095498,10510.924376
920.525850,592.164754,229.828649,10510.924376
920.526175,888.247130,-1455.581446,9548.656652
920.526500,-888.247130,-2374.896044,11103.089130
920.526825,-2590.720797,-1915.238745,9696.697840
920.527150,-2664.741391,-842.705048,11029.068536
920.527475,-296.082377,-1149.143247,11991.336260
920.527800,-370.102971,-689.485948,12361.439231
920.528125,740.205942,-1532.190996,10436.903782
920.528450,3404.947333,-1532.190996,6587.832884
920.528775,2516.700203,612.876398,8512.368333
920.529100,2960.823768,2221.676944,9252.574275
920.529425,2146.597232,2451.505594,7772.162391
920.529750,1776.494261,842.705048,7179.997637
920.530075,1036.288319,0.000000,8660.409521
920.530400,148.041188,1072.533697,9178.553681
920.530725,666.185348,1685.410096,6291.750507
920.531050,2738.761985,229.828649,7328.038826
920.531375,2146.597232,-689.485948,9918.759623
920.531700,74.020594,306.438199,9770.718434
920.532025,-296.082377,153.219100,8808.450710
920.532350,0.000000,383.047749,10362.883188
920.532675,-1480.411884,766.095498,10510.924376
920.533000,-814.226536,995.924147,10658.965565
920.533325,1924.535449,153.219100,8734.430116
920.533650,2812.782580,536.266849,8216.285956
920.533974,1702.473667,1302.362347,9696.697840
920.534299,-518.144159,1838.629195,9770.718434
920.534624,-1110.308913,1302.362347,9252.574275
920.534949,-814.226536,76.609550,11103.089130
920.535274,-2516.700203,76.609550,11769.274478
920.535599,-3923.091493,-459.657299,9622.677246
920.535924,-888.247130,-689.485948,8512.368333
920.536249,2072.576638,0.000000,9400.615463
920.536574,1110.308913,1455.581446,9548.656652
920.536899,-888.247130,3370.820191,9326.594869
920.537224,-444.123565,1532.190996,8364.327145
920.537549,370.102971,766.095498,7179.997637
920.537874,-962.267725,1532.190996,7402.059420
920.538199,-1110.308913,2834.553343,6883.915261
920.538524,1850.514855,3294.210641,7550.100608
920.538849,2590.720797,1608.800546,8438.347739
920.539174,1110.308913,1378.971896,9548.656652
920.539499,-1776.494261,229.828649,9474.636058
920.539824,-1554.432478,229.828649,8882.471304
920.540149,-1258.350101,383.047749,10658.965565
920.540474,-1332.370696,0.000000,11621.233289
920.540799,-2146.597232,-459.657299,9844.739029
920.541124,-2072.576638,-689.485948,8290.306550
920.541449,-1258.350101,229.828649,8438.347739
920.541774,-296.082377,842.705048,8956.491898
920.542099,-1406.391290,306.438199,9696.697840
920.542424,-2220.617826,-1378.971896,8734.430116
920.542748,-2294.638420,-1225.752797,10584.944971
920.543073,-1924.535449,995.924147,11251.130318
920.543398,-1480.411884,1455.581446,11399.171507
920.543723,1110.308913,-1149.143247,8734.430116
920.544048,3701.029710,-459.657299,9252.574275
920.544373,2960.823768,1225.752797,11473.192101
920.544698,2220.617826,2374.896044,10214.842000
920.545023,1480.411884,536.266849,7624.121203
920.545348,2368.659014,-1991.848295,8734.430116
920.545673,1184.329507,76.609550,8068.244768
920.545998,740.205942,3677.258390,9104.533087
920.546323,2442.679609,2221.676944,9030.512492
920.546648,3108.864956,-612.876398,7920.203579
920.546973,1924.535449,-1991.848295,7920.203579
920.547298,-1332.370696,153.219100,9622.677246
920.547623,-962.267725,76.609550,7105.977043
920.547948,-1480.411884,0.000000,9400.615463
920.548273,-1110.308913,-1915.238745,11029.068536
920.548598,-2590.720797,-1072.533697,10658.965565
920.548923,-1628.453072,76.609550,8512.368333
920.549248,1924.535449,-536.266849,9326.594869
920.549573,2368.659014,-1072.533697,9548.656652
920.549898,-370.102971,-306.438199,10288.862594
920.550223,148.041188,1225.752797,9474.636058
920.550548,1702.473667,1455.581446,9326.594869
920.550873,0.000000,1225.752797,11325.150913
920.551198,666.185348,536.266849,10436.903782
920.551522,1776.494261,1762.019645,8364.327145
920.551847,4145.153275,2145.067394,7476.080014
920.552172,4811.338623,1532.190996,10362.883188
920.552497,740.205942,1378.971896,9844.739029
920.552822,-1776.494261,1762.019645,7624.121203
920.553147,-1406.391290,995.924147,9252.574275
920.553472,-888.247130,0.000000,9844.739029
920.553797,-3108.864956,842.705048,9178.553681
920.554122,-2516.700203,306.438199,7920.203579
920.554447,-1184.329507,459.657299,7031.956449
920.554772,-592.164754,842.705048,8216.285956
920.555097,-1110.308913,842.705048,9326.594869
920.555422,-2294.638420,1532.190996,9474.636058
920.555747,-1628.453072,1685.410096,9252.574275
920.556072,-592.164754,2068.457845,10881.027347
920.556397,-666.185348,76.609550,9992.780217
920.556722,-888.247130,229.828649,8586.388927
920.557047,1406.391290,1149.143247,9252.574275
920.557372,2812.782580,1838.629195,10732.986159
920.557697,1406.391290,1225.752797,11621.233289
920.558022,-962.267725,-766.095498,9474.636058
920.558347,-444.123565,-919.314598,8956.491898
920.558672,-518.144159,766.095498,9696.697840
920.558997,-1406.391290,1685.410096,9918.759623
920.559322,-1184.329507,689.485948,9474.636058
920.559647,1184.329507,-536.266849,7402.059420
920.559972,814.226536,612.876398,7920.203579
920.560296,0.000000,1072.533697,8734.430116
920.560621,-1258.350101,1302.362347,8216.285956
920.560946,-1776.494261,536.266849,8068.244768
920.561271,-1184.329507,-766.095498,8586.388927
920.561596,-1628.453072,-689.485948,9548.656652
920.561921,-1110.308913,536.266849,9326.594869
920.562246,1184.329507,459.657299,7698.141797
920.562571,2738.761985,0.000000,8216.285956
920.562896,1332.370696,-1302.362347,10140.821405
920.563221,592.164754,-766.095498,9844.739029
920.563546,296.082377,1302.362347,10436.903782
920.563871,666.185348,766.095498,11029.068536
920.564196,148.041188,-459.657299,11251.130318
920.564521,1480.411884,-766.095498,10955.047942
920.564846,3478.967927,919.314598,10362.883188
920.565171,3701.029710,842.705048,10658.965565
920.565496,740.205942,-383.047749,10436.903782
920.565821,-888.247130,-1149.143247,8956.491898
920.566146,-1480.411884,76.609550,9030.512492
920.566471,-1184.329507,1762.019645,10066.800811
920.566796,-1554.432478,2604.724693,11177.109724
920.567121,0.000000,153.219100,7105.977043
920.567446,962.267725,-612.876398,6143.709319
920.567771,1332.370696,536.266849,7105.977043
920.568096,888.247130,2987.772442,8660.409521
920.568421,888.247130,2834.553343,8068.244768
920.568746,-370.102971,1149.143247,8660.409521
920.569071,-888.247130,-766.095498,7994.224174
920.569395,-518.144159,1915.238745,8956.491898
920.569720,1406.391290,2604.724693,9104.533087
920.570045,1406.391290,1762.019645,8364.327145
920.570370,1110.308913,153.219100,7550.100608
920.570695,-666.185348,-766.095498,8438.347739
920.571020,-2294.638420,306.438199,9918.759623
920.571345,-1850.514855,1532.190996,10436.903782
920.571670,-1554.432478,1455.581446,11621.233289
920.571995,-444.123565,-766.095498,10362.883188
920.572320,370.102971,-995.924147,10881.027347
920.572645,2294.638420,995.924147,10658.965565
920.572970,1924.535449,2451.505594,10362.883188
920.573295,518.144159,919.314598,10140.821405
920.573620,-666.185348,-612.876398,9030.512492
920.573945,-222.061783,459.657299,8512.368333
920.574270,-888.247130,2221.676944,9252.574275
920.574595,-1258.350101,1838.629195,10658.965565
920.574920,-1332.370696,229.828649,8956.491898
920.575245,-222.061783,-689.485948,8956.491898
920.575570,0.000000,0.000000,7772.162391
920.575895,-1480.411884,0.000000,7550.100608
920.576220,-2220.617826,0.000000,9326.594869
920.576545,-1850.514855,229.828649,9622.677246
920.576870,-2664.741391,1225.752797,9770.718434
920.577195,-2886.803174,76.609550,8734.430116
920.577520,-222.061783,-766.095498,7698.141797
920.577845,1258.350101,0.000000,6957.935855
920.578169,1998.556043,919.314598,7254.018232
920.578494,74.020594,919.314598,9844.739029
920.578819,-518.144159,153.219100,9622.677246
920.579144,1036.288319,1072.533697,10732.986159
920.579469,1850.514855,-383.047749,10362.883188
920.579794,-888.247130,-995.924147,10066.800811
920.580119,1258.350101,536.266849,9400.615463
920.580444,4811.338623,2298.286494,11325.150913
920.580769,3923.091493,2068.457845,9992.780217
920.581093,1480.411884,-689.485948,9770.718434
920.581418,518.144159,-459.657299,9474.636058
920.581743,444.123565,2221.676944,10510.924376
920.582068,-148.041188,1532.190996,8734.430116
920.582393,-2516.700203,-306.438199,10362.883188
920.582718,-296.082377,-1991.848295,8068.244768
920.583043,1776.494261,536.266849,6883.915261
920.583368,1776.494261,766.095498,8882.471304
920.583693,-814.226536,1378.971896,10288.862594
920.584017,-1406.391290,995.924147,8364.327145
920.584342,666.185348,76.609550,7920.203579
920.584667,-370.102971,153.219100,9918.759623
920.584992,-1924.535449,766.095498,10658.965565
920.585317,1406.391290,1838.629195,8512.368333
920.585642,5033.400406,306.438199,8068.244768
920.585967,2886.803174,1072.533697,9844.739029
920.586292,444.123565,1532.190996,9474.636058
920.586616,888.247130,1838.629195,8586.388927
920.586941,1554.432478,919.314598,9918.759623
920.587266,-962.267725,383.047749,11769.274478
920.587591,-2664.741391,1225.752797,10658.965565
920.587916,-444.123565,153.219100,8068.244768
920.588241,2886.803174,-306.438199,8956.491898
920.588566,222.061783,-459.657299,10658.965565
920.588891,-3775.050304,536.266849,9918.759623
920.589216,-3256.906145,842.705048,9992.780217
920.589540,-962.267725,-689.485948,10066.800811
920.589865,-2886.803174,-1378.971896,10658.965565
920.590190,-4071.132681,153.219100,9252.574275
920.590515,-1480.411884,1378.971896,7179.997637
920.590840,518.144159,1455.581446,7476.080014
920.591165,0.000000,919.314598,8956.491898
920.591490,-1702.473667,1455.581446,9030.512492
920.591815,-1776.494261,1225.752797,7105.977043
920.592139,-296.082377,1455.581446,7920.203579
920.592464,-1406.391290,76.609550,10362.883188
920.592789,-4367.215058,1915.238745,10584.944971
920.593114,-1628.453072,1838.629195,7698.141797
920.593439,1776.494261,-536.266849,7328.038826
920.593764,1554.432478,-2451.505594,8068.244768
920.594089,-1406.391290,689.485948,8956.491898
920.594414,-1480.411884,2374.896044,9400.615463
920.594739,-1036.288319,1532.190996,9770.718434
920.595063,-814.226536,-1532.190996,8882.471304
920.595388,-444.123565,-2834.553343,10214.842000
920.595713,2220.617826,459.657299,9770.718434
920.596038,4145.153275,2987.772442,10436.903782
920.596363,4441.235652,1915.238745,12435.459826
920.596688,2960.823768,-1149.143247,12361.439231
920.597013,1776.494261,-1225.752797,10584.944971
920.597338,2072.576638,153.219100,9400.615463
920.597662,2220.617826,1685.410096,11325.150913
920.597987,1480.411884,1838.629195,11325.150913
920.598312,1480.411884,919.314598,8068.244768
920.598637,3923.091493,76.609550,6291.750507
920.598962,3330.926739,995.924147,7179.997637
920.599287,1184.329507,2145.067394,7105.977043
920.599612,-962.267725,2911.162892,9178.553681
920.599937,296.082377,1072.533697,7179.997637
920.600261,444.123565,383.047749,7402.059420
920.600586,-1702.473667,-612.876398,9104.533087
920.600911,-2886.803174,306.438199,8216.285956
920.601236,-814.226536,383.047749,7476.080014
920.601561,2072.576638,0.000000,9548.656652
920.601886,-740.205942,0.000000,11695.253884
920.602211,-1480.411884,0.000000,8956.491898
920.602536,-296.082377,1225.752797,8660.409521
920.602861,148.041188,766.095498,10658.965565
920.603185,-888.247130,1302.362347,11399.171507
920.603510,74.020594,1915.238745,10807.006753
920.603835,2294.638420,842.705048,8734.430116
920.604160,2664.741391,612.876398,7994.224174
920.604485,-444.123565,76.609550,11103.089130
920.604810,-3256.906145,2221.676944,11769.274478
920.605135,-2516.700203,2068.457845,8660.409521
920.605460,-2516.700203,-536.266849,9770.718434
920.605784,-3256.906145,-2911.162892,10288.862594
920.606109,-3256.906145,459.657299,9252.574275
920.606434,-1554.432478,2834.553343,8364.327145
920.606759,0.000000,1455.581446,7476.080014
920.607084,-1924.535449,-689.485948,7624.121203
920.607409,-3108.864956,-153.219100,7994.224174
920.607734,-1406.391290,2604.724693,8068.244768
920.608059,-592.164754,3524.039291,9770.718434
920.608384,-1776.494261,995.924147,10584.944971
920.608708,-962.267725,-1991.848295,8956.491898
920.609033,148.041188,-766.095498,7476.080014
920.609358,666.185348,536.266849,8734.430116
920.609683,370.102971,-306.438199,10436.903782
920.610008,-1628.453072,-1302.362347,9844.739029
920.610333,148.041188,-995.924147,9474.636058
920.610658,1702.473667,995.924147,10362.883188
920.610983,-814.226536,2145.067394,11473.192101
920.611307,1332.370696,-1302.362347,7624.121203
920.611632,3775.050304,-1072.533697,9400.615463
920.611957,5847.626942,689.485948,9696.697840
920.612282,4367.215058,4903.011187,11547.212695
920.612607,4737.318029,2374.896044,9696.697840
920.612932,3108.864956,0.000000,9400.615463
920.613257,2590.720797,-1072.533697,9400.615463
920.613582,1702.473667,1072.533697,9918.759623
920.613907,2590.720797,2757.943793,9104.533087
920.614231,3034.844362,1072.533697,9178.553681
920.614556,1628.453072,-919.314598,8142.265362
920.614881,-962.267725,-1608.800546,9104.533087
920.615206,-2812.782580,-919.314598,8438.347739
920.615531,-2886.803174,76.609550,8216.285956
920.615856,-2442.679609,229.828649,9178.553681
920.616181,-1998.556043,76.609550,8808.450710
920.616506,-1628.453072,995.924147,7920.203579
920.616830,222.061783,1455.581446,7994.224174
920.617155,-814.226536,2221.676944,7476.080014
920.617480,-1702.473667,1378.971896,9770.718434
920.617805,-1036.288319,383.047749,9326.594869
920.618130,-1554.432478,306.438199,9770.718434
920.618455,-2368.659014,-383.047749,10214.842000
920.618780,-1702.473667,-306.438199,11103.089130
920.619105,0.000000,306.438199,11473.192101
920.619430,2590.720797,1072.533697,10955.047942
920.619754,2738.761985,1762.019645,10658.965565
920.620079,1850.514855,1685.410096,10732.986159
920.620404,2146.597232,2451.505594,8290.306550
920.620729,518.144159,2068.457845,9400.615463
920.621054,-1258.350101,2068.457845,8660.409521
920.621379,-2220.617826,1838.629195,8808.450710
920.621704,-1332.370696,76.609550,7994.224174
920.622029,-1258.350101,0.000000,8438.347739
920.622353,-2664.741391,306.438199,7698.141797
920.622678,-3701.029710,1149.143247,9178.553681
920.623003,-3923.091493,-919.314598,7179.997637
920.623328,-3256.906145,-1608.800546,7550.100608
920.623653,-4071.132681,0.000000,8364.327145
920.623978,-3182.885551,1149.143247,9178.553681
920.624303,-148.041188,1378.971896,7254.018232
920.624628,2294.638420,1149.143247,9104.533087
920.624952,3478.967927,229.828649,9178.553681
920.625277,888.247130,1685.410096,10066.800811
920.625602,740.205942,153.219100,9696.697840
920.625927,2146.597232,-1072.533697,10807.006753
920.626252,1258.350101,-383.047749,11843.295072
920.626577,1332.370696,995.924147,11547.212695
920.626902,3182.885551,1225.752797,10214.842000
920.627227,4367.215058,459.657299,9030.512492
920.627552,3627.009116,306.438199,9030.512492
920.627876,1184.329507,1608.800546,9844.739029
920.628201,222.061783,1915.238745,7772.162391
920.628526,1184.329507,1455.581446,8882.471304
920.628851,296.082377,383.047749,10214.842000
920.629176,-2294.638420,612.876398,9400.615463
920.629501,-2072.576638,153.219100,8956.491898
920.629826,0.000000,76.609550,7846.182985
920.630151,666.185348,-459.657299,8142.265362
920.630475,-370.102971,-766.095498,8290.306550
920.630800,-1924.535449,766.095498,9104.533087
920.631125,-1332.370696,2145.067394,8290.306550
920.631450,-740.205942,2068.457845,9178.553681
920.631775,-1480.411884,-459.657299,9326.594869
920.632100,-518.144159,-306.438199,8068.244768
920.632425,3034.844362,1532.190996,9474.636058
920.632750,4441.235652,2451.505594,11547.212695
920.633075,1332.370696,1149.143247,11843.295072
920.633399,-962.267725,-1838.629195,9696.697840
920.633724,1258.350101,-1378.971896,9400.615463
920.634049,1258.350101,1455.581446,10732.986159
920.634374,0.000000,2911.162892,10881.027347
920.634699,740.205942,1685.410096,9400.615463
920.635024,1480.411884,-229.828649,7772.162391
920.635349,1258.350101,0.000000,7105.977043
920.635674,-1036.288319,1378.971896,7994.224174
920.635998,-3108.864956,1378.971896,8660.409521
920.636323,-2664.741391,76.609550,9030.512492
920.636648,-4219.173869,0.000000,10732.986159
920.636973,-5847.626942,-1302.362347,10066.800811
920.637298,-4959.379811,-1685.410096,7402.059420
920.637623,-666.185348,-1915.238745,7402.059420
920.637948,592.164754,-459.657299,7254.018232
920.638273,-888.247130,1762.019645,9474.636058
920.638598,-2220.617826,2681.334243,10066.800811
920.638922,296.082377,919.314598,7994.224174
920.639247,740.205942,-766.095498,9918.759623
920.639572,-296.082377,536.266849,10955.047942
920.639897,1110.308913,2451.505594,9622.677246
920.640222,4219.173869,2068.457845,9252.574275
920.640547,4811.338623,0.000000,9474.636058
920.640872,444.123565,-1225.752797,11621.233289
920.641197,0.000000,383.047749,10362.883188
920.641521,1184.329507,2681.334243,10807.006753
920.641846,518.144159,536.266849,11547.212695
920.642171,-2590.720797,-995.924147,11177.109724
920.642496,-2960.823768,-1608.800546,7179.997637
920.642821,-296.082377,995.924147,6513.812290
920.643146,592.164754,842.705048,7698.141797
920.643471,-518.144159,536.266849,8364.327145
920.643796,-592.164754,919.314598,7772.162391
920.644121,592.164754,1762.019645,7772.162391
920.644445,1332.370696,2528.115143,10881.027347
920.644770,666.185348,2298.286494,11547.212695
920.645095,1036.288319,536.266849,8290.306550
920.645420,3256.906145,-842.705048,6735.874072
920.645745,5033.400406,-383.047749,7994.224174
920.646070,2072.576638,2528.115143,11399.171507
920.646395,-962.267725,2911.162892,9992.780217
920.646720,-444.123565,536.266849,8586.388927
920.647044,-518.144159,-919.314598,10955.047942
920.647369,-1554.432478,995.924147,10214.842000
920.647694,-370.102971,1762.019645,8586.388927
920.648019,2368.659014,766.095498,7846.182985
920.648344,2516.700203,612.876398,8586.388927
920.648669,74.020594,2528.115143,9770.718434
920.648994,-444.123565,2068.457845,7994.224174
920.649319,-518.144159,1225.752797,8068.244768
920.649643,-1628.453072,0.000000,9474.636058
920.649968,-2146.597232,612.876398,10436.903782
920.650293,-962.267725,153.219100,9400.615463
920.650618,370.102971,-995.924147,7772.162391
920.650943,1258.350101,-1225.752797,9178.553681
920.651268,1184.329507,-689.485948,9844.739029
920.651593,592.164754,612.876398,8512.368333
920.651918,-518.144159,1302.362347,10436.903782
920.652243,0.000000,0.000000,9918.759623
920.652567,148.041188,1072.533697,11325.150913
920.652892,1184.329507,-612.876398,8586.388927
920.653217,962.267725,383.047749,7328.038826
920.653542,370.102971,995.924147,9844.739029
920.653867,740.205942,383.047749,9252.574275
920.654192,-1258.350101,-919.314598,9326.594869
920.654517,-3701.029710,-1991.848295,9918.759623
920.654842,-4071.132681,0.000000,10288.862594
920.655166,-2812.782580,-689.485948,10066.800811
920.655491,-2368.659014,-995.924147,9696.697840
920.655816,-148.041188,-1685.410096,8882.471304
920.656141,0.000000,919.314598,8956.491898
920.656466,1036.288319,2145.067394,9622.677246
920.656791,1554.432478,612.876398,8586.388927
920.657116,-222.061783,153.219100,8586.388927
920.657441,-296.082377,1302.362347,9992.780217
920.657766,888.247130,3217.601092,10214.842000
920.658090,1702.473667,1225.752797,7920.203579
920.658415,2294.638420,-1455.581446,6661.853478
920.658740,1554.432478,229.828649,8438.347739
920.659065,444.123565,3064.381992,9622.677246
920.659390,-592.164754,3294.210641,9104.533087
920.659715,-962.267725,-1532.190996,8734.430116
920.660040,-3182.885551,-2451.505594,9474.636058
920.660365,-2146.597232,153.219100,9400.615463
920.660689,74.020594,2145.067394,9474.636058
920.661014,444.123565,1378.971896,9474.636058
920.661339,74.020594,306.438199,9622.677246
920.661664,814.226536,76.609550,8512.368333
920.661989,0.000000,459.657299,7254.018232
920.662314,-296.082377,1378.971896,9326.594869
920.662639,0.000000,1915.238745,11547.212695
920.662964,814.226536,2374.896044,11547.212695
920.663289,1702.473667,1378.971896,9622.677246
920.663613,2738.761985,-1225.752797,8882.471304
920.663938,2368.659014,229.828649,10214.842000
920.664263,1258.350101,1915.238745,10955.047942
920.664588,2442.679609,995.924147,9622.677246
920.664913,740.205942,689.485948,10140.821405
920.665238,-222.061783,612.876398,10066.800811
920.665563,-962.267725,2451.505594,8808.450710
920.665888,370.102971,1225.752797,7550.100608
920.666212,592.164754,612.876398,7698.141797
920.666537,740.205942,1532.190996,6661.853478
920.666862,-148.041188,1302.362347,7105.977043
920.667187,-888.247130,612.876398,7698.141797
920.667512,-1776.494261,766.095498,8734.430116
920.667837,-2368.659014,1225.752797,8364.327145
920.668162,-1036.288319,383.047749,9252.574275
920.668487,-592.164754,-995.924147,9992.780217
920.668812,1184.329507,-383.047749,9030.512492
920.669136,1776.494261,459.657299,9992.780217
920.669461,148.041188,0.000000,10955.047942
920.669786,-1332.370696,-1762.019645,9252.574275
920.670111,-962.267725,-1225.752797,10584.944971
920.670436,-444.123565,153.219100,10510.924376
920.670761,-1036.288319,1455.581446,11325.150913
920.671086,-1184.329507,-689.485948,9696.697840
920.671411,666.185348,-1072.533697,8956.491898
920.671735,1332.370696,-229.828649,8364.327145
920.672060,-222.061783,766.095498,10362.883188
920.672385,-1480.411884,1149.143247,9252.574275
920.672710,-1406.391290,-383.047749,8956.491898
920.673035,-2368.659014,-1762.019645,9104.533087
920.673360,-3997.112087,-1302.362347,8956.491898
920.673685,-2812.782580,76.609550,8808.450710
920.674010,666.185348,689.485948,8586.388927
920.674334,1332.370696,306.438199,9104.533087
920.674659,0.000000,-689.485948,8882.471304
920.674984,666.185348,0.000000,7772.162391
920.675309,296.082377,1685.410096,8068.244768
920.675634,814.226536,2221.676944,8364.327145
920.675959,962.267725,1685.410096,8956.491898
920.676284,2368.659014,459.657299,8586.388927
920.676609,4811.338623,2298.286494,9030.512492
920.676934,4071.132681,2681.334243,9844.739029
920.677258,1406.391290,1072.533697,9548.656652
920.677583,74.020594,-1225.752797,8808.450710
920.677908,0.000000,-919.314598,9548.656652
920.678233,-592.164754,689.485948,10807.006753
920.678558,-2960.823768,1378.971896,11251.130318
920.678883,-2146.597232,-536.266849,9844.739029
920.679208,518.144159,-1838.629195,9252.574275
920.679533,740.205942,-383.047749,10288.862594
920.679858,-1850.514855,1302.362347,9992.780217
920.680182,-1924.535449,1762.019645,7846.182985
920.680507,-1406.391290,-1225.752797,8068.244768
920.680832,-1110.308913,-689.485948,10584.944971
920.681157,-2368.659014,3217.601092,11843.295072
920.681482,-1110.308913,4290.134789,8956.491898
920.681807,2664.741391,0.000000,6809.894666
920.682132,4219.173869,-1685.410096,7550.100608
920.682457,814.226536,3217.601092,9252.574275
920.682782,888.247130,5745.716235,7994.224174
920.683106,1850.514855,3524.039291,8364.327145
920.683431,1554.432478,0.000000,9548.656652
920.683756,-370.102971,1149.143247,10732.986159
920.684081,148.041188,3753.867940,6883.915261
920.684406,2664.741391,2757.943793,6587.832884
920.684731,2738.761985,0.000000,8882.471304
920.685056,-370.102971,0.000000,10066.800811
920.685381,-2960.823768,1302.362347,8956.491898
920.685706,-2590.720797,689.485948,8956.491898
920.686031,-3552.988522,-1762.019645,10584.944971
920.686355,-4737.318029,-2451.505594,10955.047942
920.686680,-3701.029710,-1608.800546,10362.883188
920.687005,-666.185348,-229.828649,8956.491898
920.687330,222.061783,-612.876398,9918.759623
920.687655,-1110.308913,-1378.971896,11769.274478
920.687980,-962.267725,-306.438199,9474.636058
920.688305,-296.082377,1991.848295,9178.553681
920.688630,1776.494261,1378.971896,10881.027347
920.688955,740.205942,612.876398,10510.924376
920.689279,370.102971,-306.438199,8438.347739
920.689604,2146.597232,-306.438199,8586.388927
920.689929,2368.659014,1762.019645,9548.656652
920.690254,-666.185348,919.314598,9622.677246
920.690579,-962.267725,-1762.019645,6809.894666
920.690904,-666.185348,-2528.115143,7254.018232
920.691229,-1110.308913,1149.143247,10436.903782
920.691554,-74.020594,4366.744339,9548.656652
920.691879,666.185348,2145.067394,7920.203579
920.692204,2368.659014,-2298.286494,5403.503377
920.692528,2442.679609,-1072.533697,6587.832884
920.692853,2072.576638,3140.991542,9030.512492
920.693178,1332.370696,3064.381992,9474.636058
920.693503,444.123565,-689.485948,9770.718434
920.693828,-888.247130,-3753.867940,10362.883188
920.694153,-2220.617826,-995.924147,11843.295072
920.694478,-1480.411884,-536.266849,10955.047942
920.694803,370.102971,-995.924147,9918.759623
920.695128,2516.700203,-2834.553343,8882.471304
920.695452,-74.020594,-612.876398,11547.212695
920.695777,-1406.391290,1838.629195,9548.656652
920.696102,592.164754,1455.581446,8364.327145
920.696427,1554.432478,0.000000,9474.636058
920.696752,2294.638420,-306.438199,11029.068536
920.697077,2368.659014,4136.915689,10584.944971
920.697402,4293.194464,5362.668486,9622.677246
920.697727,4737.318029,1455.581446,7698.141797
920.698052,1850.514855,-2528.115143,7772.162391
920.698377,-2368.659014,0.000000,8660.409521
920.698701,-814.226536,4673.182538,8364.327145
920.699026,0.000000,4366.744339,9622.677246
920.699351,-1258.350101,-1455.581446,9918.759623
920.699676,-2146.597232,-4213.525239,8290.306550
920.700001,-1998.556043,-842.705048,6661.853478
920.700326,-296.082377,3600.648841,8142.265362
920.700651,1258.350101,2374.896044,10807.006753
920.700976,-592.164754,-689.485948,9030.512492
920.701301,-1850.514855,-2604.724693,6587.832884
920.701625,-1036.288319,-842.705048,7624.121203
920.701950,-1332.370696,2374.896044,10807.006753
920.702275,-148.041188,1762.019645,11399.171507
920.702600,1850.514855,-306.438199,9400.615463
920.702925,1628.453072,-1608.800546,9326.594869
920.703250,1258.350101,-1378.971896,9548.656652
920.703575,296.082377,229.828649,11473.192101
920.703900,0.000000,1302.362347,11843.295072
920.704225,1332.370696,1685.410096,9844.739029
920.704550,1332.370696,0.000000,8808.450710
920.704874,814.226536,-153.219100,9326.594869
920.705199,1776.494261,995.924147,9104.533087
920.705524,2812.782580,2604.724693,8142.265362
920.705849,2812.782580,919.314598,9104.533087
920.706174,2368.659014,-1532.190996,8734.430116
920.706499,-222.061783,-1608.800546,7698.141797
920.706824,-592.164754,-995.924147,8808.450710
920.707149,-666.185348,-612.876398,9918.759623
920.707474,-518.144159,153.219100,9474.636058
920.707798,1554.432478,-2681.334243,7550.100608
920.708123,3404.947333,-2834.553343,7254.018232
920.708448,4589.276840,-1532.190996,7624.121203
920.708773,4145.153275,459.657299,10066.800811
920.709098,2146.597232,-229.828649,9918.759623
920.709423,2146.597232,-3983.696590,7476.080014
920.709748,3034.844362,-3294.210641,9622.677246
920.710073,3256.906145,-1991.848295,13175.665768
920.710398,2220.617826,-766.095498,10807.006753
920.710723,1850.514855,-2604.724693,10140.821405
920.711047,2664.741391,-5745.716235,9474.636058
920.711372,4071.132681,-3753.867940,9104.533087
920.711697,3701.029710,-1072.533697,8586.388927
920.712022,2664.741391,-612.876398,9844.739029
920.712347,2738.761985,-1915.238745,9622.677246
920.712672,1776.494261,-2298.286494,10807.006753
920.712997,3330.926739,-2604.724693,10881.027347
920.713322,2072.576638,-3064.381992,10288.862594
920.713647,1036.288319,-3064.381992,9696.697840
920.713971,3849.070898,-4136.915689,8956.491898
920.714296,4959.379811,-2374.896044,8512.368333
920.714621,2960.823768,-919.314598,6439.791695
920.714946,2960.823768,306.438199,7402.059420
920.715271,2516.700203,-1302.362347,7105.977043
920.715596,1924.535449,-2298.286494,8290.306550
920.715921,74.020594,-1302.362347,10955.047942
920.716246,-74.020594,-1225.752797,10214.842000
920.716571,222.061783,-1455.581446,9770.718434
920.716896,2368.659014,-3830.477490,11399.171507
920.717220,1184.329507,-3140.991542,8882.471304
920.717545,1776.494261,-229.828649,7031.956449
920.717870,4145.153275,153.219100,6735.874072
920.718195,2812.782580,306.438199,9030.512492
920.718520,1258.350101,-306.438199,10066.800811
920.718845,-74.020594,0.000000,10140.821405
920.719170,-444.123565,-2987.772442,10288.862594
920.719495,-518.144159,-4290.134789,12509.480420
920.719820,0.000000,-2451.505594,13619.789333
920.720144,0.000000,-229.828649,12287.418637
920.720469,1776.494261,1302.362347,9918.759623
920.720794,4441.235652,-459.657299,8364.327145
920.721119,5625.565159,306.438199,6513.812290
920.721444,4885.359217,3217.601092,4737.318029
920.721769,4811.338623,3370.820191,6439.791695
920.722094,3701.029710,1455.581446,7476.080014
920.722419,888.247130,-1225.752797,8660.409521
920.722744,-1998.556043,-2757.943793,10881.027347
920.723069,-1702.473667,-3447.429741,10584.944971
920.723393,-1184.329507,-2298.286494,11029.068536
920.723718,-148.041188,-3370.820191,11917.315666
920.724043,74.020594,-1455.581446,10066.800811
920.724368,2220.617826,-383.047749,7994.224174
920.724693,4441.235652,1685.410096,7328.038826
920.725018,6365.771101,2757.943793,5107.421000
920.725343,6587.832884,2221.676944,4145.153275
920.725668,5551.544565,-306.438199,5477.523971
920.725993,4737.318029,-229.828649,7105.977043
920.726317,2516.700203,-1762.019645,11547.212695
920.726642,444.123565,-4826.401637,13175.665768
920.726967,-148.041188,-6358.592633,13841.851115
920.727292,0.000000,-6358.592633,14508.036463
920.727617,1406.391290,-4213.525239,15174.221811
920.727942,1776.494261,-1762.019645,13545.768739
920.728267,1998.556043,-1072.533697,10881.027347
920.728592,4367.215058,-689.485948,6883.915261
920.728917,5995.668130,-306.438199,4515.256246
920.729242,5255.462188,919.314598,2664.741391
920.729566,4811.338623,919.314598,2738.761985
920.729891,3997.112087,-1225.752797,4959.379811
920.730216,1628.453072,-3830.477490,8512.368333
920.730541,-1554.432478,-7277.907231,11547.212695
920.730866,-3182.885551,-8427.050478,14211.954086
920.731191,-3404.947333,-8120.612279,16136.489536
920.731516,-2886.803174,-6818.249932,17098.757260
920.731841,-962.267725,-4903.011187,15840.407159
920.732166,1036.288319,-1608.800546,13101.645173
920.732490,3775.050304,2145.067394,9178.553681
920.732815,6291.750507,4443.353888,5847.626942
920.733140,7994.224174,6205.373534,2294.638420
920.733465,7179.997637,5898.935335,1258.350101
920.733790,6587.832884,3140.991542,1036.288319
920.734115,6439.791695,1455.581446,1776.494261
920.734440,3849.070898,-1225.752797,5921.647536
920.734765,1258.350101,-6052.154434,9030.512492
920.735090,-1924.535449,-9346.365076,12435.459826
920.735415,-3478.967927,-11261.603821,15988.448347
920.735739,-4441.235652,-10112.460574,17912.983796
920.736064,-5033.400406,-8350.440928,19245.354492
920.736389,-3849.070898,-5362.668486,17172.777854
920.736714,-814.226536,-1225.752797,14656.077652
920.737039,1184.329507,3370.820191,11029.068536
920.737364,2960.823768,8120.612279,6661.853478
920.737689,4959.379811,10801.946522,2294.638420
920.738014,7402.059420,10189.070123,-222.061783
920.738339,7105.977043,8427.050478,-222.061783
920.738663,4589.276840,6435.202183,1036.288319
920.738988,2368.659014,4290.134789,2368.659014
920.739313,1850.514855,-2145.067394,4663.297435
920.739638,-740.205942,-7507.735880,8956.491898
920.739963,-592.164754,-10265.679673,13101.645173
920.740288,-444.123565,-9269.755526,15026.180623
920.740613,1480.411884,-9116.536426,16432.571912
920.740938,4293.194464,-9422.974625,16580.613101
920.741263,7031.956449,-5898.935335,14730.098246
920.741588,8142.265362,689.485948,12287.418637
920.741912,9622.677246,5822.325785,10732.986159
920.742237,10510.924376,6971.469032,7846.182985
920.742562,7105.977043,6358.592633,6513.812290
920.742887,3923.091493,6511.811733,5403.503377
920.743212,518.144159,7890.783629,6439.791695
920.743537,-3330.926739,4826.401637,7254.018232
920.743862,-6587.832884,-1685.410096,8438.347739
920.744187,-9104.533087,-7354.516781,8438.347739
920.744512,-10140.821405,-9576.193725,8364.327145
920.744836,-8586.388927,-9959.241474,9992.780217
920.745161,-5255.462188,-9576.193725,11251.130318
920.745486,-2960.823768,-9499.584175,11399.171507
920.745811,222.061783,-8963.317327,11769.274478
920.746136,4663.297435,-5056.230287,10881.027347
920.746461,9696.697840,-459.657299,10584.944971
920.746786,13545.768739,2757.943793,9770.718434
920.747111,15174.221811,3907.087040,8734.430116
920.747436,14656.077652,5975.544884,6513.812290
920.747761,13619.789333,7048.078582,6587.832884
920.748085,11843.295072,5592.497135,7402.059420
920.748410,8586.388927,4673.182538,7105.977043
920.748735,4589.276840,2987.772442,6439.791695
920.749060,-814.226536,-1532.190996,6513.812290
920.749385,-4885.359217,-7584.345430,6661.853478
920.749710,-7920.203579,-12257.527968,9252.574275
920.750035,-10140.821405,-13483.280765,11103.089130
920.750360,-10214.842000,-12793.794817,11843.295072
920.750685,-8956.491898,-11951.089769,12435.459826
920.751009,-5477.523971,-11031.775171,13397.727550
920.751334,-1628.453072,-7048.078582,14211.954086
920.751659,1258.350101,-3447.429741,15026.180623
920.751984,3552.988522,612.876398,13915.871710
920.752309,7698.141797,2374.896044,12509.480420
920.752634,9992.780217,4366.744339,11843.295072
920.752959,9178.553681,6741.640382,9844.739029
920.753284,7254.018232,8044.002729,8734.430116
920.753609,5773.606348,6358.592633,7846.182985
920.753934,4219.173869,4749.792088,6291.750507
920.754258,592.164754,2374.896044,4663.297435
920.754583,-1924.535449,153.219100,3034.844362
920.754908,-3330.926739,-1762.019645,3034.844362
920.755233,-3997.112087,-3294.210641,4145.153275
920.755558,-4071.132681,-2834.553343,5329.482782
920.755883,-3330.926739,-3140.991542,6587.832884
920.756208,-2146.597232,-1915.238745,7846.182985
920.756533,888.247130,-1149.143247,8956.491898
920.756858,3775.050304,0.000000,10658.965565
920.757182,4071.132681,1378.971896,11029.068536
920.757507,4737.318029,3064.381992,11621.233289
920.757832,7994.224174,2757.943793,10732.986159
920.758157,8290.306550,2374.896044,10362.883188
920.758482,6513.812290,1915.238745,9252.574275
920.758807,5403.503377,2068.457845,8882.471304
920.759132,5477.523971,1532.190996,10362.883188
920.759457,4219.173869,-842.705048,11621.233289
920.759782,1850.514855,-4213.525239,11547.212695
920.760107,-666.185348,-6281.983084,11547.212695
920.760431,-666.185348,-6435.202183,12139.377449
920.760756,740.205942,-4596.572988,12139.377449
920.761081,1332.370696,-4290.134789,12139.377449
920.761406,0.000000,-4443.353888,9918.759623
920.761731,370.102971,-2834.553343,9400.615463
920.762056,2294.638420,306.438199,9548.656652
920.762381,3923.091493,2451.505594,8216.285956
920.762706,2664.741391,1685.410096,5329.482782
920.763031,2812.782580,-306.438199,5329.482782
920.763355,2812.782580,1685.410096,7328.038826
920.763680,3182.885551,3830.477490,7772.162391
920.764005,2368.659014,2145.067394,6809.894666
920.764330,1184.329507,-2451.505594,6735.874072
920.764655,0.000000,-3447.429741,8512.368333
920.764980,888.247130,-1149.143247,9918.759623
920.765305,666.185348,-1991.848295,11325.150913
920.765630,-1332.370696,-5056.230287,11547.212695
920.765955,-2442.679609,-6665.030833,11547.212695
920.766280,-740.205942,-4213.525239,11769.274478
920.766604,-222.061783,-1225.752797,10955.047942
920.766929,-370.102971,-1532.190996,9474.636058
920.767254,-518.144159,-2374.896044,8956.491898
920.767579,148.041188,-1838.629195,8216.285956
920.767904,1258.350101,766.095498,8068.244768
920.768229,1924.535449,1072.533697,9104.533087
920.768554,296.082377,-766.095498,7772.162391
920.768879,592.164754,-2451.505594,8142.265362
920.769204,2220.617826,-3217.601092,9918.759623
920.769528,2368.659014,-2911.162892,10066.800811
920.769853,2738.761985,-3064.381992,10214.842000
920.770178,3849.070898,-4060.306139,9696.697840
920.770503,4737.318029,-4136.915689,9030.512492
920.770828,6217.729913,-2068.457845,9252.574275
920.771153,8216.285956,-536.266849,8438.347739
920.771478,9326.594869,0.000000,7994.224174
920.771803,8956.491898,-995.924147,7698.141797
920.772128,9548.656652,-229.828649,7105.977043
920.772453,9400.615463,536.266849,7476.080014
920.772777,8808.450710,0.000000,8364.327145
920.773102,6365.771101,-1532.190996,8956.491898
920.773427,4441.235652,-3524.039291,9474.636058
920.773752,3256.906145,-4749.792088,10436.903782
920.774077,2146.597232,-5669.106685,11399.171507
920.774402,148.041188,-6281.983084,11695.253884
920.774727,-1628.453072,-6358.592633,11251.130318
920.775052,-1776.494261,-5592.497135,10807.006753
920.775377,-1036.288319,-4979.620737,12213.398043
920.775702,-1406.391290,-3907.087040,11991.336260
920.776026,-2812.782580,-2757.943793,11177.109724
920.776351,-1850.514855,-1915.238745,10732.986159
920.776676,0.000000,-1072.533697,10658.965565
920.777001,296.082377,1378.971896,10140.821405
920.777326,-444.123565,2451.505594,8660.409521
920.777651,-296.082377,1915.238745,7105.977043
920.777976,814.226536,1762.019645,7105.977043
920.778301,740.205942,1838.629195,7402.059420
920.778626,-740.205942,1608.800546,6661.853478
920.778950,-1702.473667,1302.362347,5847.626942
920.779275,-444.123565,-919.314598,7624.121203
920.779600,296.082377,-1378.971896,8068.244768
920.779925,-444.123565,-229.828649,8364.327145
920.780250,-666.185348,76.609550,9030.512492
920.780575,0.000000,-153.219100,9400.615463
920.780900,962.267725,459.657299,9770.718434
920.781225,1776.494261,1149.143247,9696.697840
920.781550,1110.308913,1915.238745,8808.450710
920.781875,1406.391290,1685.410096,7105.977043
920.782199,3849.070898,1072.533697,7550.100608
920.782524,4737.318029,536.266849,7772.162391
920.782849,3775.050304,76.609550,6809.894666
920.783174,4441.235652,-1225.752797,7550.100608
920.783499,5181.441594,-2757.943793,8882.471304
920.783824,4737.318029,-3830.477490,10807.006753
920.784149,3775.050304,-4596.572988,12731.542202
920.784473,2738.761985,-4749.792088,13989.892304
920.784798,3701.029710,-4826.401637,14878.139434
920.785123,4959.379811,-4519.963438,15544.324782
920.785448,4959.379811,-2145.067394,14063.912898
920.785773,4737.318029,306.438199,10732.986159
920.786098,6069.688724,1455.581446,9178.553681
920.786422,6661.853478,2451.505594,7254.018232
920.786747,5847.626942,2987.772442,4885.359217
920.787072,4885.359217,2528.115143,2664.741391
920.787397,3182.885551,1455.581446,2590.720797
920.787722,2368.659014,-306.438199,4441.235652
920.788047,1406.391290,-2374.896044,6883.915261
920.788371,1406.391290,-5132.839837,7105.977043
920.788696,1850.514855,-8580.269578,7476.080014
920.789021,3330.926739,-9422.974625,10436.903782
920.789346,3997.112087,-8503.660028,11695.253884
920.789671,3701.029710,-6818.249932,12509.480420
920.789996,3627.009116,-6971.469032,13915.871710
920.790321,3182.885551,-7048.078582,14359.995275
920.790645,1998.556043,-4673.182538,14952.160028
920.790970,1702.473667,-2451.505594,14878.139434
920.791295,888.247130,-383.047749,13175.665768
920.791620,-1184.329507,-842.705048,11695.253884
920.791945,-2886.803174,-1225.752797,10214.842000
920.792270,-3627.009116,-153.219100,8438.347739
920.792594,-5107.421000,536.266849,7402.059420
920.792919,-6291.750507,459.657299,6291.750507
920.793244,-6513.812290,-1915.238745,4293.194464
920.793569,-5551.544565,-3677.258390,4145.153275
920.793894,-3997.112087,-4596.572988,5477.523971
920.794219,-962.267725,-4826.401637,6513.812290
920.794543,2442.679609,-5286.058936,7698.141797
920.794868,4737.318029,-5362.668486,9770.718434
920.795193,6587.832884,-2451.505594,11843.295072
920.795518,8808.450710,1149.143247,13101.645173
920.795843,8956.491898,3064.381992,12805.562797
920.796168,9696.697840,3677.258390,12731.542202
920.796492,9696.697840,5822.325785,10955.047942
920.796817,9178.553681,8886.707777,7624.121203
920.797142,6883.915261,9499.584175,6957.935855
920.797467,2664.741391,7354.516781,7179.997637
920.797792,-962.267725,6511.811733,5329.482782
920.798117,-3108.864956,3447.429741,3923.091493
920.798441,-5033.400406,-1149.143247,3108.864956
920.798766,-5847.626942,-5822.325785,2294.638420
920.799091,-5107.421000,-7660.954980,4737.318029
920.799416,-3108.864956,-7814.174080,8660.409521
920.799741,-2590.720797,-7967.393179,13323.706956
920.800066,-296.082377,-9576.193725,15396.283594
920.800390,3627.009116,-8580.269578,17320.819043
920.800715,7920.203579,-5209.449386,19541.436869
920.801040,11547.212695,153.219100,20355.663405
920.801365,13471.748144,4290.134789,16876.695478
920.801690,14434.015869,5822.325785,12139.377449
920.802015,15914.427753,8580.269578,7624.121203
920.802340,15100.201217,10035.851024,3552.988522
920.802664,12065.356855,8963.317327,1332.370696
920.802989,7698.141797,5132.839837,-0.000000
920.803314,1480.411884,2451.505594,-0.000000
920.803639,-4071.132681,-2068.457845,2072.576638
920.803964,-8660.409521,-7890.783629,4737.318029
920.804289,-13323.706956,-12870.404366,7846.182985
920.804613,-15396.283594,-15704.957709,12731.542202
920.804938,-13175.665768,-14862.252661,14952.160028
920.805263,-10881.027347,-12334.137518,16654.633695
920.805588,-5107.421000,-10495.508323,15840.407159
920.805913,2442.679609,-5592.497135,13841.851115
920.806238,8808.450710,459.657299,11843.295072
920.806562,11695.253884,6358.592633,8068.244768
920.806887,11843.295072,8580.269578,5625.565159
920.807212,11103.089130,6511.811733,6587.832884
920.807537,9400.615463,4673.182538,6883.915261
920.807862,5847.626942,5132.839837,8882.471304
920.808187,370.102971,919.314598,9918.759623
920.808511,-4885.359217,-6818.249932,9696.697840
920.808836,-8808.450710,-11874.480219,9992.780217
920.809161,-9178.553681,-11031.775171,11843.295072
920.809486,-7698.141797,-9346.365076,9770.718434
920.809811,-7402.059420,-8044.002729,7772.162391
920.810136,-5033.400406,-8120.612279,7179.997637
920.810460,-1776.494261,-5362.668486,7920.203579
920.810785,2072.576638,-459.657299,9178.553681
920.811110,6661.853478,2451.505594,9400.615463
920.811435,8142.265362,3600.648841,9696.697840
920.811760,9992.780217,5362.668486,7550.100608
920.812085,14211.954086,7354.516781,9178.553681
920.812409,16284.530724,6971.469032,9992.780217
920.812734,13175.665768,5209.449386,8882.471304
920.813059,9992.780217,2374.896044,8956.491898
920.813384,7179.997637,1685.410096,10140.821405
920.813709,2960.823768,1149.143247,11029.068536
920.814034,-888.247130,-3370.820191,11325.150913
920.814359,-4737.318029,-8427.050478,10732.986159
920.814683,-7105.977043,-11031.775171,10584.944971
920.815008,-5329.482782,-7507.735880,9622.677246
920.815333,370.102971,-4443.353888,7920.203579
920.815658,2442.679609,-2145.067394,7402.059420
920.815983,0.000000,1532.190996,7328.038826
920.816308,2220.617826,5592.497135,8512.368333
920.816632,8586.388927,7737.564530,8808.450710
920.816957,9474.636058,4366.744339,8512.368333
920.817282,3997.112087,3447.429741,8512.368333
920.817607,3256.906145,5056.230287,10066.800811
920.817932,5625.565159,6818.249932,12287.418637
920.818257,5329.482782,2451.505594,11695.253884
920.818581,1110.308913,-2451.505594,8882.471304
920.818906,-2738.761985,-5056.230287,6143.709319
920.819231,-2220.617826,-2451.505594,5921.647536
920.819556,-1850.514855,689.485948,9992.780217
920.819881,-4589.276840,-1532.190996,8734.430116
920.820206,-7179.997637,-4749.792088,6883.915261
920.820530,-4515.256246,-7354.516781,5921.647536
920.820855,-740.205942,-1991.848295,10658.965565
920.821180,-1776.494261,2987.772442,11917.315666
920.821505,-3849.070898,1608.800546,10584.944971
920.821830,-2368.659014,-2451.505594,7772.162391
920.822155,-444.123565,-1455.581446,12065.356855
920.822479,-444.123565,3753.867940,12065.356855
920.822804,-1480.411884,5286.058936,10807.006753
920.823129,-2960.823768,1302.362347,9474.636058
920.823454,-518.144159,-2451.505594,8438.347739
920.823779,962.267725,-2145.067394,7994.224174
920.824104,-222.061783,-1149.143247,7846.182985
920.824428,-2590.720797,-2604.724693,7105.977043
920.824753,-2516.700203,-4213.525239,7328.038826
920.825078,-1702.473667,-3753.867940,9770.718434
920.825403,-1776.494261,-2451.505594,11547.212695
920.825728,-962.267725,-2221.676944,9918.759623
920.826053,2368.659014,-3983.696590,9400.615463
920.826378,4737.318029,-3370.820191,11325.150913
920.826702,3701.029710,383.047749,12213.398043
920.827027,2516.700203,4673.182538,10955.047942
920.827352,5773.606348,4596.572988,8660.409521
920.827677,6957.935855,2604.724693,8216.285956
920.828002,4441.235652,1608.800546,8438.347739
920.828327,5403.503377,4826.401637,8438.347739
920.828651,6069.688724,6205.373534,7328.038826
920.828976,4737.318029,2298.286494,8364.327145
920.829301,1998.556043,-3140.991542,7698.141797
920.829626,-814.226536,-4060.306139,9474.636058
920.829951,-1406.391290,-612.876398,7105.977043
920.830276,-3108.864956,-1072.533697,11325.150913
920.830600,-3256.906145,-4903.011187,10214.842000
920.830925,-1998.556043,-4673.182538,11547.212695
920.831250,1628.453072,-1838.629195,9844.739029
920.831575,2590.720797,3064.381992,10807.006753
920.831900,1406.391290,3983.696590,10732.986159
920.832225,2960.823768,3983.696590,9622.677246
920.832549,3552.988522,5056.230287,7624.121203
920.832874,3404.947333,5209.449386,7846.182985
920.833199,222.061783,5975.544884,7550.100608
920.833524,-444.123565,4903.011187,8068.244768
920.833849,0.000000,3907.087040,7031.956449
920.834174,-1406.391290,1532.190996,8142.265362
920.834498,-5773.606348,-1072.533697,8660.409521
920.834823,-7179.997637,-3447.429741,7328.038826
920.835148,-5995.668130,-3830.477490,9030.512492
920.835473,-5551.544565,-2757.943793,11473.192101
920.835798,-7105.977043,-1455.581446,11695.253884
920.836123,-5255.462188,-689.485948,9696.697840
920.836447,0.000000,0.000000,8512.368333
920.836772,3256.906145,1762.019645,12287.418637
920.837097,1850.514855,4979.620737,10881.027347
920.837422,888.247130,5669.106685,8290.306550
920.837747,2590.720797,3294.210641,7476.080014
920.838072,962.267725,2987.772442,9770.718434
920.838397,-814.226536,4060.306139,9474.636058
920.838721,-1924.535449,4136.915689,8734.430116
920.839046,-2590.720797,153.219100,7105.977043
920.839371,-3775.050304,-3600.648841,6661.853478
920.839696,-4293.194464,-5592.497135,7550.100608
920.840021,-4885.359217,-2911.162892,8216.285956
920.840346,-4293.194464,-2145.067394,8364.327145
920.840670,-3923.091493,-2987.772442,10436.903782
920.840995,-2368.659014,-3370.820191,11251.130318
920.841320,1406.391290,-1378.971896,10066.800811
920.841645,5477.523971,1455.581446,9104.533087
920.841970,6069.688724,2451.505594,9844.739029
920.842295,6957.935855,2451.505594,10510.924376
920.842619,8512.368333,3294.210641,10584.944971
920.842944,8216.285956,4290.134789,11325.150913
920.843269,3552.988522,4136.915689,11325.150913
920.843594,2368.659014,2374.896044,9474.636058
920.843919,6365.771101,-536.266849,7846.182985
920.844244,5181.441594,1225.752797,9844.739029
920.844568,1554.432478,612.876398,7105.977043
920.844893,-2368.659014,-1225.752797,6809.894666
920.845218,-1850.514855,-5286.058936,7920.203579
920.845543,-2368.659014,-4749.792088,8586.388927
920.845868,-4737.318029,-689.485948,9770.718434
920.846193,-4737.318029,-1915.238745,9696.697840
920.846517,-1480.411884,-2221.676944,9252.574275
920.846842,1702.473667,-3064.381992,8438.347739
920.847167,1110.308913,153.219100,10066.800811
920.847492,1480.411884,2528.115143,10066.800811
920.847817,1184.329507,4749.792088,11769.274478
920.848142,4219.173869,3677.258390,11029.068536
920.848466,2368.659014,2298.286494,9918.759623
920.848791,-1184.329507,1532.190996,8438.347739
920.849116,-518.144159,2528.115143,8660.409521
920.849441,1702.473667,2911.162892,8956.491898
920.849766,-740.205942,842.705048,9992.780217
920.850091,-3701.029710,-1915.238745,9474.636058
920.850416,-6069.688724,-2374.896044,8364.327145
920.850740,-5551.544565,-2145.067394,6661.853478
920.851065,-5921.647536,-1378.971896,8882.471304
920.851390,-6143.709319,-612.876398,11029.068536
920.851715,-4071.132681,766.095498,8290.306550
920.852040,-740.205942,919.314598,6883.915261
920.852365,74.020594,1225.752797,9622.677246
920.852689,-222.061783,4673.182538,10288.862594
920.853014,1628.453072,6205.373534,8364.327145
920.853339,2220.617826,3753.867940,7772.162391
920.853664,1036.288319,2298.286494,9400.615463
920.853989,-666.185348,2451.505594,10066.800811
920.854314,0.000000,3677.258390,9474.636058
920.854638,518.144159,1991.848295,7994.224174
920.854963,222.061783,-766.095498,8512.368333
920.855288,370.102971,-919.314598,9770.718434
920.855613,-1332.370696,153.219100,8808.450710
920.855938,-1702.473667,-842.705048,8512.368333
920.856263,-3552.988522,-1685.410096,10214.842000
920.856587,-2516.700203,-1685.410096,11547.212695
920.856912,888.247130,842.705048,9326.594869
920.857237,4737.318029,2451.505594,9178.553681
920.857562,5181.441594,2451.505594,10732.986159
920.857887,2368.659014,3830.477490,10214.842000
920.858212,2072.576638,2757.943793,9474.636058
920.858536,5477.523971,1532.190996,7772.162391
920.858861,1702.473667,2145.067394,10510.924376
920.859186,-814.226536,2298.286494,9104.533087
920.859511,2368.659014,2451.505594,9030.512492
920.859836,3182.885551,383.047749,8956.491898
920.860161,1480.411884,-689.485948,7550.100608
920.860485,-666.185348,-2298.286494,6735.874072
920.860810,-444.123565,-2298.286494,7179.997637
920.861135,888.247130,-766.095498,8956.491898
920.861460,-1850.514855,0.000000,12139.377449
920.861785,-3552.988522,-1302.362347,9252.574275
920.862110,-592.164754,-1838.629195,8586.388927
920.862435,2442.679609,-1991.848295,9326.594869
920.862759,2368.659014,1072.533697,11177.109724
920.863084,518.144159,1685.410096,11695.253884
920.863409,-814.226536,842.705048,10658.965565
920.863734,-518.144159,229.828649,9844.739029
920.864059,-222.061783,153.219100,10066.800811
920.864384,-2146.597232,1532.190996,10288.862594
920.864708,-1628.453072,1532.190996,9400.615463
920.865033,1702.473667,229.828649,7994.224174
920.865358,1110.308913,-1302.362347,9474.636058
920.865683,-1258.350101,-1762.019645,9326.594869
920.866008,-2812.782580,-536.266849,8290.306550
920.866333,-2590.720797,-1302.362347,8364.327145
920.866657,-2664.741391,-1991.848295,10140.821405
920.866982,-3552.988522,-1685.410096,10584.944971
920.867307,-2146.597232,0.000000,9474.636058
920.867632,740.205942,919.314598,8142.265362
920.867957,1406.391290,1685.410096,9696.697840
920.868282,1406.391290,1915.238745,8660.409521
920.868606,666.185348,2757.943793,7994.224174
920.868931,888.247130,3294.210641,6957.935855
920.869256,518.144159,3830.477490,9178.553681
920.869581,370.102971,2681.334243,10881.027347
920.869906,-888.247130,1608.800546,8734.430116
920.870231,-222.061783,0.000000,6735.874072
920.870555,-444.123565,0.000000,9474.636058
920.870880,-296.082377,-612.876398,8808.450710
920.871205,-222.061783,-1149.143247,7550.100608
920.871530,-296.082377,-1532.190996,9400.615463
920.871855,-1332.370696,1072.533697,13545.768739
920.872180,-2294.638420,1762.019645,11325.150913
920.872504,370.102971,383.047749,9178.553681
920.872829,3923.091493,-1608.800546,7402.059420
920.873154,3997.112087,2451.505594,9844.739029
920.873479,3997.112087,6052.154434,11547.212695
920.873804,3849.070898,3983.696590,11843.295072
920.874129,2294.638420,1685.410096,9326.594869
920.874454,0.000000,-1225.752797,8216.285956
920.874778,-962.267725,1838.629195,8956.491898
920.875103,0.000000,3677.258390,6957.935855
920.875428,1184.329507,2757.943793,7402.059420
920.875753,1110.308913,0.000000,7994.224174
920.876078,-1776.494261,-2451.505594,7772.162391
920.876403,-3627.009116,-1608.800546,7550.100608
920.876727,-2960.823768,-919.314598,8808.450710
920.877052,-2886.803174,-766.095498,10584.944971
920.877377,-1924.535449,-1991.848295,11473.192101
920.877702,-592.164754,-919.314598,11029.068536
920.878027,1628.453072,459.657299,8808.450710
920.878352,2294.638420,1149.143247,9770.718434
920.878676,4219.173869,229.828649,8734.430116
920.879001,2590.720797,3217.601092,10214.842000
920.879326,1480.411884,2834.553343,9104.533087
920.879651,148.041188,1915.238745,9918.759623
920.879976,-296.082377,-1072.533697,10214.842000
920.880301,-814.226536,-1302.362347,10732.986159
920.880625,74.020594,-1378.971896,8438.347739
920.880950,1480.411884,-2221.676944,9770.718434
920.881275,1924.535449,-1302.362347,11251.130318
920.881600,-1776.494261,-1302.362347,11103.089130
920.881925,-4219.173869,-1685.410096,9326.594869
920.882250,-3182.885551,-2834.553343,7920.203579
920.882575,-3701.029710,-1225.752797,9252.574275
920.882899,-1628.453072,459.657299,7402.059420
920.883224,888.247130,1991.848295,5033.400406
920.883549,1110.308913,1915.238745,7550.100608
920.883874,0.000000,2068.457845,7920.203579
920.884199,-222.061783,2604.724693,10140.821405
920.884524,148.041188,2068.457845,8734.430116
920.884849,296.082377,1072.533697,8290.306550
920.885173,-1628.453072,0.000000,10066.800811
920.885498,-740.205942,306.438199,9622.677246
920.885823,1998.556043,1378.971896,7698.141797
920.886148,1554.432478,1532.190996,10436.903782
920.886473,148.041188,0.000000,10066.800811
920.886798,222.061783,153.219100,11177.109724
920.887123,444.123565,76.609550,9696.697840
920.887448,-444.123565,459.657299,10362.883188
920.887772,-2442.679609,689.485948,11251.130318
920.888097,-592.164754,1762.019645,10732.986159
920.888422,2960.823768,3600.648841,8438.347739
920.888747,1776.494261,2757.943793,10214.842000
920.889072,148.041188,1838.629195,9104.533087
920.889397,-370.102971,2298.286494,8586.388927
920.889722,-740.205942,2604.724693,9030.512492
920.890046,-1924.535449,1455.581446,8734.430116
920.890371,-3775.050304,689.485948,8142.265362
920.890696,-2738.761985,0.000000,8364.327145
920.891021,74.020594,459.657299,6883.915261
920.891346,-592.164754,1455.581446,9770.718434
920.891671,888.247130,0.000000,8142.265362
920.891996,666.185348,536.266849,8290.306550
920.892320,814.226536,-306.438199,7994.224174
920.892645,1184.329507,2068.457845,9104.533087
920.892970,0.000000,1838.629195,8808.450710
920.893295,1258.350101,1378.971896,9030.512492
920.893620,3923.091493,612.876398,9178.553681
920.893945,3256.906145,919.314598,11251.130318
920.894270,518.144159,1378.971896,11621.233289
920.894594,296.082377,-383.047749,9548.656652
920.894919,-814.226536,-2911.162892,9104.533087
920.895244,-1702.473667,-1838.629195,11029.068536
920.895569,-1554.432478,995.924147,11103.089130
920.895894,-888.247130,383.047749,10510.924376
920.896219,1110.308913,-919.314598,9104.533087
920.896544,2072.576638,-1225.752797,9400.615463
920.896868,148.041188,2068.457845,9104.533087
920.897193,1628.453072,842.705048,6587.832884
920.897518,1406.391290,-306.438199,7179.997637
920.897843,-962.267725,-1149.143247,9400.615463
920.898168,-4145.153275,1378.971896,10658.965565
920.898493,-1554.432478,1149.143247,9474.636058
920.898818,296.082377,-229.828649,9104.533087
920.899143,0.000000,-995.924147,9770.718434
920.899467,-2294.638420,-1225.752797,8660.409521
920.899792,-1628.453072,383.047749,7031.956449
920.900117,444.123565,0.000000,7698.141797
920.900442,-2294.638420,1532.190996,10584.944971
920.900767,-2738.761985,2757.943793,9548.656652
920.901092,0.000000,2451.505594,7994.224174
920.901417,2368.659014,229.828649,8290.306550
920.901741,888.247130,76.609550,9918.759623
920.902066,148.041188,1072.533697,9474.636058
920.902391,-666.185348,1302.362347,9844.739029
920.902716,666.185348,-1532.190996,10140.821405
920.903041,-1702.473667,-1149.143247,12583.501014
920.903366,-2738.761985,612.876398,12287.418637
920.903691,-518.144159,2987.772442,9548.656652
920.904015,2590.720797,1915.238745,7698.141797
920.904340,1628.453072,2298.286494,9030.512492
920.904665,370.102971,2528.115143,7254.018232
920.904990,-370.102971,2911.162892,7179.997637
920.905315,-962.267725,1685.410096,7476.080014
920.905640,-2072.576638,2068.457845,9400.615463
920.905965,-2886.803174,1378.971896,9696.697840
920.906289,-1850.514855,919.314598,8956.491898
920.906614,222.061783,-995.924147,7031.956449
920.906939,-1332.370696,-1302.362347,9252.574275
920.907264,-1406.391290,-689.485948,8956.491898
920.907589,-962.267725,612.876398,7772.162391
920.907914,888.247130,306.438199,8216.285956
920.908239,1998.556043,1915.238745,11029.068536
920.908563,666.185348,2681.334243,11473.192101
920.908888,0.000000,919.314598,8586.388927
920.909213,4515.256246,-995.924147,6587.832884
920.909538,5625.565159,1378.971896,10214.842000
920.909863,3182.885551,4366.744339,11177.109724
920.910188,962.267725,2068.457845,9992.780217
920.910513,148.041188,-2068.457845,9030.512492
920.910837,-888.247130,-2681.334243,10732.986159
920.911162,-2886.803174,-1072.533697,11251.130318
920.911487,-1110.308913,612.876398,8734.430116
920.911812,1184.329507,536.266849,9622.677246
920.912137,2368.659014,-459.657299,11029.068536
920.912462,666.185348,459.657299,9696.697840
920.912787,-518.144159,306.438199,7328.038826
920.913112,0.000000,536.266849,5921.647536
920.913436,592.164754,2221.676944,9474.636058
920.913761,1110.308913,1991.848295,10658.965565
920.914086,0.000000,1838.629195,9770.718434
920.914411,-222.061783,-459.657299,7846.182985
920.914736,0.000000,0.000000,9622.677246
920.915061,-370.102971,-76.609550,9992.780217
920.915386,-814.226536,0.000000,8956.491898
920.915710,-888.247130,-1378.971896,8290.306550
920.916035,-3034.844362,-919.314598,10510.924376
920.916360,-3330.926739,536.266849,9844.739029
920.916685,-2072.576638,1455.581446,9400.615463
920.917010,-296.082377,76.609550,6587.832884
920.917335,1554.432478,229.828649,7031.956449
920.917660,2368.659014,995.924147,9770.718434
920.917984,1554.432478,2451.505594,11103.089130
920.918309,-296.082377,766.095498,9400.615463
920.918634,-1110.308913,-995.924147,9918.759623
920.918959,-1776.494261,-1532.190996,10510.924376
920.919284,-962.267725,153.219100,9622.677246
920.919609,1184.329507,1072.533697,9622.677246
920.919934,2072.576638,919.314598,10436.903782
920.920258,962.267725,612.876398,10584.944971
920.920583,-222.061783,306.438199,10362.883188
920.920908,592.164754,995.924147,8808.450710
920.921233,1406.391290,995.924147,8586.388927
920.921558,814.226536,1378.971896,10140.821405
920.921883,-296.082377,1915.238745,9844.739029
920.922208,814.226536,2374.896044,7105.977043
920.922532,2664.741391,459.657299,7254.018232
920.922857,740.205942,76.609550,8290.306550
920.923182,-3627.009116,995.924147,9770.718434
920.923507,-3034.844362,1378.971896,7550.100608
920.923832,-2294.638420,306.438199,9474.636058
920.924157,-3404.947333,-2374.896044,8808.450710
920.924482,-3849.070898,-995.924147,9400.615463
920.924807,370.102971,2145.067394,8512.368333
920.925131,2664.741391,3677.258390,10288.862594
920.925456,1998.556043,689.485948,11621.233289
920.925781,1184.329507,-766.095498,8882.471304
920.926106,814.226536,2068.457845,7254.018232
920.926431,1184.329507,3447.429741,10214.842000
920.926756,1406.391290,1915.238745,10288.862594
920.927081,222.061783,0.000000,8438.347739
920.927405,1702.473667,459.657299,8734.430116
920.927730,2368.659014,3524.039291,10288.862594
920.928055,370.102971,1915.238745,11029.068536
920.928380,148.041188,-306.438199,10214.842000
920.928705,-444.123565,-1915.238745,9400.615463
920.929030,-2368.659014,153.219100,10140.821405
920.929355,296.082377,1455.581446,7920.203579
920.929679,1850.514855,1915.238745,9770.718434
920.930004,1332.370696,2604.724693,8734.430116
920.930329,1110.308913,2757.943793,8512.368333
920.930654,740.205942,1149.143247,8364.327145
920.930979,0.000000,0.000000,7624.121203
920.931304,-1702.473667,-919.314598,7550.100608
920.931629,-3034.844362,-459.657299,9622.677246
920.931953,-3627.009116,0.000000,11473.192101
920.932278,-3478.967927,-919.314598,10214.842000
920.932603,-444.123565,-2374.896044,8734.430116
920.932928,444.123565,-2757.943793,9104.533087
920.933253,0.000000,306.438199,8512.368333
920.933578,1332.370696,2298.286494,9252.574275
920.933903,4219.173869,383.047749,9400.615463
920.934227,1998.556043,229.828649,9918.759623
920.934552,148.041188,1762.019645,9030.512492
920.934877,2368.659014,2528.115143,8660.409521
920.935202,2738.761985,842.705048,8364.327145
920.935527,1998.556043,-689.485948,9474.636058
920.935852,1850.514855,-536.266849,10362.883188
920.936177,370.102971,536.266849,11251.130318
920.936502,-962.267725,76.609550,10214.842000
920.936826,-2220.617826,-995.924147,11547.212695
920.937151,-3182.885551,-1072.533697,9844.739029
920.937476,-962.267725,0.000000,8660.409521
920.937801,222.061783,1378.971896,9252.574275
920.938126,222.061783,1455.581446,7920.203579
920.938451,-1184.329507,536.266849,7254.018232
920.938776,-2516.700203,-306.438199,8068.244768
920.939100,-1998.556043,612.876398,7624.121203
920.939425,-2812.782580,1762.019645,9474.636058
920.939750,-3849.070898,229.828649,10214.842000
920.940075,-4515.256246,-2145.067394,9770.718434
920.940400,-2664.741391,-2451.505594,8660.409521
920.940725,-592.164754,-306.438199,9030.512492
920.941050,-370.102971,689.485948,10288.862594
920.941374,-148.041188,1838.629195,10732.986159
920.941699,1924.535449,842.705048,9104.533087
920.942024,2442.679609,995.924147,8216.285956
920.942349,148.041188,1532.190996,8586.388927
920.942674,1702.473667,3217.601092,7994.224174
920.942999,5329.482782,4136.915689,7846.182985
920.943324,5181.441594,1532.190996,8956.491898
920.943648,2294.638420,919.314598,10288.862594
920.943973,1110.308913,1149.143247,11695.253884
920.944298,1554.432478,1378.971896,8882.471304
920.944623,814.226536,0.000000,10732.986159
920.944948,-1628.453072,-1378.971896,11177.109724
920.945273,-1332.370696,1608.800546,10584.944971
920.945598,1850.514855,2911.162892,8364.327145
920.945922,2812.782580,0.000000,7920.203579
920.946247,-814.226536,-1608.800546,6587.832884
920.946572,-1480.411884,1302.362347,8808.450710
920.946897,1776.494261,3907.087040,8956.491898
920.947222,-296.082377,1225.752797,10807.006753
920.947547,-3849.070898,-1608.800546,8216.285956
920.947872,-3330.926739,-1225.752797,9770.718434
920.948197,444.123565,3140.991542,7254.018232
920.948521,2664.741391,1915.238745,8660.409521
920.948846,592.164754,-842.705048,10362.883188
920.949171,-296.082377,-306.438199,10362.883188
920.949496,1110.308913,2757.943793,10140.821405
920.949821,1924.535449,2374.896044,10362.883188
920.950146,-666.185348,-612.876398,9326.594869
920.950471,-370.102971,76.609550,9474.636058
920.950795,2812.782580,2604.724693,8068.244768
920.951120,3775.050304,2374.896044,8290.306550
920.951445,592.164754,-383.047749,9400.615463
920.951770,-1110.308913,-153.219100,10214.842000
920.952095,-666.185348,1608.800546,9104.533087
920.952420,0.000000,536.266849,9104.533087
920.952745,-3330.926739,-1532.190996,10436.903782
920.953069,-5551.544565,-766.095498,9400.615463
920.953394,-814.226536,383.047749,7402.059420
920.953719,888.247130,229.828649,9844.739029
920.954044,-2220.617826,-919.314598,9474.636058
920.954369,-5107.421000,-536.266849,9104.533087
920.954694,-2812.782580,-1915.238745,7328.038826
920.955019,-2368.659014,-1532.190996,9844.739029
920.955343,-4663.297435,-919.314598,10510.924376
920.955668,-4663.297435,76.609550,9474.636058
920.955993,962.267725,-995.924147,7476.080014
920.956318,2664.741391,459.657299,10658.965565
920.956643,1406.391290,1149.143247,11103.089130
920.956968,222.061783,1608.800546,11029.068536
920.957293,2590.720797,0.000000,7772.162391
920.957617,2072.576638,459.657299,10288.862594
920.957942,0.000000,612.876398,9104.533087
920.958267,-222.061783,2221.676944,7550.100608
920.958592,3034.844362,1072.533697,8216.285956
920.958917,4219.173869,1838.629195,10584.944971
920.959242,1850.514855,842.705048,9770.718434
920.959567,296.082377,383.047749,7920.203579
920.959892,2368.659014,0.000000,5847.626942
920.960216,1184.329507,2221.676944,9918.759623
920.960541,0.000000,2528.115143,9770.718434
920.960866,-370.102971,1991.848295,9252.574275
920.961191,2072.576638,383.047749,8364.327145
920.961516,2146.597232,1762.019645,8956.491898
920.961841,2368.659014,1685.410096,8956.491898
920.962166,592.164754,919.314598,9474.636058
920.962490,0.000000,-612.876398,8438.347739
920.962815,-962.267725,153.219100,10658.965565
920.963140,-962.267725,689.485948,10362.883188
920.963465,-1702.473667,1225.752797,10955.047942
920.963790,1184.329507,306.438199,8512.368333
920.964115,2368.659014,1762.019645,10436.903782
920.964440,1554.432478,383.047749,8808.450710
920.964764,370.102971,1149.143247,9104.533087
920.965089,296.082377,1838.629195,9252.574275
920.965414,148.041188,3064.381992,8956.491898
920.965739,-666.185348,919.314598,9252.574275
920.966064,-1406.391290,-536.266849,9252.574275
920.966389,-592.164754,1072.533697,8142.265362
920.966714,444.123565,1302.362347,9104.533087
920.967038,888.247130,-612.876398,9474.636058
920.967363,-1924.535449,-1685.410096,9844.739029
920.967688,-3108.864956,229.828649,8438.347739
920.968013,-2368.659014,612.876398,9622.677246
920.968338,-2072.576638,-689.485948,10584.944971
920.968663,-3552.988522,-612.876398,10214.842000
920.968988,-1110.308913,766.095498,7698.141797
920.969312,2294.638420,2374.896044,7772.162391
920.969637,888.247130,842.705048,11399.171507
920.969962,-2146.597232,0.000000,10510.924376
920.970287,-2368.659014,-689.485948,7624.121203
920.970612,-1924.535449,-612.876398,8956.491898
920.970937,-3034.844362,-459.657299,10955.047942
920.971262,-3997.112087,0.000000,10658.965565
920.971586,-1406.391290,-1225.752797,7179.997637
920.971911,814.226536,-2834.553343,8068.244768
920.972236,-518.144159,-1838.629195,10362.883188
920.972561,0.000000,995.924147,10584.944971
920.972886,1480.411884,1072.533697,8216.285956
920.973211,814.226536,-766.095498,10362.883188
920.973536,74.020594,-459.657299,10362.883188
920.973861,1110.308913,2911.162892,9030.512492
920.974185,4441.235652,1455.581446,5847.626942
920.974510,4441.235652,459.657299,9252.574275
920.974835,3256.906145,0.000000,9474.636058
920.975160,2812.782580,1838.629195,10140.821405
920.975485,2812.782580,1149.143247,8956.491898
920.975810,592.164754,0.000000,10288.862594
920.976135,-666.185348,-536.266849,8956.491898
920.976459,370.102971,2221.676944,9326.594869
920.976784,3330.926739,2221.676944,8882.471304
920.977109,3404.947333,1455.581446,9770.718434
920.977434,1924.535449,383.047749,9178.553681
920.977759,1702.473667,1225.752797,10066.800811
920.978084,2368.659014,1838.629195,9252.574275
920.978409,518.144159,2145.067394,10214.842000
920.978733,-888.247130,536.266849,10066.800811
920.979058,-518.144159,1302.362347,10732.986159
920.979383,1332.370696,2298.286494,8734.430116
920.979708,74.020594,1378.971896,9918.759623
920.980033,-1258.350101,-229.828649,9252.574275
920.980358,-1036.288319,459.657299,9622.677246
920.980683,296.082377,459.657299,9030.512492
920.981007,-1924.535449,1991.848295,10955.047942
920.981332,-2886.803174,1225.752797,9326.594869
920.981657,-1332.370696,995.924147,8290.306550
920.981982,1850.514855,766.095498,6735.874072
920.982307,74.020594,2681.334243,8142.265362
920.982632,-1110.308913,1838.629195,9252.574275
920.982957,-1554.432478,536.266849,8586.388927
920.983281,-2146.597232,-1838.629195,8364.327145
920.983606,-4959.379811,-1608.800546,8734.430116
920.983931,-4737.318029,306.438199,8216.285956
920.984256,-2294.638420,689.485948,8956.491898
920.984581,0.000000,229.828649,9178.553681
920.984906,518.144159,0.000000,9400.615463
920.985231,-666.185348,-229.828649,9844.739029
920.985556,-74.020594,306.438199,9104.533087
920.985880,444.123565,766.095498,9104.533087
920.986205,592.164754,-229.828649,10436.903782
920.986530,-592.164754,153.219100,11547.212695
920.986855,-962.267725,536.266849,10362.883188
920.987180,2072.576638,306.438199,8142.265362
920.987505,2590.720797,-383.047749,9474.636058
920.987830,0.000000,-766.095498,10732.986159
920.988154,-740.205942,0.000000,10066.800811
920.988479,370.102971,76.609550,9104.533087
920.988804,-370.102971,-1302.362347,10510.924376
920.989129,-2516.700203,-919.314598,10955.047942
920.989454,-1332.370696,1149.143247,9474.636058
920.989779,3478.967927,1685.410096,7179.997637
920.990104,3775.050304,689.485948,9104.533087
920.990428,1850.514855,459.657299,8068.244768
920.990753,2294.638420,2528.115143,8364.327145
920.991078,2738.761985,1072.533697,7179.997637
920.991403,370.102971,0.000000,8142.265362
920.991728,-1184.329507,1149.143247,9622.677246
920.992053,-370.102971,2681.334243,9992.780217
920.992378,2738.761985,1225.752797,7772.162391
920.992702,2146.597232,-995.924147,8290.306550
920.993027,74.020594,-383.047749,8512.368333
920.993352,0.000000,2221.676944,9622.677246
920.993677,1776.494261,1838.629195,10362.883188
920.994002,296.082377,919.314598,11695.253884
920.994327,-1924.535449,383.047749,9474.636058
920.994652,-2368.659014,612.876398,7476.080014
920.994976,1924.535449,995.924147,6883.915261
920.995301,2886.803174,2068.457845,9252.574275
920.995626,518.144159,1149.143247,9770.718434
920.995951,-888.247130,229.828649,10288.862594
920.996276,0.000000,-459.657299,10436.903782
920.996601,-1480.411884,0.000000,10214.842000
920.996926,-3108.864956,0.000000,10436.903782
920.997250,-3108.864956,-1302.362347,11029.068536
920.997575,666.185348,-536.266849,8438.347739
920.997900,3182.885551,1455.581446,10732.986159
920.998225,1184.329507,612.876398,10955.047942
920.998550,-1480.411884,76.609550,7550.100608
920.998875,-1110.308913,-229.828649,6291.750507
920.999200,-370.102971,1532.190996,9918.759623
920.999524,-2294.638420,1455.581446,8808.450710
920.999849,-3627.009116,689.485948,8808.450710
921.000174,0.000000,0.000000,7920.203579
921.000499,1554.432478,1762.019645,10140.821405
921.000824,-666.185348,229.828649,9696.697840
921.001149,-2146.597232,-1608.800546,10288.862594
921.001474,-592.164754,-766.095498,8660.409521
921.001798,-444.123565,1762.019645,13027.624579
921.002123,-1036.288319,1225.752797,11991.336260
921.002448,-1332.370696,0.000000,8586.388927
921.002773,1702.473667,0.000000,6661.853478
921.003098,3330.926739,2757.943793,9326.594869
921.003423,1850.514855,1915.238745,8068.244768
921.003748,0.000000,153.219100,8290.306550
921.004073,222.061783,-306.438199,8586.388927
921.004397,-2072.576638,1225.752797,9400.615463
921.004722,-3256.906145,1072.533697,9770.718434
921.005047,-1776.494261,-612.876398,9178.553681
921.005372,-888.247130,-229.828649,7550.100608
921.005697,518.144159,1072.533697,8956.491898
921.006022,1554.432478,1149.143247,10288.862594
921.006347,0.000000,612.876398,8734.430116
921.006671,74.020594,0.000000,8290.306550
921.006996,222.061783,689.485948,10436.903782
921.007321,-370.102971,1915.238745,9622.677246
921.007646,0.000000,2221.676944,9326.594869
921.007971,2812.782580,0.000000,7031.956449
921.008296,3775.050304,766.095498,8438.347739
921.008621,2960.823768,1762.019645,9918.759623
921.008945,1776.494261,2068.457845,10881.027347
921.009270,1850.514855,76.609550,9252.574275
921.009595,2812.782580,612.876398,11325.150913
921.009920,1184.329507,2298.286494,12139.377449
921.010245,1110.308913,1378.971896,9770.718434
921.010570,3108.864956,229.828649,7105.977043
921.010895,2960.823768,536.266849,10436.903782
921.011219,1702.473667,842.705048,8956.491898
921.011544,-518.144159,306.438199,8882.471304
921.011869,-1554.432478,-1608.800546,8216.285956
921.012194,-3256.906145,0.000000,10436.903782
921.012519,-3775.050304,-306.438199,9252.574275
921.012844,-3775.050304,-2374.896044,8882.471304
921.013169,-2368.659014,-2451.505594,7994.224174
921.013493,-1036.288319,459.657299,10140.821405
921.013818,-296.082377,306.438199,9400.615463
921.014143,-1924.535449,-919.314598,9918.759623
921.014468,-2368.659014,-1532.190996,8734.430116
921.014793,-2812.782580,689.485948,10584.944971
921.015118,-962.267725,306.438199,9252.574275
921.015443,-1480.411884,1685.410096,10066.800811
921.015767,74.020594,689.485948,8216.285956
921.016092,1480.411884,1455.581446,7402.059420
921.016417,1998.556043,306.438199,8216.285956
921.016742,-296.082377,1991.848295,10066.800811
921.017067,296.082377,3064.381992,9770.718434
921.017392,222.061783,1915.238745,9104.533087
921.017717,0.000000,-229.828649,9622.677246
921.018041,-222.061783,1455.581446,10288.862594
921.018366,1184.329507,3677.258390,7550.100608
921.018691,1110.308913,1838.629195,9178.553681
921.019016,296.082377,0.000000,9770.718434
921.019341,-1184.329507,689.485948,9400.615463
921.019666,-1406.391290,919.314598,7994.224174
921.019991,-2812.782580,76.609550,8364.327145
921.020315,-4885.359217,-995.924147,9992.780217
921.020640,-3701.029710,919.314598,9844.739029
921.020965,-222.061783,842.705048,8438.347739
921.021290,0.000000,-536.266849,8956.491898
921.021615,0.000000,-383.047749,8142.265362
921.021940,444.123565,1608.800546,10510.924376
921.022265,1406.391290,1608.800546,9770.718434
921.022589,1406.391290,306.438199,11473.192101
921.022914,814.226536,-459.657299,10510.924376
921.023239,1628.453072,1072.533697,8734.430116
921.023564,4145.153275,1762.019645,7846.182985
921.023889,4441.235652,1762.019645,9474.636058
921.024214,5181.441594,612.876398,8956.491898
921.024539,4441.235652,1149.143247,9992.780217
921.024864,3775.050304,2068.457845,10214.842000
921.025188,2368.659014,1608.800546,10807.006753
921.025513,888.247130,459.657299,9844.739029
921.025838,1036.288319,1302.362347,9844.739029
921.026163,2294.638420,1685.410096,8438.347739
921.026488,1406.391290,995.924147,7624.121203
921.026813,-370.102971,-689.485948,7476.080014
921.027138,-2886.803174,-842.705048,8290.306550
921.027462,-3182.885551,-612.876398,7179.997637
921.027787,-4071.132681,-1685.410096,8660.409521
921.028112,-5403.503377,-2528.115143,9844.739029
921.028437,-4885.359217,-1838.629195,9474.636058
921.028762,-2294.638420,459.657299,8956.491898
921.029087,-888.247130,536.266849,8216.285956
921.029412,-962.267725,-153.219100,9622.677246
921.029736,-666.185348,0.000000,9326.594869
921.030061,2072.576638,1149.143247,9326.594869
921.030386,2072.576638,1608.800546,11621.233289
921.030711,-2368.659014,689.485948,11917.315666
921.031036,-1850.514855,229.828649,9474.636058
921.031361,2516.700203,1072.533697,7994.224174
921.031686,2368.659014,1072.533697,9844.739029
921.032010,148.041188,306.438199,9548.656652
921.032335,-814.226536,0.000000,9030.512492
921.032660,518.144159,536.266849,9770.718434
921.032985,-888.247130,842.705048,11177.109724
921.033310,-3923.091493,919.314598,10066.800811
921.033635,-3108.864956,153.219100,7698.141797
921.033960,1184.329507,995.924147,6587.832884
921.034284,1184.329507,2374.896044,8290.306550
921.034609,-444.123565,1532.190996,7920.203579
921.034934,-1184.329507,0.000000,7179.997637
921.035259,-518.144159,-612.876398,8512.368333
921.035584,-1406.391290,1532.190996,11399.171507
921.035909,-2442.679609,842.705048,10288.862594
921.036234,-1332.370696,-536.266849,8068.244768
921.036558,1480.411884,-1378.971896,8438.347739
921.036883,1554.432478,2068.457845,10288.862594
921.037208,2220.617826,2757.943793,9548.656652
921.037533,2368.659014,-459.657299,10140.821405
921.037858,1776.494261,-1225.752797,7994.224174
921.038183,1184.329507,2757.943793,11325.150913
921.038508,814.226536,3600.648841,10436.903782
921.038832,-370.102971,1302.362347,10362.883188
921.039157,2220.617826,-1455.581446,6883.915261
921.039482,2812.782580,2221.676944,9178.553681
921.039807,1628.453072,2451.505594,8586.388927
921.040132,592.164754,995.924147,8512.368333
921.040457,1924.535449,-1378.971896,7698.141797
921.040782,0.000000,1991.848295,10955.047942
921.041106,-148.041188,1915.238745,10881.027347
921.041431,518.144159,1378.971896,9474.636058
921.041756,2960.823768,612.876398,8882.471304
921.042081,3923.091493,2451.505594,10881.027347
921.042406,2368.659014,2604.724693,10510.924376
921.042731,-296.082377,1225.752797,9326.594869
921.043056,-814.226536,459.657299,8142.265362
921.043380,-1998.556043,76.609550,7994.224174
921.043705,-3182.885551,-229.828649,7772.162391
921.044030,-4737.318029,-612.876398,9474.636058
921.044355,-3330.926739,459.657299,9548.656652
921.044680,-740.205942,612.876398,9400.615463
921.045005,-1776.494261,-383.047749,9918.759623
921.045330,-4441.235652,-1149.143247,7550.100608
921.045655,-1406.391290,-306.438199,6587.832884
921.045979,-740.205942,2145.067394,10214.842000
921.046304,-2516.700203,1685.410096,12583.501014
921.046629,-3627.009116,229.828649,9622.677246
921.046954,592.164754,0.000000,7624.121203
921.047279,3775.050304,1762.019645,8068.244768
921.047604,1776.494261,1072.533697,9104.533087
921.047929,-666.185348,306.438199,9548.656652
921.048253,1554.432478,0.000000,9252.574275
921.048578,1110.308913,-306.438199,10881.027347
921.048903,-1184.329507,76.609550,9992.780217
921.049228,-1184.329507,1685.410096,10510.924376
921.049553,666.185348,919.314598,7994.224174
921.049878,1850.514855,76.609550,9104.533087
921.050203,1628.453072,-1762.019645,9918.759623
921.050527,-296.082377,689.485948,9474.636058
921.050852,-518.144159,1302.362347,9104.533087
921.051177,-814.226536,306.438199,10362.883188
921.051502,-1554.432478,-1302.362347,9548.656652
921.051827,-2812.782580,-229.828649,9474.636058
921.052152,-518.144159,995.924147,6439.791695
921.052477,1480.411884,1685.410096,7772.162391
921.052801,1776.494261,229.828649,8956.491898
921.053126,-148.041188,0.000000,9104.533087
921.053451,74.020594,76.609550,8216.285956
921.053776,740.205942,919.314598,9474.636058
921.054101,0.000000,229.828649,11473.192101
921.054426,-1406.391290,153.219100,10881.027347
921.054751,1628.453072,1838.629195,9030.512492
921.055075,3034.844362,766.095498,8882.471304
921.055400,2368.659014,0.000000,8734.430116
921.055725,1554.432478,2145.067394,9178.553681
921.056050,2220.617826,3217.601092,9326.594869
921.056375,592.164754,1915.238745,9400.615463
921.056700,-444.123565,0.000000,8586.388927
921.057025,-666.185348,689.485948,8956.491898
921.057349,740.205942,3064.381992,9548.656652
921.057674,1406.391290,1455.581446,8438.347739
921.057999,1258.350101,-766.095498,9030.512492
921.058324,-1110.308913,-766.095498,10658.965565
921.058649,-1480.411884,842.705048,9548.656652
921.058974,-888.247130,459.657299,10140.821405
921.059299,-1184.329507,-383.047749,10288.862594
921.059623,-3108.864956,-612.876398,9918.759623
921.059948,-1110.308913,0.000000,5699.585753
921.060273,3108.864956,1991.848295,6809.894666
921.060598,2220.617826,1072.533697,9696.697840
921.060923,-2294.638420,1762.019645,10732.986159
921.061248,-962.267725,459.657299,9474.636058
921.061573,1036.288319,0.000000,10436.903782
921.061897,-1036.288319,229.828649,10584.944971
921.062222,-2368.659014,1149.143247,10140.821405
921.062547,518.144159,536.266849,7550.100608
921.062872,1850.514855,919.314598,9770.718434
921.063197,2072.576638,-459.657299,9992.780217
921.063522,1480.411884,766.095498,9030.512492
921.063847,1332.370696,536.266849,7476.080014
921.064172,592.164754,1072.533697,8364.327145
921.064496,0.000000,306.438199,9474.636058
921.064821,0.000000,383.047749,8438.347739
921.065146,1036.288319,536.266849,7254.018232
921.065471,296.082377,995.924147,9696.697840
921.065796,740.205942,2145.067394,10881.027347
921.066121,740.205942,536.266849,11917.315666
921.066446,-1554.432478,-612.876398,11399.171507
921.066770,-3182.885551,-766.095498,9548.656652
921.067095,-4145.153275,229.828649,8660.409521
921.067420,-2368.659014,766.095498,9178.553681
921.067745,-1036.288319,1455.581446,8216.285956
921.068070,-1184.329507,995.924147,7476.080014
921.068395,-518.144159,1149.143247,7402.059420
921.068720,-370.102971,1072.533697,7994.224174
921.069044,-814.226536,1455.581446,9400.615463
921.069369,-518.144159,612.876398,7846.182985
921.069694,-1702.473667,306.438199,9030.512492
921.070019,-740.205942,689.485948,9992.780217
921.070344,2294.638420,2987.772442,9918.759623
921.070669,3034.844362,1685.410096,9622.677246
921.070994,1998.556043,459.657299,8438.347739
921.071318,2812.782580,-76.609550,10658.965565
921.071643,2590.720797,1608.800546,9770.718434
921.071968,370.102971,1532.190996,10584.944971
921.072293,-1110.308913,-689.485948,10214.842000
921.072618,-1332.370696,229.828649,9474.636058
921.072943,-444.123565,995.924147,8438.347739
921.073268,2146.597232,153.219100,8808.450710
921.073592,518.144159,-995.924147,8586.388927
921.073917,-296.082377,-1072.533697,9844.739029
921.074242,0.000000,0.000000,10214.842000
921.074567,-740.205942,0.000000,11325.150913
921.074892,-2664.741391,-383.047749,10436.903782
921.075217,-1036.288319,-995.924147,8956.491898
921.075542,1850.514855,919.314598,7476.080014
921.075866,3775.050304,2145.067394,10658.965565
921.076191,2664.741391,383.047749,9548.656652
921.076516,1110.308913,0.000000,8216.285956
921.076841,1480.411884,536.266849,8808.450710
921.077166,1258.350101,2528.115143,9696.697840
921.077491,-370.102971,2451.505594,9252.574275
921.077816,-296.082377,919.314598,8438.347739
921.078140,1406.391290,229.828649,8068.244768
921.078465,2220.617826,2911.162892,8438.347739
921.078790,814.226536,1532.190996,9252.574275
921.079115,-1924.535449,-612.876398,8956.491898
921.079440,-1776.494261,-1225.752797,8142.265362
921.079765,-1998.556043,383.047749,10584.944971
921.080090,-4293.194464,-1302.362347,9696.697840
921.080414,-5921.647536,-1532.190996,9548.656652
921.080739,-1184.329507,-919.314598,9178.553681
921.081064,666.185348,1532.190996,10066.800811
921.081389,0.000000,459.657299,9770.718434
921.081714,-1480.411884,229.828649,9622.677246
921.082039,370.102971,1532.190996,9104.533087
921.082364,444.123565,3370.820191,10510.924376
921.082688,-518.144159,536.266849,9918.759623
921.083013,-3108.864956,842.705048,8364.327145
921.083338,518.144159,1455.581446,7846.182985
921.083663,1480.411884,2834.553343,9030.512492
921.083988,0.000000,459.657299,9474.636058
921.084313,-1110.308913,0.000000,8882.471304
921.084638,444.123565,-229.828649,6883.915261
921.084963,-1332.370696,306.438199,8586.388927
921.085287,-2442.679609,-153.219100,9696.697840
921.085612,-2738.761985,383.047749,9030.512492
921.085937,1480.411884,1149.143247,7179.997637
921.086262,4367.215058,1915.238745,9918.759623
921.086586,3108.864956,1072.533697,9474.636058
921.086911,962.267725,1149.143247,8290.306550
921.087236,1702.473667,-995.924147,9770.718434
921.087561,148.041188,153.219100,11843.295072
921.087886,-1406.391290,153.219100,11103.089130
921.088210,-666.185348,-153.219100,10214.842000
921.088535,666.185348,-1608.800546,7698.141797
921.088860,2368.659014,0.000000,8364.327145
921.089185,2738.761985,1225.752797,9474.636058
921.089509,1332.370696,689.485948,11621.233289
921.089834,740.205942,-1225.752797,8216.285956
921.090159,1036.288319,0.000000,10066.800811
921.090484,370.102971,1072.533697,11695.253884
921.090808,-1776.494261,1532.190996,10881.027347
921.091133,666.185348,612.876398,8882.471304
921.091458,4145.153275,689.485948,9104.533087
921.091783,3404.947333,536.266849,9030.512492
921.092107,-222.061783,2068.457845,9992.780217
921.092432,-296.082377,1608.800546,9252.574275
921.092757,-1258.350101,1072.533697,9030.512492
921.093082,-2368.659014,-153.219100,8956.491898
921.093407,-2146.597232,1915.238745,8660.409521
921.093731,592.164754,2451.505594,6439.791695
921.094056,1776.494261,1685.410096,6217.729913
921.094381,1332.370696,766.095498,9252.574275
921.094706,-2072.576638,1762.019645,9696.697840
921.095030,-2220.617826,1608.800546,7179.997637
921.095355,-592.164754,-459.657299,7772.162391
921.095680,-2664.741391,-1225.752797,9252.574275
921.096005,-5699.585753,459.657299,10140.821405
921.096329,-2738.761985,842.705048,9104.533087
921.096654,-370.102971,0.000000,10955.047942
921.096979,-296.082377,-1915.238745,10436.903782
921.097304,-1702.473667,-229.828649,11621.233289
921.097629,-1036.288319,842.705048,10214.842000
921.097953,0.000000,842.705048,11103.089130
921.098278,0.000000,-536.266849,11917.315666
921.098603,370.102971,1455.581446,11251.130318
921.098928,1480.411884,2374.896044,8216.285956
921.099252,2664.741391,1762.019645,8216.285956
921.099577,2294.638420,-306.438199,8438.347739
921.099902,-592.164754,306.438199,10140.821405
921.100227,-1036.288319,383.047749,8216.285956
921.100551,-1406.391290,0.000000,9104.533087
921.100876,-1554.432478,-919.314598,8660.409521
921.101201,-1998.556043,536.266849,7476.080014
921.101526,-148.041188,459.657299,7550.100608
921.101851,1480.411884,1225.752797,8364.327145
921.102175,2812.782580,612.876398,8068.244768
921.102500,1406.391290,76.609550,8882.471304
921.102825,666.185348,-306.438199,8142.265362
921.103150,-592.164754,612.876398,8142.265362
921.103474,-814.226536,1302.362347,10288.862594
921.103799,-1036.288319,-229.828649,9696.697840
921.104124,740.205942,-919.314598,8142.265362
921.104449,2812.782580,-229.828649,8882.471304
921.104773,2368.659014,-306.438199,9474.636058
921.105098,666.185348,-689.485948,10732.986159
921.105423,962.267725,-306.438199,12213.398043
921.105748,2812.782580,306.438199,11991.336260
921.106073,740.205942,306.438199,11399.171507
921.106397,814.226536,-459.657299,10955.047942
921.106722,2368.659014,1455.581446,9474.636058
921.107047,3256.906145,2681.334243,9030.512492
921.107372,2812.782580,612.876398,8956.491898
921.107696,1332.370696,-306.438199,9030.512492
921.108021,666.185348,2374.896044,8364.327145
921.108346,222.061783,4596.572988,10140.821405
921.108671,-2368.659014,1225.752797,9918.759623
921.108995,-2812.782580,-1378.971896,7105.977043
921.109320,-814.226536,689.485948,6291.750507
921.109645,-222.061783,3753.867940,9178.553681
921.109970,-518.144159,1838.629195,8438.347739
921.110294,-1628.453072,-612.876398,8438.347739
921.110619,-1628.453072,-842.705048,8660.409521
921.110944,-4589.276840,1838.629195,9992.780217
921.111269,-3478.967927,536.266849,9474.636058
921.111594,-2442.679609,229.828649,9474.636058
921.111918,-962.267725,-306.438199,9104.533087
921.112243,-1110.308913,1455.581446,7772.162391
921.112568,444.123565,1149.143247,7179.997637
921.112893,-148.041188,76.609550,9474.636058
921.113217,296.082377,612.876398,8956.491898
921.113542,-740.205942,2145.067394,12361.439231
921.113867,-444.123565,536.266849,11991.336260
921.114192,-370.102971,-306.438199,9104.533087
921.114516,2664.741391,0.000000,8586.388927
921.114841,4663.297435,2604.724693,8808.450710
921.115166,2738.761985,2451.505594,9992.780217
921.115491,2220.617826,383.047749,11621.233289
921.115816,2368.659014,229.828649,11325.150913
921.116140,-518.144159,229.828649,9548.656652
921.116465,-2294.638420,-919.314598,8068.244768
921.116790,-1998.556043,0.000000,7994.224174
921.117115,-370.102971,1685.410096,7105.977043
921.117439,740.205942,2221.676944,8512.368333
921.117764,-518.144159,-536.266849,8882.471304
921.118089,-2960.823768,-766.095498,7846.182985
921.118414,-1628.453072,-1532.190996,7846.182985
921.118738,-814.226536,229.828649,8808.450710
921.119063,-2886.803174,306.438199,11547.212695
921.119388,-1776.494261,-766.095498,9844.739029
921.119713,814.226536,-536.266849,6735.874072
921.120038,2812.782580,689.485948,7624.121203
921.120362,2738.761985,1302.362347,8290.306550
921.120687,2738.761985,842.705048,9918.759623
921.121012,2664.741391,153.219100,10732.986159
921.121337,1850.514855,306.438199,11843.295072
921.121661,1702.473667,0.000000,10362.883188
921.121986,1406.391290,2145.067394,9844.739029
921.122311,3330.926739,1072.533697,9844.739029
921.122636,3627.009116,536.266849,10732.986159
921.122960,1998.556043,-1225.752797,11399.171507
921.123285,-814.226536,-995.924147,10807.006753
921.123610,-592.164754,-995.924147,8216.285956
921.123935,-2294.638420,229.828649,9992.780217
921.124260,-3256.906145,0.000000,9474.636058
921.124584,-4219.173869,-766.095498,9474.636058
921.124909,-2220.617826,-995.924147,7105.977043
921.125234,-444.123565,1378.971896,6291.750507
921.125559,-1184.329507,1072.533697,6439.791695
921.125883,-2220.617826,689.485948,7624.121203
921.126208,-1628.453072,0.000000,7846.182985
921.126533,-962.267725,229.828649,9474.636058
921.126858,-2072.576638,1225.752797,11473.192101
921.127182,-2960.823768,689.485948,9326.594869
921.127507,666.185348,1149.143247,8068.244768
921.127832,4219.173869,1991.848295,9844.739029
921.128157,3775.050304,1991.848295,10658.965565
921.128482,1406.391290,306.438199,8512.368333
921.128806,2812.782580,766.095498,7994.224174
921.129131,1776.494261,2298.286494,10362.883188
921.129456,-1110.308913,3064.381992,11251.130318
921.129781,-1850.514855,995.924147,10288.862594
921.130105,518.144159,-612.876398,7846.182985
921.130430,2072.576638,1455.581446,10140.821405
921.130755,1406.391290,3064.381992,10214.842000
921.131080,-888.247130,919.314598,9474.636058
921.131404,-1332.370696,-2221.676944,9326.594869
921.131729,-1702.473667,536.266849,10732.986159
921.132054,-4219.173869,2374.896044,10362.883188
921.132379,-4441.235652,383.047749,8142.265362
921.132703,-1998.556043,-1378.971896,5329.482782
921.133028,666.185348,1838.629195,8290.306550
921.133353,1406.391290,3447.429741,7994.224174
921.133678,444.123565,306.438199,7476.080014
921.134003,-666.185348,-1685.410096,7402.059420
921.134327,-962.267725,1838.629195,9770.718434
921.134652,-814.226536,2145.067394,11325.150913
921.134977,-1702.473667,-1302.362347,9548.656652
921.135302,-370.102971,-2221.676944,7105.977043
921.135626,2072.576638,2451.505594,9918.759623
921.135951,4071.132681,2068.457845,9770.718434
921.136276,1258.350101,-919.314598,9696.697840
921.136601,518.144159,-1915.238745,9474.636058
921.136925,962.267725,1532.190996,10436.903782
921.137250,1110.308913,1455.581446,10362.883188
921.137575,0.000000,-306.438199,11029.068536
921.137900,1480.411884,0.000000,8586.388927
921.138225,3256.906145,2221.676944,7476.080014
921.138549,4959.379811,842.705048,8660.409521
921.138874,2368.659014,229.828649,11621.233289
921.139199,-148.041188,-383.047749,9844.739029
921.139524,-296.082377,-459.657299,8808.450710
921.139848,-2072.576638,-1915.238745,11399.171507
921.140173,-3701.029710,-995.924147,10807.006753
921.140498,-2146.597232,689.485948,8290.306550
921.140823,1628.453072,-919.314598,8512.368333
921.141147,222.061783,-1072.533697,9474.636058
921.141472,-2886.803174,0.000000,11621.233289
921.141797,-2294.638420,1455.581446,9844.739029
921.142122,-370.102971,-459.657299,7476.080014
921.142447,-1480.411884,-919.314598,8290.306550
921.142771,-2442.679609,1838.629195,7920.203579
921.143096,-444.123565,4136.915689,7624.121203
921.143421,2738.761985,2298.286494,8364.327145
921.143746,1258.350101,-383.047749,9844.739029
921.144070,-370.102971,76.609550,9252.574275
921.144395,-592.164754,1302.362347,7402.059420
921.144720,1110.308913,842.705048,8660.409521
921.145045,-962.267725,612.876398,10881.027347
921.145369,-2442.679609,2528.115143,10658.965565
921.145694,518.144159,2451.505594,8364.327145
921.146019,2368.659014,842.705048,7402.059420
921.146344,2442.679609,76.609550,7994.224174
921.146669,740.205942,3140.991542,11251.130318
921.146993,-370.102971,2757.943793,10955.047942
921.147318,-1036.288319,0.000000,9474.636058
921.147643,-1702.473667,-1915.238745,8956.491898
921.147968,-3627.009116,2298.286494,9918.759623
921.148292,-2294.638420,2298.286494,7846.182985
921.148617,-1776.494261,0.000000,8512.368333
921.148942,-1036.288319,-2987.772442,9030.512492
921.149267,-1924.535449,0.000000,8586.388927
921.149591,-1406.391290,1225.752797,9992.780217
921.149916,-1110.308913,306.438199,10140.821405
921.150241,-296.082377,-1378.971896,9474.636058
921.150566,-148.041188,612.876398,11769.274478
921.150890,2442.679609,2451.505594,10140.821405
921.151215,3330.926739,2068.457845,7105.977043
921.151540,5699.585753,536.266849,6439.791695
921.151865,4737.318029,1455.581446,9622.677246
921.152190,2294.638420,2145.067394,10510.924376
921.152514,1036.288319,1455.581446,10362.883188
921.152839,1184.329507,-995.924147,10436.903782
921.153164,-592.164754,-612.876398,10510.924376
921.153489,0.000000,306.438199,8142.265362
921.153813,1702.473667,919.314598,7624.121203
921.154138,1110.308913,-1915.238745,8660.409521
921.154463,-888.247130,-995.924147,9992.780217
921.154788,0.000000,76.609550,11251.130318
921.155112,-666.185348,536.266849,9844.739029
921.155437,-2812.782580,-2068.457845,8734.430116
921.155762,-2590.720797,-1455.581446,8882.471304
921.156087,-518.144159,1378.971896,9474.636058
921.156412,0.000000,2145.067394,9474.636058
921.156736,0.000000,-1378.971896,8438.347739
921.157061,-1036.288319,-1149.143247,9178.553681
921.157386,-222.061783,1838.629195,9400.615463
921.157711,0.000000,1685.410096,9844.739029
921.158035,-1036.288319,-689.485948,10066.800811
921.158360,-1554.432478,153.219100,10140.821405
921.158685,740.205942,2528.115143,9104.533087
921.159010,2442.679609,2757.943793,7698.141797
921.159334,2738.761985,689.485948,9326.594869
921.159659,962.267725,1302.362347,9548.656652
921.159984,1776.494261,2451.505594,10066.800811
921.160309,1628.453072,1149.143247,10214.842000
921.160634,-1850.514855,536.266849,9474.636058
921.160958,-3256.906145,995.924147,9104.533087
921.161283,-740.205942,2911.162892,7698.141797
921.161608,518.144159,1149.143247,7920.203579
921.161933,-666.185348,-383.047749,7772.162391
921.162257,-1924.535449,229.828649,7772.162391
921.162582,-962.267725,1225.752797,9030.512492
921.162907,-888.247130,612.876398,10066.800811
921.163232,-4219.173869,-1378.971896,11177.109724
921.163556,-4811.338623,-919.314598,9844.739029
921.163881,0.000000,689.485948,7920.203579
921.164206,1702.473667,1455.581446,8068.244768
921.164531,592.164754,0.000000,9326.594869
921.164856,2146.597232,842.705048,8142.265362
921.165180,1702.473667,1915.238745,9252.574275
921.165505,814.226536,842.705048,9770.718434
921.165830,-814.226536,459.657299,10436.903782
921.166155,-592.164754,0.000000,9252.574275
921.166479,1554.432478,1455.581446,9622.677246
921.166804,2960.823768,459.657299,10510.924376
921.167129,2368.659014,0.000000,10436.903782
921.167454,2220.617826,0.000000,10584.944971
921.167778,1184.329507,1225.752797,10436.903782
921.168103,1258.350101,1302.362347,8512.368333
921.168428,0.000000,-459.657299,9770.718434
921.168753,-518.144159,459.657299,7846.182985
921.169077,666.185348,2374.896044,7846.182985
921.169402,1776.494261,1532.190996,8438.347739
921.169727,370.102971,-383.047749,7254.018232
921.170052,-1924.535449,-459.657299,8660.409521
921.170377,-444.123565,919.314598,9770.718434
921.170701,-592.164754,1302.362347,10288.862594
921.171026,-2072.576638,-1378.971896,10955.047942
921.171351,-3478.967927,-1378.971896,9992.780217
921.171676,-1480.411884,0.000000,8512.368333
921.172000,2590.720797,1149.143247,8512.368333
921.172325,2664.741391,459.657299,10066.800811
921.172650,0.000000,383.047749,9474.636058
921.172975,1554.432478,1149.143247,9400.615463
921.173299,2220.617826,306.438199,9474.636058
921.173624,148.041188,383.047749,9548.656652
921.173949,-1332.370696,1608.800546,9474.636058
921.174274,0.000000,1685.410096,8808.450710
921.174599,2442.679609,1302.362347,8882.471304
921.174923,2368.659014,0.000000,9548.656652
921.175248,-518.144159,459.657299,9844.739029
921.175573,-2072.576638,689.485948,8882.471304
921.175898,-1480.411884,229.828649,9400.615463
921.176222,-1554.432478,-1302.362347,10066.800811
921.176547,-4219.173869,0.000000,9844.739029
921.176872,-2516.700203,1915.238745,8068.244768
921.177197,1036.288319,2604.724693,8216.285956
921.177521,1184.329507,76.609550,7846.182985
921.177846,-296.082377,536.266849,7772.162391
921.178171,1110.308913,1685.410096,7328.038826
921.178496,814.226536,2681.334243,8882.471304
921.178821,-1406.391290,153.219100,11621.233289
921.179145,-2960.823768,-383.047749,10732.986159
921.179470,222.061783,1532.190996,9474.636058
921.179795,2368.659014,1378.971896,9622.677246
921.180120,2146.597232,-153.219100,10584.944971
921.180444,-518.144159,-383.047749,10584.944971
921.180769,370.102971,0.000000,9770.718434
921.181094,444.123565,1915.238745,10881.027347
921.181419,-1184.329507,2221.676944,9918.759623
921.181743,-1998.556043,459.657299,7550.100608
921.182068,-222.061783,1378.971896,7698.141797
921.182393,2738.761985,3600.648841,7994.224174
921.182718,2516.700203,2528.115143,9770.718434
921.183043,-592.164754,-995.924147,8956.491898
921.183367,-2516.700203,-1991.848295,8438.347739
921.183692,-2368.659014,0.000000,10510.924376
921.184017,-2368.659014,-229.828649,10732.986159
921.184342,-3330.926739,-2068.457845,10214.842000
921.184666,-2146.597232,-1072.533697,8586.388927
921.184991,2368.659014,2221.676944,9030.512492
921.185316,3627.009116,2298.286494,8586.388927
921.185641,592.164754,1225.752797,7550.100608
921.185965,148.041188,1072.533697,7031.956449
921.186290,1776.494261,3600.648841,7105.977043
921.186615,1258.350101,1838.629195,9474.636058
921.186940,0.000000,229.828649,9992.780217
921.187265,-1110.308913,153.219100,8882.471304
921.187589,296.082377,1149.143247,9844.739029
921.187914,1702.473667,-229.828649,11177.109724
921.188239,0.000000,-1991.848295,10584.944971
921.188564,-1184.329507,-1149.143247,9992.780217
921.188889,-666.185348,-383.047749,10436.903782
921.189213,-1110.308913,306.438199,10732.986159
921.189538,-518.144159,153.219100,11251.130318
921.189863,2072.576638,612.876398,7846.182985
921.190188,3849.070898,2374.896044,8216.285956
921.190513,5625.565159,1762.019645,9992.780217
921.190838,5107.421000,1455.581446,10732.986159
921.191162,2664.741391,-229.828649,9326.594869
921.191487,-444.123565,-383.047749,8512.368333
921.191812,-1406.391290,383.047749,10807.006753
921.192137,-2072.576638,0.000000,10658.965565
921.192462,-1406.391290,-689.485948,8808.450710
921.192786,-1184.329507,-1532.190996,7402.059420
921.193111,-740.205942,0.000000,5995.668130
921.193436,0.000000,306.438199,8068.244768
921.193761,-888.247130,383.047749,8956.491898
921.194086,-3034.844362,-153.219100,8882.471304
921.194410,-2294.638420,306.438199,8068.244768
921.194735,-1258.350101,1608.800546,8216.285956
921.195060,0.000000,1072.533697,8586.388927
921.195385,1850.514855,1302.362347,8882.471304
921.195710,1998.556043,1149.143247,10140.821405
921.196034,-740.205942,1072.533697,10881.027347
921.196359,-962.267725,0.000000,10584.944971
921.196684,-740.205942,306.438199,11325.150913
921.197009,-518.144159,1915.238745,11695.253884
921.197334,-1406.391290,1685.410096,11843.295072
921.197658,-814.226536,1225.752797,9474.636058
921.197983,2220.617826,2681.334243,8068.244768
921.198308,1036.288319,3217.601092,7994.224174
921.198633,-1628.453072,1838.629195,7105.977043
921.198958,-1998.556043,612.876398,7105.977043
921.199283,-2294.638420,2068.457845,9474.636058
921.199607,-4219.173869,1149.143247,10436.903782
921.199932,-5107.421000,-229.828649,9030.512492
921.200257,-3627.009116,-1072.533697,7624.121203
921.200582,-2442.679609,919.314598,8068.244768
921.200907,-740.205942,1225.752797,8142.265362
921.201231,-518.144159,-229.828649,9030.512492
921.201556,888.247130,229.828649,8216.285956
921.201881,1036.288319,2604.724693,10807.006753
921.202206,1406.391290,2298.286494,10362.883188
921.202531,2220.617826,995.924147,7920.203579
921.202855,4737.318029,1608.800546,8734.430116
921.203180,5625.565159,4443.353888,9696.697840
921.203505,5107.421000,3370.820191,9252.574275
921.203830,3627.009116,-383.047749,9548.656652
921.204155,2738.761985,-612.876398,9770.718434
921.204479,1850.514855,1225.752797,9844.739029
921.204804,-222.061783,0.000000,10732.986159
921.205129,-1776.494261,-2068.457845,10807.006753
921.205454,-1332.370696,-1532.190996,10584.944971
921.205779,1480.411884,612.876398,9252.574275
921.206103,1628.453072,-689.485948,8956.491898
921.206428,-148.041188,-1915.238745,8364.327145
921.206753,444.123565,459.657299,9622.677246
921.207078,2368.659014,1608.800546,11029.068536
921.207403,-1110.308913,-383.047749,10881.027347
921.207728,-3182.885551,-2221.676944,8216.285956
921.208052,0.000000,1302.362347,6291.750507
921.208377,2886.803174,2451.505594,7105.977043
921.208702,370.102971,-612.876398,8068.244768
921.209027,-1776.494261,-1991.848295,7550.100608
921.209352,-1850.514855,229.828649,9178.553681
921.209676,-370.102971,0.000000,9104.533087
921.210001,-3182.885551,-2298.286494,9918.759623
921.210326,-4515.256246,-2987.772442,10214.842000
921.210651,444.123565,1072.533697,8586.388927
921.210976,3627.009116,2221.676944,9622.677246
921.211300,1628.453072,-153.219100,10732.986159
921.211625,0.000000,306.438199,8734.430116
921.211950,1480.411884,3370.820191,10214.842000
921.212275,2294.638420,2298.286494,10658.965565
921.212600,-2146.597232,-383.047749,11769.274478
921.212924,-4663.297435,-1378.971896,9770.718434
921.213249,-1776.494261,1302.362347,9696.697840
921.213574,0.000000,306.438199,9622.677246
921.213899,-2664.741391,-1072.533697,10214.842000
921.214224,-3256.906145,-1608.800546,10214.842000
921.214548,-3330.926739,-689.485948,10288.862594
921.214873,-2368.659014,76.609550,9104.533087
921.215198,-2368.659014,-995.924147,9770.718434
921.215523,-3849.070898,612.876398,8364.327145
921.215848,-1332.370696,2068.457845,7254.018232
921.216173,2812.782580,2834.553343,7179.997637
921.216497,2220.617826,2374.896044,8956.491898
921.216822,-1184.329507,3524.039291,7994.224174
921.217147,814.226536,2145.067394,5773.606348
921.217472,2220.617826,1608.800546,7920.203579
921.217797,740.205942,1455.581446,9104.533087
921.218121,-1258.350101,2604.724693,10732.986159
921.218446,444.123565,1149.143247,8586.388927
921.218771,2886.803174,1608.800546,8586.388927
921.219096,4589.276840,0.000000,9400.615463
921.219421,2590.720797,1378.971896,8734.430116
921.219745,2146.597232,1072.533697,8808.450710
921.220070,3701.029710,1991.848295,11843.295072
921.220395,2886.803174,1302.362347,12953.603985
921.220720,1036.288319,0.000000,11769.274478
921.221045,3256.906145,612.876398,8068.244768
921.221369,3849.070898,2068.457845,8142.265362
921.221694,3034.844362,2298.286494,10510.924376
921.222019,1776.494261,536.266849,13175.665768
921.222344,74.020594,76.609550,10214.842000
921.222669,-814.226536,383.047749,8808.450710
921.222993,-1332.370696,76.609550,9326.594869
921.223318,-2812.782580,842.705048,8956.491898
921.223643,-2812.782580,919.314598,8364.327145
921.223968,74.020594,0.000000,7402.059420
921.224293,296.082377,689.485948,9326.594869
921.224617,-1184.329507,689.485948,8216.285956
921.224942,-1184.329507,-229.828649,6439.791695
921.225267,-1258.350101,-459.657299,6661.853478
921.225592,-1480.411884,1072.533697,8364.327145
921.225917,-3256.906145,1455.581446,10214.842000
921.226242,-1702.473667,842.705048,8586.388927
921.226566,2220.617826,76.609550,7031.956449
921.226891,2146.597232,306.438199,8956.491898
921.227216,0.000000,612.876398,10362.883188
921.227541,-1258.350101,76.609550,11621.233289
921.227866,-518.144159,-536.266849,11473.192101
921.228190,-962.267725,-612.876398,12435.459826
921.228515,-3330.926739,-689.485948,10362.883188
921.228840,-3627.009116,-306.438199,8068.244768
921.229165,518.144159,0.000000,8808.450710
921.229490,740.205942,383.047749,11029.068536
921.229814,-2220.617826,-459.657299,10955.047942
921.230139,-3627.009116,-612.876398,8882.471304
921.230464,-2516.700203,-536.266849,7550.100608
921.230789,-3552.988522,-1072.533697,9770.718434
921.231114,-3923.091493,-459.657299,9844.739029
921.231438,-2812.782580,766.095498,10066.800811
921.231763,0.000000,306.438199,8808.450710
921.232088,1184.329507,-306.438199,8216.285956
921.232413,148.041188,0.000000,8364.327145
921.232738,-1480.411884,2451.505594,7846.182985
921.233062,-1258.350101,1915.238745,8512.368333
921.233387,1036.288319,1149.143247,9474.636058
921.233712,740.205942,1225.752797,8586.388927
921.234037,1406.391290,2911.162892,7550.100608
921.234362,4441.235652,3753.867940,6661.853478
921.234687,4737.318029,2681.334243,7476.080014
921.235011,4959.379811,1302.362347,9252.574275
921.235336,4145.153275,1608.800546,9178.553681
921.235661,2072.576638,1685.410096,8586.388927
921.235986,1480.411884,306.438199,10658.965565
921.236311,74.020594,229.828649,11843.295072
921.236635,0.000000,0.000000,11843.295072
921.236960,3256.906145,-459.657299,9770.718434
921.237285,3108.864956,-612.876398,10658.965565
921.237610,1184.329507,1378.971896,10732.986159
921.237935,666.185348,2068.457845,10510.924376
921.238259,814.226536,612.876398,9252.574275
921.238584,-962.267725,612.876398,8808.450710
921.238909,-1332.370696,2068.457845,8586.388927
921.239234,0.000000,2528.115143,7031.956449
921.239559,0.000000,919.314598,7846.182985
921.239883,-1406.391290,-689.485948,10140.821405
921.240208,-2368.659014,-536.266849,8512.368333
921.240533,-2146.597232,-766.095498,9770.718434
921.240858,-1480.411884,-1838.629195,8734.430116
921.241183,-3627.009116,-995.924147,9844.739029
921.241507,-2368.659014,0.000000,10066.800811
921.241832,518.144159,1685.410096,8808.450710
921.242157,3108.864956,766.095498,6883.915261
921.242482,3256.906145,1838.629195,8142.265362
921.242807,2368.659014,2681.334243,9474.636058
921.243132,1036.288319,2528.115143,8882.471304
921.243456,370.102971,612.876398,9400.615463
921.243781,-3552.988522,-1378.971896,10807.006753
921.244106,-5403.503377,-1762.019645,10288.862594
921.244431,-4293.194464,-1532.190996,10436.903782
921.244756,-1406.391290,-2298.286494,9178.553681
921.245080,-2960.823768,-1532.190996,11325.150913
921.245405,-3256.906145,-2068.457845,10140.821405
921.245730,-2368.659014,-766.095498,9178.553681
921.246055,-444.123565,-689.485948,8882.471304
921.246380,-2072.576638,229.828649,9770.718434
921.246704,-1776.494261,1685.410096,8364.327145
921.247029,1998.556043,2528.115143,8660.409521
921.247354,5107.421000,2834.553343,9252.574275
921.247679,2886.803174,1149.143247,8808.450710
921.248004,962.267725,766.095498,9474.636058
921.248328,1628.453072,1225.752797,9770.718434
921.248653,0.000000,919.314598,9844.739029
921.248978,-1406.391290,612.876398,11325.150913
921.249303,-2664.741391,-306.438199,9474.636058
921.249628,-666.185348,842.705048,7179.997637
921.249952,3108.864956,1838.629195,6957.935855
921.250277,3701.029710,2374.896044,8438.347739
921.250602,1480.411884,1608.800546,7550.100608
921.250927,2664.741391,2757.943793,8068.244768
921.251252,3034.844362,1991.848295,9178.553681
921.251577,814.226536,1838.629195,9178.553681
921.251901,-296.082377,1149.143247,9252.574275
921.252226,1258.350101,1532.190996,9400.615463
921.252551,4145.153275,1838.629195,9770.718434
921.252876,2664.741391,1072.533697,11843.295072
921.253201,592.164754,76.609550,10436.903782
921.253525,0.000000,0.000000,9770.718434
921.253850,296.082377,536.266849,10288.862594
921.254175,-592.164754,536.266849,12435.459826
921.254500,-3404.947333,0.000000,11695.253884
921.254825,-1110.308913,306.438199,8660.409521
921.255149,3256.906145,2221.676944,8142.265362
921.255474,1924.535449,1838.629195,8216.285956
921.255799,-1110.308913,612.876398,7402.059420
921.256124,-518.144159,-383.047749,8512.368333
921.256449,-888.247130,842.705048,8882.471304
921.256773,-3182.885551,-689.485948,9696.697840
921.257098,-5255.462188,-1455.581446,8808.450710
921.257423,-3775.050304,-995.924147,6809.894666
921.257748,888.247130,459.657299,7698.141797
921.258073,2220.617826,76.609550,10732.986159
921.258397,-444.123565,-459.657299,9844.739029
921.258722,-518.144159,-383.047749,8882.471304
921.259047,1184.329507,689.485948,9548.656652
921.259372,444.123565,1225.752797,10584.944971
921.259697,-1702.473667,-229.828649,9030.512492
921.260021,-740.205942,1072.533697,8586.388927
921.260346,2294.638420,2298.286494,9326.594869
921.260671,2590.720797,2068.457845,10658.965565
921.260996,-962.267725,-1838.629195,9474.636058
921.261321,-2220.617826,-2374.896044,7550.100608
921.261646,-2738.761985,-766.095498,9696.697840
921.261970,-3627.009116,0.000000,11843.295072
921.262295,-4959.379811,-1608.800546,11325.150913
921.262620,-4515.256246,-1915.238745,9030.512492
921.262945,0.000000,76.609550,6809.894666
921.263270,3256.906145,2068.457845,8512.368333
921.263594,1258.350101,1072.533697,9474.636058
921.263919,-222.061783,612.876398,9400.615463
921.264244,1554.432478,1838.629195,8956.491898
921.264569,1110.308913,2451.505594,9696.697840
921.264894,-740.205942,919.314598,9178.553681
921.265218,592.164754,1608.800546,7698.141797
921.265543,2886.803174,2068.457845,8512.368333
921.265868,3034.844362,1915.238745,9770.718434
921.266193,1998.556043,0.000000,10436.903782
921.266518,1332.370696,0.000000,8956.491898
921.266842,1628.453072,1532.190996,7698.141797
921.267167,962.267725,995.924147,10510.924376
921.267492,-740.205942,536.266849,10510.924376
921.267817,0.000000,612.876398,9178.553681
921.268142,3404.947333,1532.190996,7550.100608
921.268466,3923.091493,1762.019645,8882.471304
921.268791,888.247130,1455.581446,8882.471304
921.269116,-592.164754,919.314598,8142.265362
921.269441,1110.308913,153.219100,9696.697840
921.269766,-518.144159,1455.581446,11177.109724
921.270091,-1480.411884,919.314598,11399.171507
921.270415,518.144159,842.705048,9992.780217
921.270740,4145.153275,-153.219100,9696.697840
921.271065,4663.297435,1455.581446,11843.295072
921.271390,1850.514855,1455.581446,10732.986159
921.271715,-814.226536,0.000000,8216.285956
921.272039,-518.144159,-306.438199,8290.306550
921.272364,-1702.473667,153.219100,9178.553681
921.272689,-4145.153275,842.705048,8734.430116
921.273014,-4589.276840,-766.095498,8438.347739
921.273339,-1998.556043,-306.438199,6587.832884
921.273663,-1850.514855,-383.047749,9844.739029
921.273988,-3404.947333,0.000000,8734.430116
921.274313,-3997.112087,-1225.752797,7254.018232
921.274638,-3108.864956,0.000000,8660.409521
921.274963,-2220.617826,1378.971896,8956.491898
921.275287,-2886.803174,919.314598,9770.718434
921.275612,-888.247130,306.438199,7698.141797
921.275937,2072.576638,1225.752797,6735.874072
921.276262,2368.659014,2068.457845,8512.368333
921.276587,1998.556043,842.705048,9326.594869
921.276911,2368.659014,383.047749,10955.047942
921.277236,2368.659014,383.047749,10807.006753
921.277561,666.185348,1455.581446,11843.295072
921.277886,-296.082377,306.438199,10510.924376
921.278211,814.226536,919.314598,9252.574275
921.278536,2960.823768,1072.533697,9400.615463
921.278860,740.205942,1225.752797,10362.883188
921.279185,-740.205942,0.000000,10214.842000
921.279510,-740.205942,-1149.143247,9696.697840
921.279835,-1554.432478,-842.705048,8660.409521
921.280160,-4441.235652,-459.657299,9474.636058
921.280484,-4145.153275,-306.438199,9696.697840
921.280809,-2886.803174,0.000000,9622.677246
921.281134,0.000000,76.609550,9400.615463
921.281459,814.226536,153.219100,8142.265362
921.281784,444.123565,-383.047749,7105.977043
921.282108,814.226536,995.924147,7846.182985
921.282433,1850.514855,1685.410096,9474.636058
921.282758,666.185348,995.924147,9992.780217
921.283083,666.185348,153.219100,9252.574275
921.283408,1924.535449,1225.752797,8660.409521
921.283732,4737.318029,2987.772442,7698.141797
921.284057,4737.318029,1608.800546,9992.780217
921.284382,3552.988522,995.924147,9992.780217
921.284707,2738.761985,919.314598,9326.594869
921.285032,1702.473667,842.705048,9400.615463
921.285356,0.000000,1378.971896,9474.636058
921.285681,-2294.638420,842.705048,10584.944971
921.286006,-2294.638420,0.000000,8808.450710
921.286331,1480.411884,0.000000,8364.327145
921.286656,3478.967927,1838.629195,11621.233289
921.286980,74.020594,459.657299,9474.636058
921.287305,-1406.391290,-536.266849,8956.491898
921.287630,-740.205942,-1532.190996,9030.512492
921.287955,-4441.235652,0.000000,11325.150913
921.288280,-4219.173869,-306.438199,9326.594869
921.288604,-2368.659014,-383.047749,9918.759623
921.288929,-444.123565,76.609550,9400.615463
921.289254,-740.205942,1302.362347,9400.615463
921.289579,-1332.370696,-306.438199,8956.491898
921.289903,-1406.391290,-459.657299,8438.347739
921.290228,74.020594,2834.553343,7624.121203
921.290553,-888.247130,3064.381992,10066.800811
921.290878,-2220.617826,1608.800546,8808.450710
921.291203,-222.061783,306.438199,5995.668130
921.291527,2146.597232,2451.505594,8734.430116
921.291852,2812.782580,2987.772442,8586.388927
921.292177,-370.102971,995.924147,9030.512492
921.292502,1406.391290,-1378.971896,8438.347739
921.292827,1184.329507,689.485948,8734.430116
921.293151,-2294.638420,1378.971896,10214.842000
921.293476,-3182.885551,459.657299,9622.677246
921.293801,-370.102971,0.000000,10214.842000
921.294126,2146.597232,689.485948,9992.780217
921.294450,888.247130,1915.238745,10658.965565
921.294775,1554.432478,229.828649,8512.368333
921.295100,1110.308913,2374.896044,9622.677246
921.295425,1258.350101,689.485948,11399.171507
921.295750,-1480.411884,995.924147,10955.047942
921.296074,-2886.803174,-1225.752797,10510.924376
921.296399,-2738.761985,-612.876398,9770.718434
921.296724,0.000000,-153.219100,8216.285956
921.297049,-1258.350101,76.609550,9548.656652
921.297373,-1480.411884,-995.924147,9252.574275
921.297698,-1184.329507,-1225.752797,8216.285956
921.298023,740.205942,229.828649,8068.244768
921.298348,370.102971,1302.362347,9696.697840
921.298673,-1776.494261,459.657299,8956.491898
921.298997,1184.329507,1455.581446,7772.162391
921.299322,5329.482782,2528.115143,8142.265362
921.299647,5033.400406,1991.848295,7772.162391
921.299972,2146.597232,995.924147,8068.244768
921.300296,2146.597232,1302.362347,8290.306550
921.300621,4145.153275,2068.457845,9770.718434
921.300946,1184.329507,229.828649,13027.624579
921.301271,-2146.597232,-383.047749,11251.130318
921.301596,-222.061783,459.657299,8586.388927
921.301920,2072.576638,842.705048,8512.368333
921.302245,1110.308913,0.000000,9178.553681
921.302570,-1110.308913,306.438199,9770.718434
921.302895,0.000000,0.000000,8882.471304
921.303219,592.164754,0.000000,10288.862594
921.303544,-2072.576638,-153.219100,12435.459826
921.303869,-5033.400406,306.438199,9844.739029
921.304194,-3923.091493,-383.047749,8956.491898
921.304519,-148.041188,-1608.800546,7846.182985
921.304843,444.123565,229.828649,8956.491898
921.305168,-888.247130,1225.752797,9918.759623
921.305493,-2220.617826,1532.190996,9696.697840
921.305818,-814.226536,306.438199,10066.800811
921.306142,-666.185348,1378.971896,10066.800811
921.306467,-666.185348,1532.190996,9104.533087
921.306792,518.144159,2834.553343,7254.018232
921.307117,2960.823768,3677.258390,6143.709319
921.307442,3256.906145,2681.334243,8216.285956
921.307766,2368.659014,1762.019645,8734.430116
921.308091,740.205942,1991.848295,8586.388927
921.308416,666.185348,1455.581446,7179.997637
921.308741,-518.144159,229.828649,9104.533087
921.309066,-2664.741391,153.219100,10732.986159
921.309390,-3256.906145,612.876398,9178.553681
921.309715,-592.164754,459.657299,7772.162391
921.310040,222.061783,-689.485948,9400.615463
921.310365,-370.102971,383.047749,9474.636058
921.310689,-1036.288319,2451.505594,10881.027347
921.311014,-370.102971,1302.362347,10658.965565
921.311339,-1110.308913,-689.485948,10288.862594
921.311664,-1406.391290,-1072.533697,9400.615463
921.311989,-370.102971,1762.019645,9030.512492
921.312313,1554.432478,1838.629195,8290.306550
921.312638,1776.494261,766.095498,9844.739029
921.312963,814.226536,-766.095498,10066.800811
921.313288,-1776.494261,-612.876398,9844.739029
921.313612,-592.164754,-1532.190996,8364.327145
921.313937,-1036.288319,-1072.533697,8364.327145
921.314262,-2516.700203,-536.266849,10214.842000
921.314587,-2146.597232,153.219100,9178.553681
921.314912,1776.494261,306.438199,8216.285956
921.315236,3701.029710,153.219100,8586.388927
921.315561,3108.864956,1072.533697,8364.327145
921.315886,1258.350101,2068.457845,10362.883188
921.316211,1776.494261,1072.533697,9326.594869
921.316535,888.247130,-306.438199,9992.780217
921.316860,-1184.329507,-306.438199,10288.862594
921.317185,-444.123565,1838.629195,8142.265362
921.317510,1554.432478,1915.238745,7846.182985
921.317835,1850.514855,-459.657299,10140.821405
921.318159,-592.164754,-1762.019645,10140.821405
921.318484,-1036.288319,-842.705048,11177.109724
921.318809,-2072.576638,-612.876398,11177.109724
921.319134,-2072.576638,-2145.067394,10436.903782
921.319458,-2072.576638,-1455.581446,10140.821405
921.319783,-1036.288319,612.876398,10436.903782
921.320108,2664.741391,1532.190996,7772.162391
921.320433,4515.256246,1608.800546,9474.636058
921.320758,4219.173869,1762.019645,8882.471304
921.321082,444.123565,2987.772442,9030.512492
921.321407,666.185348,1302.362347,7846.182985
921.321732,-148.041188,1455.581446,10066.800811
921.322057,-1628.453072,919.314598,8734.430116
921.322381,-3182.885551,1685.410096,7772.162391
921.322706,370.102971,1225.752797,7698.141797
921.323031,1480.411884,1149.143247,7105.977043
921.323356,444.123565,459.657299,7994.224174
921.323681,-444.123565,0.000000,8512.368333
921.324005,0.000000,76.609550,7624.121203
921.324330,-1036.288319,612.876398,9622.677246
921.324655,-1406.391290,536.266849,10436.903782
921.324980,-962.267725,383.047749,9326.594869
921.325304,1110.308913,306.438199,8660.409521
921.325629,2294.638420,1532.190996,8808.450710
921.325954,814.226536,1149.143247,10732.986159
921.326279,0.000000,919.314598,10807.006753
921.326604,-370.102971,995.924147,10732.986159
921.326928,-740.205942,612.876398,11991.336260
921.327253,-1332.370696,306.438199,11769.274478
921.327578,296.082377,1225.752797,10436.903782
921.327903,2516.700203,2987.772442,9696.697840
921.328228,1406.391290,2145.067394,9696.697840
921.328552,740.205942,459.657299,7179.997637
921.328877,148.041188,459.657299,7550.100608
921.329202,-1776.494261,536.266849,7328.038826
921.329527,-4145.153275,919.314598,7994.224174
921.329851,-5033.400406,-76.609550,9622.677246
921.330176,-5847.626942,0.000000,9474.636058
921.330501,-2738.761985,-612.876398,7772.162391
921.330826,-1332.370696,0.000000,7179.997637
921.331151,-1776.494261,153.219100,8142.265362
921.331475,-1850.514855,842.705048,8734.430116
921.331800,222.061783,919.314598,9252.574275
921.332125,222.061783,919.314598,10584.944971
921.332450,-1110.308913,766.095498,8956.491898
921.332774,148.041188,1685.410096,8364.327145
921.333099,2886.803174,1685.410096,8586.388927
921.333424,3701.029710,1455.581446,10066.800811
921.333749,2960.823768,1072.533697,10066.800811
921.334074,1850.514855,1225.752797,10658.965565
921.334398,1406.391290,766.095498,9474.636058
921.334723,888.247130,2068.457845,10436.903782
921.335048,0.000000,1149.143247,10807.006753
921.335373,-1184.329507,1149.143247,10584.944971
921.335697,1480.411884,1455.581446,9918.759623
921.336022,1184.329507,2298.286494,9770.718434
921.336347,-1480.411884,0.000000,8512.368333
921.336672,-2072.576638,-459.657299,7105.977043
921.336997,-740.205942,2298.286494,9770.718434
921.337321,-2368.659014,2145.067394,11029.068536
921.337646,-4145.153275,-153.219100,9548.656652
921.337971,-4885.359217,-766.095498,8660.409521
921.338296,-2072.576638,2145.067394,8586.388927
921.338620,-444.123565,3447.429741,8290.306550
921.338945,-296.082377,1685.410096,8290.306550
921.339270,518.144159,2298.286494,8364.327145
921.339595,962.267725,3830.477490,8290.306550
921.339920,-74.020594,4443.353888,9696.697840
921.340244,-1850.514855,1608.800546,9252.574275
921.340569,-3478.967927,1915.238745,8956.491898
921.340894,-888.247130,2374.896044,10658.965565
921.341219,-1406.391290,4060.306139,10881.027347
921.341543,-2220.617826,1455.581446,9622.677246
921.341868,-1776.494261,1072.533697,8364.327145
921.342193,-1480.411884,2451.505594,9326.594869
921.342518,-4145.153275,3830.477490,10140.821405
921.342843,-3108.864956,2834.553343,9474.636058
921.343167,-3404.947333,1762.019645,10955.047942
921.343492,-4293.194464,3140.991542,9104.533087
921.343817,-3923.091493,4136.915689,9548.656652
921.344142,-2368.659014,2757.943793,9326.594869
921.344466,-1776.494261,2681.334243,9178.553681
921.344791,-962.267725,2528.115143,9178.553681
921.345116,-2146.597232,3294.210641,7624.121203
921.345441,-4441.235652,2834.553343,8216.285956
921.345766,-4071.132681,1991.848295,7846.182985
921.346090,-4737.318029,2528.115143,9326.594869
921.346415,-5551.544565,1455.581446,10214.842000
921.346740,-5033.400406,2604.724693,9696.697840
921.347065,-3256.906145,3140.991542,10140.821405
921.347390,-444.123565,4979.620737,7550.100608
921.347714,1258.350101,4519.963438,7105.977043
921.348039,888.247130,4749.792088,5107.421000
921.348364,-296.082377,5209.449386,6661.853478
921.348689,-740.205942,3753.867940,9252.574275
921.349013,-1924.535449,2604.724693,9474.636058
921.349338,-4071.132681,536.266849,11177.109724
921.349663,-5181.441594,153.219100,10584.944971
921.349988,-4737.318029,0.000000,11621.233289
921.350313,-2960.823768,1302.362347,12287.418637
921.350637,0.000000,2374.896044,11843.295072
921.350962,0.000000,2604.724693,10288.862594
921.351287,1998.556043,2221.676944,7254.018232
921.351612,3849.070898,4213.525239,7846.182985
921.351936,2738.761985,4673.182538,9326.594869
921.352261,-1776.494261,2681.334243,9918.759623
921.352586,-2516.700203,-229.828649,9844.739029
921.352911,-2146.597232,1302.362347,10658.965565
921.353236,-3552.988522,1378.971896,11473.192101
921.353560,-6365.771101,689.485948,10658.965565
921.353885,-5699.585753,1378.971896,10214.842000
921.354210,-1924.535449,2604.724693,9104.533087
921.354535,592.164754,2834.553343,7772.162391
921.354859,814.226536,2604.724693,5033.400406
921.355184,370.102971,3830.477490,4219.173869
921.355509,592.164754,3447.429741,7624.121203
921.355834,-370.102971,2757.943793,9326.594869
921.356159,-1850.514855,1378.971896,9844.739029
921.356483,-2886.803174,612.876398,9474.636058
921.356808,-3034.844362,1991.848295,11029.068536
921.357133,-3330.926739,2298.286494,13027.624579
921.357458,-4663.297435,2451.505594,13323.706956
921.357782,-2960.823768,1378.971896,10436.903782
921.358107,-888.247130,4136.915689,8364.327145
921.358432,1258.350101,5286.058936,6883.915261
921.358757,592.164754,4673.182538,5477.523971
921.359082,-370.102971,2987.772442,6809.894666
921.359406,-2738.761985,2757.943793,8956.491898
921.359731,-4071.132681,766.095498,11103.089130
921.360056,-5403.503377,-459.657299,11103.089130
921.360381,-7476.080014,-1762.019645,11991.336260
921.360705,-9030.512492,-612.876398,12213.398043
921.361030,-7920.203579,1838.629195,12805.562797
921.361355,-5921.647536,2757.943793,12805.562797
921.361680,-4367.215058,4060.306139,10658.965565
921.362005,-1776.494261,6971.469032,7105.977043
921.362329,1332.370696,8427.050478,5181.441594
921.362654,2886.803174,7967.393179,3330.926739
921.362979,3256.906145,6818.249932,3182.885551
921.363304,3775.050304,5439.278036,3923.091493
921.363628,2368.659014,4290.134789,5773.606348
921.363953,-2220.617826,1608.800546,9252.574275
921.364278,-6439.791695,-1455.581446,11177.109724
921.364603,-8364.327145,-2451.505594,12139.377449
921.364928,-8142.265362,-1302.362347,14359.995275
921.365252,-7550.100608,-612.876398,14730.098246
921.365577,-5921.647536,1838.629195,13027.624579
921.365902,-2368.659014,5056.230287,11547.212695
921.366227,-518.144159,7507.735880,10288.862594
921.366552,0.000000,8273.831378,7550.100608
921.366876,1850.514855,9422.974625,5033.400406
921.367201,4293.194464,8963.317327,3849.070898
921.367526,4589.276840,6818.249932,3849.070898
921.367851,3034.844362,3830.477490,5255.462188
921.368175,888.247130,842.705048,6291.750507
921.368500,-1258.350101,-2451.505594,9400.615463
921.368825,-3701.029710,-4673.182538,11695.253884
921.369150,-5773.606348,-5669.106685,14211.954086
921.369475,-7920.203579,-4903.011187,16506.592507
921.369799,-7698.141797,-3753.867940,16654.633695
921.370124,-4663.297435,-306.438199,15914.427753
921.370449,-1258.350101,3830.477490,13693.809927
921.370774,296.082377,7814.174080,9992.780217
921.371098,1258.350101,10801.946522,6661.853478
921.371423,3775.050304,12410.747068,4589.276840
921.371748,4293.194464,11491.432470,3182.885551
921.372073,2590.720797,9576.193725,3256.906145
921.372398,-1406.391290,6588.421283,3478.967927
921.372722,-4737.318029,2451.505594,4589.276840
921.373047,-5625.565159,-1149.143247,7179.997637
921.373372,-6735.874072,-4673.182538,9548.656652
921.373697,-7772.162391,-5745.716235,9474.636058
921.374021,-6143.709319,-5975.544884,9844.739029
921.374346,-3330.926739,-4903.011187,11399.171507
921.374671,-1554.432478,-3217.601092,12139.377449
921.374996,592.164754,-842.705048,11917.315666
921.375321,2368.659014,2834.553343,11991.336260
921.375645,3256.906145,6205.373534,12065.356855
921.375970,2812.782580,7124.688131,12287.418637
921.376295,962.267725,7354.516781,12509.480420
921.376620,-1480.411884,7354.516781,11473.192101
921.376944,-1332.370696,7814.174080,11473.192101
921.377269,-2294.638420,6128.763984,10955.047942
921.377594,-6069.688724,3830.477490,9696.697840
921.377919,-7994.224174,1991.848295,7624.121203
921.378244,-6809.894666,1072.533697,7772.162391
921.378568,-5625.565159,-689.485948,6439.791695
921.378893,-5773.606348,-1302.362347,5551.544565
921.379218,-5181.441594,-1608.800546,4737.318029
921.379543,-3923.091493,-1072.533697,5403.503377
921.379867,-3256.906145,0.000000,7920.203579
921.380192,-1702.473667,1991.848295,9474.636058
921.380517,-1480.411884,3524.039291,10288.862594
921.380842,-1332.370696,4749.792088,10436.903782
921.381167,444.123565,6665.030833,10807.006753
921.381491,1406.391290,7737.564530,11695.253884
921.381816,518.144159,8580.269578,9844.739029
921.382141,1184.329507,8656.879127,8586.388927
921.382466,2294.638420,7584.345430,7105.977043
921.382791,1480.411884,5975.544884,6809.894666
921.383115,740.205942,3524.039291,6957.935855
921.383440,222.061783,1149.143247,6217.729913
921.383765,-888.247130,-1225.752797,7031.956449
921.384090,-1850.514855,-2757.943793,8438.347739
921.384414,-2072.576638,-3370.820191,9696.697840
921.384739,-3182.885551,-3447.429741,11177.109724
921.385064,-3108.864956,-3370.820191,13027.624579
921.385389,-3330.926739,-2451.505594,15100.201217
921.385714,-3108.864956,-306.438199,15692.365970
921.386038,-2516.700203,2374.896044,15396.283594
921.386363,-1628.453072,4519.963438,13767.830521
921.386688,-444.123565,6205.373534,12287.418637
921.387013,666.185348,7890.783629,10066.800811
921.387337,814.226536,8580.269578,7772.162391
921.387662,444.123565,7814.174080,6143.709319
921.387987,-962.267725,6511.811733,5477.523971
921.388312,-2442.679609,4903.011187,5107.421000
921.388637,-4293.194464,2451.505594,4959.379811
921.388961,-6365.771101,306.438199,4885.359217
921.389286,-7772.162391,-153.219100,6069.688724
921.389611,-9178.553681,-689.485948,6735.874072
921.389936,-9252.574275,-1685.410096,7254.018232
921.390260,-8512.368333,-919.314598,9104.533087
921.390585,-7105.977043,383.047749,9326.594869
921.390910,-5107.421000,2834.553343,9104.533087
921.391235,-370.102971,5132.839837,8956.491898
921.391560,2960.823768,6894.859482,8808.450710
921.391884,2960.823768,7277.907231,8660.409521
921.392209,1924.535449,6588.421283,9104.533087
921.392534,2442.679609,5362.668486,10732.986159
921.392859,1110.308913,3907.087040,12065.356855
921.393184,0.000000,1225.752797,11991.336260
921.393508,-1554.432478,-612.876398,11991.336260
921.393833,-1776.494261,-229.828649,12731.542202
921.394158,-1998.556043,229.828649,12435.459826
921.394483,-2368.659014,-1225.752797,10881.027347
921.394808,-2294.638420,-1838.629195,9474.636058
921.395132,-1998.556043,612.876398,8142.265362
921.395457,-1258.350101,1915.238745,7698.141797
921.395782,-518.144159,1378.971896,8068.244768
921.396107,-1332.370696,1302.362347,7846.182985
921.396432,-2294.638420,2374.896044,8068.244768
921.396756,-1554.432478,2145.067394,7402.059420
921.397081,814.226536,2681.334243,7920.203579
921.397406,1850.514855,2681.334243,8882.471304
921.397731,666.185348,2757.943793,9474.636058
921.398056,1036.288319,1762.019645,9178.553681
921.398380,1628.453072,766.095498,9474.636058
921.398705,1110.308913,1532.190996,10214.842000
921.399030,592.164754,1991.848295,9844.739029
921.399355,814.226536,1225.752797,9252.574275
921.399680,1258.350101,1302.362347,9474.636058
921.400004,1110.308913,2451.505594,11399.171507
921.400329,-1702.473667,2757.943793,10807.006753
921.400654,-4293.194464,1991.848295,9622.677246
921.400979,-4811.338623,919.314598,10214.842000
921.401304,-4737.318029,1608.800546,10140.821405
921.401628,-6069.688724,2451.505594,9992.780217
921.401953,-6883.915261,2451.505594,9474.636058
921.402278,-7105.977043,1455.581446,9548.656652
921.402603,-6069.688724,1762.019645,9474.636058
921.402928,-5033.400406,2528.115143,9104.533087
921.403252,-4737.318029,2834.553343,8660.409521
921.403577,-4515.256246,3753.867940,7994.224174
921.403902,-2738.761985,3294.210641,8290.306550
921.404227,-1776.494261,3294.210641,8882.471304
921.404552,-2960.823768,3907.087040,8216.285956
921.404876,-3256.906145,4290.134789,8142.265362
921.405201,-2220.617826,4903.011187,8660.409521
921.405526,-2516.700203,5362.668486,9474.636058
921.405851,-3849.070898,5822.325785,9770.718434
921.406176,-4589.276840,6281.983084,8734.430116
921.406500,-3997.112087,6511.811733,8660.409521
921.406825,-4145.153275,6894.859482,9326.594869
921.407150,-4515.256246,6894.859482,9474.636058
921.407475,-4885.359217,6128.763984,9030.512492
921.407800,-4515.256246,6205.373534,8438.347739
921.408124,-3849.070898,6435.202183,9178.553681
921.408449,-3775.050304,6128.763984,9178.553681
921.408774,-3552.988522,5132.839837,7994.224174
921.409099,-2664.741391,4519.963438,7254.018232
921.409424,-1850.514855,3753.867940,7772.162391
921.409748,-888.247130,3447.429741,7920.203579
921.410073,0.000000,2987.772442,7402.059420
921.410398,814.226536,2604.724693,7772.162391
921.410723,1850.514855,1838.629195,8586.388927
921.411048,1850.514855,2298.286494,10288.862594
921.411372,1850.514855,2221.676944,10584.944971
921.411697,1702.473667,1991.848295,10658.965565
921.412022,2220.617826,2298.286494,11473.192101
921.412347,2072.576638,2451.505594,11991.336260
921.412672,1924.535449,2298.286494,11029.068536
921.412996,2516.700203,2068.457845,10510.924376
921.413321,3404.947333,2451.505594,9622.677246
921.413646,3330.926739,1302.362347,9104.533087
921.413971,2738.761985,153.219100,7846.182985
921.414296,2812.782580,-766.095498,7772.162391
921.414620,1480.411884,-2221.676944,8808.450710
921.414945,-888.247130,-3677.258390,9696.697840
921.415270,-3256.906145,-4979.620737,11399.171507
921.415595,-4885.359217,-5515.887586,12731.542202
921.415920,-5699.585753,-4903.011187,13767.830521
921.416244,-6365.771101,-4213.525239,14804.118840
921.416569,-7846.182985,-2221.676944,14952.160028
921.416894,-8142.265362,459.657299,14211.954086
921.417219,-5995.668130,3064.381992,12731.542202
921.417544,-4663.297435,5132.839837,9548.656652
921.417868,-3701.029710,7201.297681,7031.956449
921.418193,-1924.535449,7584.345430,4293.194464
921.418518,-2220.617826,8044.002729,2812.782580
921.418843,-2960.823768,6358.592633,2738.761985
921.419168,-4811.338623,3907.087040,2664.741391
921.419492,-6439.791695,1149.143247,3478.967927
921.419817,-7105.977043,-536.266849,4959.379811
921.420142,-7031.956449,-1685.410096,7254.018232
921.420467,-6957.935855,-2374.896044,8956.491898
921.420792,-7031.956449,-2374.896044,10066.800811
921.421116,-4959.379811,-842.705048,11103.089130
921.421441,-814.226536,1915.238745,11769.274478
921.421766,666.185348,4596.572988,12435.459826
921.422091,0.000000,6511.811733,12139.377449
921.422416,740.205942,8273.831378,12657.521608
921.422740,592.164754,9806.022374,13027.624579
921.423065,0.000000,10035.851024,12435.459826
921.423390,0.000000,9729.412825,11473.192101
921.423715,0.000000,9729.412825,9474.636058
921.424040,-1110.308913,8580.269578,9696.697840
921.424364,-2368.659014,6358.592633,9474.636058
921.424689,-2664.741391,5286.058936,7920.203579
921.425014,-2294.638420,3217.601092,6513.812290
921.425339,-2516.700203,1302.362347,4885.359217
921.425664,-2368.659014,536.266849,4737.318029
921.425988,-1554.432478,1072.533697,5699.585753
921.426313,296.082377,1378.971896,6291.750507
921.426638,740.205942,1072.533697,6809.894666
921.426963,740.205942,2298.286494,6883.915261
921.427288,148.041188,4979.620737,9252.574275
921.427612,1036.288319,6511.811733,12213.398043
921.427937,0.000000,6358.592633,13915.871710
921.428262,-666.185348,6894.859482,13693.809927
921.428587,740.205942,9269.755526,11917.315666
921.428912,1036.288319,9269.755526,10807.006753
921.429236,0.000000,7584.345430,8734.430116
921.429561,0.000000,6588.421283,7105.977043
921.429886,444.123565,4596.572988,5847.626942
921.430211,-1258.350101,612.876398,4367.215058
921.430536,-962.267725,-2451.505594,2738.761985
921.430860,-1924.535449,-4213.525239,5107.421000
921.431185,-5699.585753,-6511.811733,9252.574275
921.431510,-8142.265362,-9116.536426,11843.295072
921.431835,-8142.265362,-10035.851024,14211.954086
921.432160,-8956.491898,-8733.488677,17172.777854
921.432484,-8808.450710,-5209.449386,18653.189738
921.432809,-7920.203579,-1072.533697,17616.901420
921.433134,-5625.565159,1762.019645,16062.468941
921.433459,-2294.638420,5898.935335,14137.933492
921.433784,962.267725,10418.898773,9474.636058
921.434108,2738.761985,11951.089769,4071.132681
921.434433,5107.421000,9116.536426,-0.000000
921.434758,4071.132681,8120.612279,592.164754
921.435083,74.020594,5439.278036,1258.350101
921.435408,-3775.050304,306.438199,2812.782580
921.435732,-7328.038826,-5362.668486,3923.091493
921.436057,-10732.986159,-6511.811733,7254.018232
921.436382,-10955.047942,-6665.030833,9474.636058
921.436707,-10881.027347,-7431.126331,12509.480420
921.437032,-10732.986159,-7201.297681,15396.283594
921.437356,-7105.977043,-2681.334243,16062.468941
921.437681,-518.144159,2834.553343,15026.180623
921.438006,3701.029710,6358.592633,11325.150913
921.438331,6735.874072,9576.193725,7402.059420
921.438656,8512.368333,12870.404366,6069.688724
921.438980,8290.306550,14096.157163,7328.038826
921.439305,6291.750507,10801.946522,9030.512492
921.439630,4071.132681,8120.612279,9622.677246
921.439955,370.102971,5209.449386,9474.636058
921.440280,-3849.070898,1991.848295,11029.068536
921.440604,-5477.523971,-995.924147,11695.253884
921.440929,-5255.462188,-1991.848295,11695.253884
921.441254,-4663.297435,-1838.629195,10362.883188
921.441579,-2664.741391,-1149.143247,7698.141797
921.441904,-1184.329507,689.485948,6143.709319
921.442228,-592.164754,2987.772442,5625.565159
921.442553,1702.473667,5362.668486,7402.059420
921.442878,1258.350101,7124.688131,9696.697840
921.443203,-1480.411884,6818.249932,8956.491898
921.443528,1110.308913,6971.469032,7994.224174
921.443852,2442.679609,9576.193725,9252.574275
921.444177,1776.494261,11261.603821,10510.924376
921.444502,1702.473667,8810.098227,9474.636058
921.444827,1924.535449,6205.373534,9696.697840
921.445152,-1554.432478,4519.963438,9474.636058
921.445476,-4589.276840,3983.696590,8142.265362
921.445801,-5699.585753,229.828649,8956.491898
921.446126,-7846.182985,-1685.410096,8734.430116
921.446451,-8438.347739,-1915.238745,8142.265362
921.446776,-7846.182985,-2298.286494,7698.141797
921.447100,-7698.141797,-1915.238745,6587.832884
921.447425,-7846.182985,-842.705048,7550.100608
921.447750,-4441.235652,1225.752797,8734.430116
921.448075,-1406.391290,1915.238745,11103.089130
921.448400,-3701.029710,1685.410096,10436.903782
921.448724,-3775.050304,2834.553343,11547.212695
921.449049,-2590.720797,3907.087040,12435.459826
921.449374,-2738.761985,3064.381992,11843.295072
921.449699,-2368.659014,1685.410096,12583.501014
921.450024,-1480.411884,1762.019645,11103.089130
921.450348,148.041188,2298.286494,10214.842000
921.450673,888.247130,459.657299,9918.759623
921.450998,-592.164754,-1072.533697,8808.450710
921.451323,-2960.823768,-766.095498,7846.182985
921.451648,-1776.494261,-306.438199,7105.977043
921.451972,-888.247130,-1608.800546,7550.100608
921.452297,-2368.659014,-2757.943793,7328.038826
921.452622,-2368.659014,-919.314598,6883.915261
921.452947,-1776.494261,229.828649,8512.368333
921.453272,-740.205942,-1532.190996,7920.203579
921.453596,-370.102971,-1608.800546,9178.553681
921.453921,-740.205942,536.266849,10214.842000
921.454246,-518.144159,2681.334243,10066.800811
921.454571,222.061783,1915.238745,9474.636058
921.454896,1850.514855,2298.286494,10658.965565
921.455220,3404.947333,3064.381992,9622.677246
921.455545,6143.709319,4826.401637,8364.327145
921.455870,7476.080014,2374.896044,8808.450710
921.456195,5329.482782,1455.581446,9400.615463
921.456520,3330.926739,1149.143247,9844.739029
921.456844,2738.761985,689.485948,10732.986159
921.457169,1554.432478,-1991.848295,10214.842000
921.457494,-814.226536,-2604.724693,10807.006753
921.457819,-592.164754,-1608.800546,10807.006753
921.458144,-592.164754,-383.047749,10362.883188
921.458468,-666.185348,-1149.143247,10288.862594
921.458793,-1110.308913,-306.438199,10066.800811
921.459118,-296.082377,1838.629195,9770.718434
921.459443,-444.123565,3524.039291,9400.615463
921.459768,-1110.308913,4290.134789,8882.471304
921.460092,-1184.329507,3830.477490,9030.512492
921.460417,74.020594,4136.915689,7920.203579
921.460742,296.082377,4749.792088,6809.894666
921.461067,666.185348,3064.381992,5255.462188
921.461392,-666.185348,1532.190996,6883.915261
921.461716,-2368.659014,-383.047749,8882.471304
921.462041,-3923.091493,-612.876398,10066.800811
921.462366,-4219.173869,-2068.457845,10214.842000
921.462691,-4737.318029,-2451.505594,9474.636058
921.463016,-3923.091493,-2528.115143,9622.677246
921.463340,-1110.308913,459.657299,8216.285956
921.463665,1554.432478,2757.943793,9622.677246
921.463990,1332.370696,1915.238745,9400.615463
921.464315,2072.576638,2911.162892,8808.450710
921.464640,1184.329507,4213.525239,10732.986159
921.464964,1184.329507,4443.353888,9918.759623
921.465289,-962.267725,2757.943793,11325.150913
921.465614,-1406.391290,1225.752797,10288.862594
921.465939,-296.082377,2681.334243,9030.512492
921.466264,370.102971,459.657299,8586.388927
921.466588,-1554.432478,-1532.190996,9252.574275
921.466913,-3775.050304,-2528.115143,9844.739029
921.467238,-5403.503377,-1149.143247,9770.718434
921.467563,-2960.823768,-2374.896044,10214.842000
921.467888,-3775.050304,-2528.115143,8808.450710
921.468212,-3034.844362,-1378.971896,5625.565159
921.468537,518.144159,1762.019645,5847.626942
921.468862,2960.823768,1455.581446,8216.285956
921.469187,1776.494261,689.485948,7846.182985
921.469512,962.267725,612.876398,9178.553681
921.469836,2812.782580,1378.971896,10214.842000
921.470161,3701.029710,2528.115143,10807.006753
921.470486,2072.576638,1302.362347,11991.336260
921.470811,2220.617826,-383.047749,11103.089130
921.471136,5625.565159,919.314598,9252.574275
921.471460,7772.162391,2221.676944,9474.636058
921.471785,6069.688724,1455.581446,9252.574275
921.472110,3404.947333,1149.143247,7920.203579
921.472435,4663.297435,1149.143247,9474.636058
921.472760,4145.153275,995.924147,9474.636058
921.473084,-370.102971,-995.924147,8956.491898
921.473409,-1776.494261,-2681.334243,8882.471304
921.473734,1332.370696,-1455.581446,9030.512492
921.474059,0.000000,-1455.581446,11251.130318
921.474384,-2516.700203,-3064.381992,11473.192101
921.474708,-3997.112087,-3830.477490,11325.150913
921.475033,-3923.091493,-995.924147,10732.986159
921.475358,-1628.453072,229.828649,10658.965565
921.475683,-2590.720797,0.000000,10955.047942
921.476008,-2590.720797,76.609550,9770.718434
921.476332,444.123565,1915.238745,7031.956449
921.476657,3627.009116,1838.629195,6069.688724
921.476982,1110.308913,995.924147,7846.182985
921.477307,-1628.453072,1225.752797,7031.956449
921.477632,-1480.411884,2145.067394,8068.244768
921.477956,222.061783,0.000000,9104.533087
921.478281,-2442.679609,-1225.752797,9104.533087
921.478606,-3182.885551,-689.485948,8512.368333
921.478931,0.000000,1072.533697,7402.059420
921.479256,1850.514855,919.314598,8882.471304
921.479580,0.000000,995.924147,10436.903782
921.479905,-1332.370696,2068.457845,9178.553681
921.480230,74.020594,2451.505594,8290.306550
921.480555,1998.556043,2681.334243,9252.574275
921.480880,-1110.308913,3064.381992,11399.171507
921.481204,-1776.494261,3064.381992,10955.047942
921.481529,888.247130,1991.848295,9400.615463
921.481854,1628.453072,229.828649,8808.450710
921.482179,-1480.411884,306.438199,9696.697840
921.482504,-3997.112087,306.438199,9770.718434
921.482828,-3108.864956,-306.438199,9844.739029
921.483153,-2146.597232,-1685.410096,10658.965565
921.483478,-4071.132681,-1378.971896,10510.924376
921.483803,-4367.215058,383.047749,9252.574275
921.484128,0.000000,919.314598,6661.853478
921.484452,3256.906145,1225.752797,6735.874072
921.484777,3404.947333,1149.143247,8956.491898
921.485102,1554.432478,4366.744339,9474.636058
921.485427,222.061783,2834.553343,9178.553681
921.485752,3404.947333,1455.581446,7254.018232
921.486076,2072.576638,2451.505594,9548.656652
921.486401,740.205942,4060.306139,9844.739029
921.486726,3997.112087,3524.039291,7105.977043
921.487051,5847.626942,612.876398,8290.306550
921.487376,3330.926739,153.219100,9400.615463
921.487700,296.082377,1532.190996,9992.780217
921.488025,814.226536,612.876398,9326.594869
921.488348,2220.617826,-919.314598,10436.903782
921.488673,1998.556043,-1225.752797,10362.883188
921.488998,-222.061783,612.876398,10658.965565
921.489323,1036.288319,1608.800546,9030.512492
921.489647,1110.308913,-842.705048,7846.182985
921.489972,518.144159,-1685.410096,9770.718434
921.490297,-1924.535449,-689.485948,11103.089130
921.490622,-3330.926739,229.828649,11177.109724
921.490947,-3034.844362,-1302.362347,10955.047942
921.491271,-4737.318029,-2681.334243,11473.192101
921.491596,-5699.585753,-2834.553343,10955.047942
921.491921,-1184.329507,-153.219100,7476.080014
921.492246,1776.494261,-459.657299,6735.874072
921.492571,666.185348,-919.314598,9770.718434
921.492895,-814.226536,919.314598,10066.800811
921.493220,-962.267725,1762.019645,8882.471304
921.493545,666.185348,-1608.800546,8216.285956
921.493870,370.102971,-1532.190996,8068.244768
921.494195,444.123565,1991.848295,7920.203579
921.494519,1924.535449,2987.772442,8142.265362
921.494844,3034.844362,229.828649,8586.388927
921.495169,0.000000,-995.924147,9548.656652
921.495494,-1184.329507,842.705048,9104.533087
921.495819,-962.267725,1762.019645,9030.512492
921.496143,-1258.350101,0.000000,9696.697840
921.496468,-2368.659014,383.047749,10732.986159
921.496793,-2812.782580,612.876398,9918.759623
921.497118,-962.267725,919.314598,7920.203579
921.497443,1332.370696,76.609550,7550.100608
921.497767,-222.061783,842.705048,9400.615463
921.498092,-2516.700203,536.266849,10362.883188
921.498417,-2664.741391,-459.657299,10214.842000
921.498742,-1332.370696,-1149.143247,10066.800811
921.499066,-1850.514855,0.000000,9696.697840
921.499391,-1184.329507,919.314598,9252.574275
921.499716,1110.308913,1378.971896,8956.491898
921.500041,3256.906145,1762.019645,10214.842000
921.500366,3923.091493,1762.019645,10732.986159
921.500690,1924.535449,1149.143247,9474.636058
921.501015,1406.391290,2987.772442,9474.636058
921.501340,2516.700203,3294.210641,9918.759623
921.501665,1110.308913,2911.162892,9474.636058
921.501990,1258.350101,1608.800546,9400.615463
921.502314,2368.659014,3294.210641,7105.977043
921.502639,2738.761985,3524.039291,6439.791695
921.502964,2516.700203,1762.019645,7031.956449
921.503289,0.000000,0.000000,8438.347739
921.503614,-3478.967927,1072.533697,9770.718434
921.503938,-2072.576638,1378.971896,9178.553681
921.504263,-3404.947333,-1072.533697,10066.800811
921.504588,-3034.844362,-1762.019645,7476.080014
921.504913,296.082377,1225.752797,8882.471304
921.505238,1776.494261,1302.362347,10288.862594
921.505562,-296.082377,689.485948,10288.862594
921.505887,-1110.308913,-1302.362347,10436.903782
921.506212,-888.247130,459.657299,10066.800811
921.506537,-1480.411884,2145.067394,9844.739029
921.506862,-1110.308913,536.266849,9622.677246
921.507186,-814.226536,-842.705048,9548.656652
921.507511,888.247130,766.095498,9844.739029
921.507836,2664.741391,1991.848295,9622.677246
921.508161,666.185348,76.609550,8882.471304
921.508486,-518.144159,-1685.410096,8438.347739
921.508810,370.102971,0.000000,9474.636058
921.509135,-370.102971,536.266849,9548.656652
921.509460,-1406.391290,-536.266849,9474.636058
921.509785,-592.164754,-1302.362347,9104.533087
921.510109,1110.308913,1225.752797,7846.182985
921.510434,2886.803174,1378.971896,7476.080014
921.510759,444.123565,0.000000,8956.491898
921.511084,-1850.514855,-842.705048,8438.347739
921.511409,-1702.473667,0.000000,9474.636058
921.511733,-666.185348,-689.485948,10214.842000
921.512058,-2664.741391,-383.047749,10955.047942
921.512383,-2146.597232,-536.266849,9844.739029
921.512708,592.164754,306.438199,10140.821405
921.513033,3256.906145,153.219100,9992.780217
921.513357,1628.453072,229.828649,10066.800811
921.513682,-296.082377,-689.485948,9252.574275
921.514007,0.000000,229.828649,9104.533087
921.514332,370.102971,689.485948,10436.903782
921.514657,-1776.494261,306.438199,11769.274478
921.514981,-1406.391290,-153.219100,8216.285956
921.515306,518.144159,995.924147,7179.997637
921.515631,2812.782580,1072.533697,7994.224174
921.515956,592.164754,2145.067394,9400.615463
921.516281,-814.226536,536.266849,9400.615463
921.516605,-962.267725,766.095498,8512.368333
921.516930,222.061783,1608.800546,9622.677246
921.517255,-1776.494261,2068.457845,9474.636058
921.517580,-2368.659014,1072.533697,8734.430116
921.517905,-1184.329507,919.314598,6809.894666
921.518229,1406.391290,1532.190996,7254.018232
921.518554,-1036.288319,1072.533697,8438.347739
921.518879,-2368.659014,383.047749,7624.121203
921.519204,-1628.453072,153.219100,8364.327145
921.519529,-296.082377,1378.971896,10140.821405
921.519853,666.185348,689.485948,11177.109724
921.520178,370.102971,919.314598,11991.336260
921.520503,1998.556043,1455.581446,9992.780217
921.520828,5847.626942,1991.848295,9326.594869
921.521152,4515.256246,2145.067394,10066.800811
921.521477,1628.453072,536.266849,9770.718434
921.521802,1184.329507,1225.752797,9104.533087
921.522127,1776.494261,1225.752797,12287.418637
921.522452,-1110.308913,1685.410096,12953.603985
921.522776,-2294.638420,-383.047749,10140.821405
921.523101,518.144159,-689.485948,6735.874072
921.523426,3330.926739,1685.410096,7476.080014
921.523751,666.185348,2757.943793,7846.182985
921.524076,-1998.556043,689.485948,7846.182985
921.524400,-518.144159,-766.095498,7402.059420
921.524725,-148.041188,1378.971896,9326.594869
921.525050,-962.267725,1378.971896,9326.594869
921.525375,-2072.576638,76.609550,9474.636058
921.525700,592.164754,-766.095498,8068.244768
921.526024,1480.411884,1225.752797,8216.285956
921.526349,1110.308913,0.000000,9030.512492
921.526674,-1998.556043,-1608.800546,8068.244768
921.526999,-1776.494261,-536.266849,8216.285956
921.527324,-888.247130,76.609550,11029.068536
921.527648,-1850.514855,-383.047749,12361.439231
921.527973,-2812.782580,-1072.533697,10584.944971
921.528298,0.000000,383.047749,9252.574275
921.528623,4367.215058,1225.752797,7179.997637
921.528948,3849.070898,536.266849,8808.450710
921.529272,888.247130,383.047749,10658.965565
921.529597,0.000000,1762.019645,10881.027347
921.529922,1036.288319,995.924147,11399.171507
921.530247,-296.082377,-612.876398,11103.089130
921.530572,-2590.720797,-1762.019645,9992.780217
921.530896,-296.082377,689.485948,7476.080014
921.531221,1924.535449,0.000000,8216.285956
921.531546,0.000000,0.000000,10732.986159
921.531871,-2590.720797,383.047749,9992.780217
921.532195,-3034.844362,766.095498,8586.388927
921.532520,-2368.659014,-612.876398,8142.265362
921.532845,-2960.823768,689.485948,9400.615463
921.533170,-2738.761985,1838.629195,8734.430116
921.533495,-888.247130,1378.971896,6661.853478
921.533819,592.164754,-766.095498,5847.626942
921.534144,-444.123565,76.609550,7698.141797
921.534469,-2146.597232,995.924147,8364.327145
921.534794,-2220.617826,1072.533697,8364.327145
921.535119,-148.041188,0.000000,9400.615463
921.535443,814.226536,-153.219100,11029.068536
921.535768,-592.164754,842.705048,10436.903782
921.536093,1184.329507,459.657299,8290.306550
921.536418,4811.338623,1685.410096,8586.388927
921.536743,5625.565159,2298.286494,10955.047942
921.537067,3775.050304,2068.457845,11251.130318
921.537392,3108.864956,919.314598,10436.903782
921.537717,2516.700203,2068.457845,10658.965565
921.538042,296.082377,2221.676944,11991.336260
921.538367,-370.102971,459.657299,9918.759623
921.538691,296.082377,536.266849,7846.182985
921.539016,2294.638420,1149.143247,8438.347739
921.539341,148.041188,2068.457845,10807.006753
921.539666,-1924.535449,-459.657299,9252.574275
921.539991,-3478.967927,-1455.581446,7846.182985
921.540315,-1702.473667,-1072.533697,7994.224174
921.540640,-1998.556043,2221.676944,9030.512492
921.540965,-1480.411884,536.266849,8438.347739
921.541290,-444.123565,459.657299,6809.894666
921.541615,1406.391290,842.705048,7328.038826
921.541939,1924.535449,2145.067394,8068.244768
921.542264,1850.514855,1302.362347,8068.244768
921.542589,888.247130,229.828649,8734.430116
921.542914,74.020594,1072.533697,10436.903782
921.543238,-592.164754,1532.190996,10658.965565
921.543563,0.000000,306.438199,9696.697840
921.543888,888.247130,-689.485948,9696.697840
921.544213,2368.659014,919.314598,9178.553681
921.544538,2072.576638,1762.019645,11769.274478
921.544862,74.020594,-689.485948,11251.130318
921.545187,-1924.535449,-1149.143247,9844.739029
921.545512,-2072.576638,-459.657299,10436.903782
921.545837,-2442.679609,1762.019645,9992.780217
921.546162,-2368.659014,-306.438199,9474.636058
921.546486,-666.185348,-1455.581446,8438.347739
921.546811,740.205942,153.219100,7846.182985
921.547136,-296.082377,1762.019645,9474.636058
921.547461,-1110.308913,-153.219100,9326.594869
921.547786,-1998.556043,-1225.752797,8290.306550
921.548110,-1480.411884,-536.266849,9770.718434
921.548435,-2146.597232,0.000000,11251.130318
921.548760,-3552.988522,-2298.286494,10584.944971
921.549085,-1332.370696,-1149.143247,9178.553681
921.549410,2368.659014,1149.143247,10436.903782
921.549734,2368.659014,1225.752797,9178.553681
921.550059,1184.329507,-229.828649,7698.141797
921.550384,370.102971,842.705048,7402.059420
921.550709,-370.102971,3370.820191,8956.491898
921.551034,-2294.638420,1455.581446,8882.471304
921.551358,-2664.741391,-1608.800546,6069.688724
921.551683,-1628.453072,-306.438199,6513.812290
921.552008,1480.411884,1378.971896,8808.450710
921.552333,296.082377,766.095498,9992.780217
921.552658,-1702.473667,-1378.971896,11251.130318
921.552982,-296.082377,-612.876398,10881.027347
921.553307,2146.597232,1991.848295,10510.924376
921.553632,1480.411884,1149.143247,9992.780217
921.553957,1036.288319,689.485948,7994.224174
921.554281,3256.906145,2834.553343,8364.327145
921.554606,5773.606348,5898.935335,9474.636058
921.554931,4663.297435,2681.334243,9474.636058
921.555256,1776.494261,0.000000,8068.244768
921.555581,962.267725,1532.190996,8660.409521
921.555905,-888.247130,2528.115143,11177.109724
921.556230,-3182.885551,766.095498,11695.253884
921.556555,-4219.173869,-1225.752797,10955.047942
921.556880,-2072.576638,-612.876398,8364.327145
921.557205,888.247130,842.705048,7179.997637
921.557529,-296.082377,766.095498,8216.285956
921.557854,-1702.473667,306.438199,8512.368333
921.558179,-444.123565,1532.190996,8734.430116
921.558504,1998.556043,1991.848295,8882.471304
921.558829,0.000000,1072.533697,8660.409521
921.559153,0.000000,842.705048,8290.306550
921.559478,2664.741391,3524.039291,7772.162391
921.559803,4737.318029,2068.457845,9178.553681
921.560128,2960.823768,0.000000,9622.677246
921.560453,814.226536,-612.876398,10362.883188
921.560777,-444.123565,1302.362347,9696.697840
921.561102,-1924.535449,229.828649,11103.089130
921.561427,-2886.803174,-2451.505594,10955.047942
921.561752,-3330.926739,-1838.629195,10881.027347
921.562077,74.020594,-306.438199,9548.656652
921.562401,1110.308913,612.876398,9104.533087
921.562726,-740.205942,-612.876398,9474.636058
921.563051,-2664.741391,-1302.362347,8290.306550
921.563376,-2738.761985,306.438199,6661.853478
921.563701,-1924.535449,76.609550,7846.182985
921.564025,-3552.988522,0.000000,9474.636058
921.564350,-4071.132681,0.000000,10732.986159
921.564675,-2072.576638,0.000000,9548.656652
921.565000,592.164754,-995.924147,9030.512492
921.565324,74.020594,-1225.752797,9178.553681
921.565649,-1332.370696,-459.657299,9030.512492
921.565974,-1480.411884,383.047749,10066.800811
921.566299,-148.041188,153.219100,8956.491898
921.566624,-370.102971,-229.828649,10362.883188
921.566948,-1480.411884,459.657299,8364.327145
921.567273,1998.556043,2221.676944,6069.688724
921.567598,4441.235652,2451.505594,7846.182985
921.567923,1406.391290,1225.752797,8660.409521
921.568248,-592.164754,459.657299,8808.450710
921.568572,0.000000,0.000000,8956.491898
921.568897,518.144159,1608.800546,10436.903782
921.569222,370.102971,459.657299,12065.356855
921.569547,666.185348,-229.828649,11251.130318
921.569872,2590.720797,1072.533697,10066.800811
921.570196,4663.297435,2221.676944,10066.800811
921.570521,3997.112087,2221.676944,10510.924376
921.570846,1628.453072,383.047749,9178.553681
921.571171,962.267725,919.314598,7994.224174
921.571496,518.144159,2528.115143,9844.739029
921.571820,814.226536,2604.724693,10288.862594
921.572145,666.185348,1532.190996,10140.821405
921.572470,-222.061783,1762.019645,8660.409521
921.572795,1702.473667,1838.629195,7328.038826
921.573120,1776.494261,842.705048,7772.162391
921.573444,0.000000,612.876398,8882.471304
921.573769,-2294.638420,1608.800546,9474.636058
921.574094,-2220.617826,1072.533697,10140.821405
921.574419,-1628.453072,0.000000,9622.677246
921.574744,-1036.288319,-306.438199,9622.677246
921.575068,-148.041188,1072.533697,8142.265362
921.575393,1924.535449,1838.629195,7402.059420
921.575718,2368.659014,1072.533697,8808.450710
921.576043,1258.350101,766.095498,9104.533087
921.576367,296.082377,2145.067394,8734.430116
921.576692,444.123565,2298.286494,9474.636058
921.577017,296.082377,1991.848295,9252.574275
921.577342,-296.082377,842.705048,10881.027347
921.577667,518.144159,-459.657299,9178.553681
921.577991,666.185348,-612.876398,7476.080014
921.578316,-444.123565,-1532.190996,10955.047942
921.578641,-1628.453072,-1532.190996,11917.315666
921.578966,-4293.194464,-995.924147,11325.150913
921.579291,-5255.462188,-2681.334243,10732.986159
921.579615,-2442.679609,-1762.019645,9326.594869
921.579940,-2146.597232,0.000000,8734.430116
921.580265,-1628.453072,1455.581446,9474.636058
921.580590,74.020594,766.095498,8068.244768
921.580915,-666.185348,-229.828649,8438.347739
921.581239,-592.164754,-842.705048,9474.636058
921.581564,-2368.659014,229.828649,8512.368333
921.581889,-2886.803174,459.657299,8512.368333
921.582214,-1998.556043,-766.095498,10732.986159
921.582539,-1406.391290,-1608.800546,10140.821405
921.582863,-370.102971,-995.924147,8586.388927
921.583188,1850.514855,0.000000,7624.121203
921.583513,1554.432478,612.876398,8438.347739
921.583838,0.000000,153.219100,8956.491898
921.584163,1776.494261,153.219100,8438.347739
921.584487,2812.782580,995.924147,9252.574275
921.584812,2072.576638,2374.896044,9474.636058
921.585137,2368.659014,2451.505594,9622.677246
921.585462,3997.112087,1302.362347,8660.409521
921.585787,3849.070898,1608.800546,9400.615463
921.586111,2368.659014,842.705048,10658.965565
921.586436,0.000000,229.828649,9918.759623
921.586761,-370.102971,-76.609550,10510.924376
921.587086,0.000000,-842.705048,10732.986159
921.587410,-2368.659014,-995.924147,10881.027347
921.587735,-2220.617826,-383.047749,9474.636058
921.588060,1258.350101,1302.362347,8290.306550
921.588385,2960.823768,1915.238745,8660.409521
921.588710,1998.556043,1149.143247,8364.327145
921.589034,1110.308913,842.705048,8586.388927
921.589359,1184.329507,1762.019645,9252.574275
921.589684,740.205942,1762.019645,9696.697840
921.590009,-444.123565,766.095498,9844.739029
921.590334,-1332.370696,383.047749,8882.471304
921.590658,592.164754,919.314598,7994.224174
921.590983,1110.308913,383.047749,8512.368333
921.591308,592.164754,0.000000,9252.574275
921.591633,-518.144159,842.705048,9918.759623
921.591958,-1036.288319,536.266849,9918.759623
921.592282,-962.267725,612.876398,9992.780217
921.592607,-1258.350101,919.314598,9992.780217
921.592932,-814.226536,1762.019645,8438.347739
921.593257,888.247130,2451.505594,6513.812290
921.593582,2960.823768,1762.019645,8438.347739
921.593906,1184.329507,2221.676944,8364.327145
921.594231,-2516.700203,842.705048,9474.636058
921.594556,-2812.782580,-995.924147,8364.327145
921.594881,-2368.659014,-689.485948,9474.636058
921.595206,-4145.153275,536.266849,11251.130318
921.595530,-5255.462188,612.876398,10510.924376
921.595855,-2590.720797,-1915.238745,8512.368333
921.596180,74.020594,-1991.848295,7772.162391
921.596505,-1554.432478,842.705048,10140.821405
921.596829,-3034.844362,1915.238745,9104.533087
921.597154,-1184.329507,1072.533697,7698.141797
921.597479,296.082377,153.219100,10288.862594
921.597804,-1480.411884,1685.410096,10288.862594
921.598129,-1998.556043,1225.752797,8290.306550
921.598453,1628.453072,612.876398,7328.038826
921.598778,4663.297435,1378.971896,8586.388927
921.599103,2516.700203,2528.115143,11251.130318
921.599428,740.205942,536.266849,9992.780217
921.599753,814.226536,-919.314598,9030.512492
921.600077,814.226536,-229.828649,10807.006753
921.600402,-222.061783,1838.629195,11177.109724
921.600727,-148.041188,229.828649,8290.306550
921.601052,1480.411884,-1149.143247,6661.853478
921.601377,3775.050304,1685.410096,9252.574275
921.601701,3034.844362,3524.039291,10584.944971
921.602026,666.185348,306.438199,9326.594869
921.602351,592.164754,-2145.067394,8068.244768
921.602676,370.102971,306.438199,9992.780217
921.603000,-74.020594,2451.505594,11325.150913
921.603325,-444.123565,689.485948,9844.739029
921.603650,-296.082377,-1608.800546,8068.244768
921.603975,1036.288319,-536.266849,7550.100608
921.604300,1850.514855,2221.676944,8438.347739
921.604624,1406.391290,459.657299,10584.944971
921.604949,0.000000,0.000000,9178.553681
921.605274,0.000000,-995.924147,8956.491898
921.605599,-148.041188,995.924147,10658.965565
921.605924,74.020594,2145.067394,9696.697840
921.606248,1480.411884,1762.019645,7402.059420
921.606573,3552.988522,306.438199,7476.080014
921.606898,2368.659014,766.095498,8586.388927
921.607223,222.061783,2604.724693,9474.636058
921.607548,0.000000,1149.143247,9030.512492
921.607872,0.000000,-766.095498,8808.450710
921.608197,-1628.453072,-306.438199,9918.759623
921.608522,-2146.597232,919.314598,11325.150913
921.608847,-518.144159,919.314598,10658.965565
921.609172,1332.370696,-766.095498,9326.594869
921.609496,1776.494261,-1302.362347,9474.636058
921.609821,-1776.494261,0.000000,11991.336260
921.610146,-3330.926739,-153.219100,10436.903782
921.610471,-2442.679609,76.609550,9844.739029
921.610795,-1850.514855,-1302.362347,11103.089130
921.611120,-3997.112087,383.047749,8808.450710
921.611445,-3108.864956,1455.581446,6957.935855
921.611770,74.020594,1225.752797,7105.977043
921.612095,-518.144159,536.266849,8364.327145
921.612419,-4145.153275,0.000000,8364.327145
921.612744,-3923.091493,0.000000,7105.977043
921.613069,-2442.679609,612.876398,9326.594869
921.613394,-1480.411884,919.314598,9918.759623
921.613719,-1406.391290,0.000000,10881.027347
921.614043,-296.082377,229.828649,8586.388927
921.614368,2738.761985,1838.629195,7698.141797
921.614693,4219.173869,1149.143247,7920.203579
921.615018,2590.720797,1685.410096,9030.512492
921.615343,1258.350101,1532.190996,8882.471304
921.615667,2146.597232,2145.067394,8586.388927
921.615992,1998.556043,1455.581446,10362.883188
921.616317,1332.370696,1302.362347,9548.656652
921.616642,1702.473667,1685.410096,9326.594869
921.616967,2812.782580,1149.143247,10066.800811
921.617291,2146.597232,153.219100,10140.821405
921.617616,-592.164754,-1685.410096,9844.739029
921.617941,-1998.556043,-612.876398,9992.780217
921.618266,-1406.391290,689.485948,9918.759623
921.618590,-1850.514855,689.485948,11177.109724
921.618915,-1702.473667,-383.047749,11251.130318
921.619240,0.000000,76.609550,8956.491898
921.619565,2812.782580,1532.190996,6587.832884
921.619890,3256.906145,2298.286494,7698.141797
921.620214,740.205942,1225.752797,8660.409521
921.620539,-222.061783,1455.581446,9030.512492
921.620864,666.185348,1685.410096,10066.800811
921.621189,-296.082377,2068.457845,10584.944971
921.621514,-1480.411884,229.828649,9696.697840
921.621838,888.247130,153.219100,7402.059420
921.622163,3627.009116,995.924147,7402.059420
921.622488,3330.926739,1685.410096,9474.636058
921.622813,1776.494261,1149.143247,10140.821405
921.623138,-740.205942,1532.190996,9696.697840
921.623462,-2072.576638,306.438199,9252.574275
921.623787,-1110.308913,0.000000,9178.553681
921.624112,-814.226536,0.000000,8068.244768
921.624437,0.000000,1685.410096,8290.306550
921.624762,1406.391290,2681.334243,8956.491898
921.625086,-444.123565,459.657299,9252.574275
921.625411,-2886.803174,-1608.800546,8956.491898
921.625736,-3701.029710,-1378.971896,8808.450710
921.626061,-2886.803174,0.000000,9400.615463
921.626385,-3478.967927,0.000000,11473.192101
921.626710,-3923.091493,-1455.581446,11399.171507
921.627035,-2812.782580,-2145.067394,9770.718434
921.627360,-1406.391290,-1378.971896,8142.265362
921.627685,-1850.514855,459.657299,8216.285956
921.628009,-1036.288319,0.000000,10362.883188
921.628334,666.185348,1302.362347,9622.677246
921.628659,444.123565,1378.971896,10955.047942
921.628984,-148.041188,1838.629195,10807.006753
921.629309,222.061783,1685.410096,7550.100608
921.629633,2664.741391,1149.143247,7402.059420
921.629958,4663.297435,2298.286494,9030.512492
921.630283,2664.741391,2528.115143,10140.821405
921.630608,740.205942,842.705048,10658.965565
921.630933,1110.308913,-1302.362347,8216.285956
921.631257,-1110.308913,-459.657299,7846.182985
921.631582,-2146.597232,919.314598,8142.265362
921.631907,-1036.288319,919.314598,9178.553681
921.632232,1258.350101,-306.438199,8438.347739
921.632557,2442.679609,0.000000,8882.471304
921.632881,1924.535449,766.095498,9030.512492
921.633206,518.144159,1225.752797,8142.265362
921.633531,1110.308913,153.219100,9178.553681
921.633856,1406.391290,0.000000,10881.027347
921.634180,740.205942,1302.362347,11399.171507
921.634505,0.000000,1225.752797,10955.047942
921.634830,1332.370696,76.609550,9326.594869
921.635155,3108.864956,-459.657299,7920.203579
921.635480,1480.411884,0.000000,9696.697840
921.635804,-592.164754,0.000000,11325.150913
921.636129,-1184.329507,0.000000,10658.965565
921.636454,-888.247130,-1072.533697,10066.800811
921.636779,-888.247130,-229.828649,9696.697840
921.637104,-1702.473667,2298.286494,8734.430116
921.637428,962.267725,2145.067394,7550.100608
921.637753,4219.173869,2068.457845,7328.038826
921.638078,3404.947333,2068.457845,8586.388927
921.638403,370.102971,2451.505594,9770.718434
921.638728,0.000000,1149.143247,7624.121203
921.639052,-740.205942,536.266849,8216.285956
921.639377,-814.226536,76.609550,11991.336260
921.639702,-1776.494261,919.314598,10955.047942
921.640027,-962.267725,0.000000,8142.265362
921.640352,1332.370696,-383.047749,8216.285956
921.640676,888.247130,1149.143247,8808.450710
921.641001,-1406.391290,1532.190996,9622.677246
921.641326,-1850.514855,1072.533697,9400.615463
921.641651,-1776.494261,76.609550,9696.697840
921.641975,-3034.844362,536.266849,9844.739029
921.642300,-3404.947333,766.095498,8808.450710
921.642625,-2146.597232,766.095498,7624.121203
921.642950,0.000000,-612.876398,7772.162391
921.643275,-592.164754,-306.438199,9992.780217
921.643599,-2590.720797,229.828649,11547.212695
921.643924,-2812.782580,0.000000,9548.656652
921.644249,-1924.535449,-612.876398,8660.409521
921.644574,-1406.391290,-306.438199,10584.944971
921.644899,-1776.494261,1532.190996,11029.068536
921.645223,666.185348,1608.800546,9548.656652
921.645548,3478.967927,76.609550,7698.141797
921.645873,3997.112087,842.705048,8808.450710
921.646198,1332.370696,2374.896044,9474.636058
921.646523,962.267725,2528.115143,8956.491898
921.646847,1036.288319,536.266849,10140.821405
921.647172,962.267725,-383.047749,9696.697840
921.647497,-444.123565,689.485948,8956.491898
921.647822,666.185348,842.705048,6587.832884
921.648147,2886.803174,536.266849,7550.100608
921.648471,2812.782580,612.876398,9622.677246
921.648796,-370.102971,766.095498,11103.089130
921.649121,-888.247130,-229.828649,8438.347739
921.649446,-1036.288319,-383.047749,8586.388927
921.649770,-592.164754,0.000000,9622.677246
921.650095,-1480.411884,766.095498,10214.842000
921.650420,-666.185348,-1072.533697,7772.162391
921.650745,2368.659014,-1225.752797,7698.141797
921.651070,3849.070898,536.266849,10288.862594
921.651394,814.226536,995.924147,10807.006753
921.651719,-1184.329507,383.047749,9696.697840
921.652044,296.082377,-2374.896044,10807.006753
921.652369,1258.350101,-1685.410096,11473.192101
921.652694,74.020594,76.609550,11177.109724
921.653018,1702.473667,1072.533697,9252.574275
921.653343,4367.215058,1455.581446,9252.574275
921.653668,3182.885551,689.485948,11251.130318
921.653993,1036.288319,459.657299,11325.150913
921.654318,222.061783,536.266849,8068.244768
921.654642,-1184.329507,536.266849,9104.533087
921.654967,-1776.494261,1072.533697,9178.553681
921.655292,-3552.988522,1685.410096,8808.450710
921.655617,-3182.885551,-153.219100,7179.997637
921.655942,-888.247130,153.219100,5033.400406
921.656266,-2220.617826,1149.143247,6217.729913
921.656591,-2590.720797,1378.971896,9104.533087
921.656916,-2664.741391,76.609550,8290.306550
921.657241,-2072.576638,0.000000,9622.677246
921.657565,-1998.556043,766.095498,11029.068536
921.657890,-592.164754,1608.800546,10584.944971
921.658215,222.061783,1685.410096,9326.594869
921.658540,3256.906145,2528.115143,9030.512492
921.658865,4515.256246,1762.019645,9622.677246
921.659189,2368.659014,2298.286494,11769.274478
921.659514,518.144159,1532.190996,10288.862594
921.659839,-1850.514855,1455.581446,10584.944971
921.660164,-2072.576638,1149.143247,11177.109724
921.660489,-3330.926739,995.924147,11325.150913
921.660813,-2812.782580,0.000000,9326.594869
921.661138,-666.185348,919.314598,7624.121203
921.661463,222.061783,1225.752797,8808.450710
921.661788,-888.247130,689.485948,9104.533087
921.662113,-2294.638420,1838.629195,7698.141797
921.662437,-2368.659014,1838.629195,8216.285956
921.662762,-814.226536,2374.896044,8808.450710
921.663087,666.185348,766.095498,8142.265362
921.663412,1702.473667,1991.848295,6439.791695
921.663737,3997.112087,2451.505594,5921.647536
921.664061,3552.988522,2451.505594,8364.327145
921.664386,1406.391290,766.095498,9474.636058
921.664711,1628.453072,76.609550,8142.265362
921.665036,1406.391290,1072.533697,9326.594869
921.665360,-148.041188,842.705048,11547.212695
921.665685,-666.185348,-459.657299,10362.883188
921.666010,666.185348,-1915.238745,9770.718434
921.666335,2442.679609,-2145.067394,9474.636058
921.666660,1258.350101,-766.095498,9252.574275
921.666984,74.020594,153.219100,10510.924376
921.667309,222.061783,-306.438199,10436.903782
921.667634,-888.247130,-1302.362347,10658.965565
921.667959,-518.144159,-1838.629195,11325.150913
921.668284,-444.123565,-1149.143247,11103.089130
921.668608,592.164754,-919.314598,9548.656652
921.668933,2072.576638,-1302.362347,8882.471304
921.669258,2442.679609,-995.924147,10584.944971
921.669583,666.185348,-536.266849,11251.130318
921.669908,1332.370696,-306.438199,10732.986159
921.670232,814.226536,-919.314598,11103.089130
921.670557,-666.185348,-1149.143247,10066.800811
921.670882,-1406.391290,-229.828649,7476.080014
921.671207,1036.288319,229.828649,7550.100608
921.671531,1258.350101,1302.362347,7550.100608
921.671856,370.102971,1838.629195,6513.812290
921.672181,-814.226536,612.876398,7402.059420
921.672506,-1702.473667,0.000000,7994.224174
921.672831,-3627.009116,1302.362347,9178.553681
921.673155,-3849.070898,612.876398,9474.636058
921.673480,-3849.070898,153.219100,9770.718434
921.673805,-1628.453072,0.000000,7105.977043
921.674130,444.123565,919.314598,6957.935855
921.674455,666.185348,842.705048,8068.244768
921.674779,-2368.659014,1072.533697,10510.924376
921.675104,-2072.576638,1149.143247,10807.006753
921.675429,-1258.350101,1225.752797,11399.171507
921.675754,-1258.350101,459.657299,11547.212695
921.676079,-666.185348,919.314598,9474.636058
921.676403,1406.391290,3140.991542,9622.677246
921.676728,3627.009116,3524.039291,10955.047942
921.677053,2368.659014,2221.676944,10362.883188
921.677378,740.205942,1149.143247,9844.739029
921.677703,592.164754,2451.505594,9918.759623
921.678027,1110.308913,2834.553343,9696.697840
921.678352,-1258.350101,1685.410096,10362.883188
921.678677,-2072.576638,229.828649,8956.491898
921.679002,-2368.659014,1455.581446,7994.224174
921.679326,-222.061783,1608.800546,6883.915261
921.679651,962.267725,1532.190996,6365.771101
921.679976,-592.164754,383.047749,7031.956449
921.680301,-1850.514855,459.657299,6809.894666
921.680626,-592.164754,1762.019645,9178.553681
921.680950,592.164754,1991.848295,9474.636058
921.681275,592.164754,1378.971896,8438.347739
921.681600,1258.350101,-612.876398,7031.956449
921.681925,4071.132681,766.095498,6661.853478
921.682250,5033.400406,2681.334243,10066.800811
921.682574,2442.679609,1302.362347,12583.501014
921.682899,1480.411884,-1685.410096,10362.883188
921.683224,2220.617826,-2298.286494,10732.986159
921.683549,1258.350101,0.000000,12287.418637
921.683874,0.000000,229.828649,10807.006753
921.684198,1036.288319,-536.266849,10288.862594
921.684523,2368.659014,-766.095498,11177.109724
921.684848,2590.720797,-459.657299,10066.800811
921.685173,-296.082377,-383.047749,9104.533087
921.685498,-1628.453072,-842.705048,8216.285956
921.685822,-1776.494261,-229.828649,8290.306550
921.686147,-1850.514855,0.000000,11695.253884
921.686472,-2960.823768,-306.438199,11473.192101
921.686797,-2072.576638,-1378.971896,7550.100608
921.687121,-518.144159,-1532.190996,7772.162391
921.687446,1110.308913,689.485948,8364.327145
921.687771,-666.185348,1072.533697,8438.347739
921.688096,-2812.782580,-383.047749,8068.244768
921.688421,-370.102971,-459.657299,7772.162391
921.688745,-666.185348,2451.505594,9104.533087
921.689070,-2590.720797,2451.505594,9104.533087
921.689395,-1702.473667,689.485948,7179.997637
921.689720,1110.308913,383.047749,7031.956449
921.690045,2886.803174,1455.581446,8364.327145
921.690370,962.267725,1838.629195,10214.842000
921.690694,-2516.700203,766.095498,9252.574275
921.691019,-2294.638420,153.219100,9400.615463
921.691344,-1258.350101,-766.095498,10288.862594
921.691669,-2960.823768,-766.095498,10214.842000
921.691994,-888.247130,153.219100,8438.347739
921.692319,2072.576638,1225.752797,8808.450710
921.692643,1332.370696,766.095498,10955.047942
921.692968,740.205942,459.657299,10881.027347
921.693293,-592.164754,306.438199,8882.471304
921.693618,0.000000,229.828649,9252.574275
921.693943,1036.288319,1302.362347,10214.842000
921.694268,518.144159,1991.848295,12287.418637
921.694592,444.123565,1455.581446,10066.800811
921.694917,814.226536,229.828649,8290.306550
921.695242,1406.391290,-766.095498,7402.059420
921.695567,0.000000,383.047749,9474.636058
921.695892,-1332.370696,919.314598,9252.574275
921.696217,-1776.494261,76.609550,9844.739029
921.696541,-1332.370696,-919.314598,9992.780217
921.696866,-2294.638420,-306.438199,9992.780217
921.697191,-1184.329507,0.000000,6883.915261
921.697516,1776.494261,1149.143247,6883.915261
921.697841,3330.926739,1762.019645,9252.574275
921.698166,2442.679609,2451.505594,11029.068536
921.698490,3478.967927,2451.505594,9252.574275
921.698815,2886.803174,2298.286494,7105.977043
921.699140,2886.803174,1302.362347,7624.121203
921.699465,2368.659014,3983.696590,10214.842000
921.699790,3182.885551,4213.525239,9918.759623
921.700115,3849.070898,2451.505594,9252.574275
921.700439,3256.906145,-842.705048,8660.409521
921.700764,74.020594,-459.657299,9400.615463
921.701089,-888.247130,612.876398,9400.615463
921.701414,-2664.741391,612.876398,12583.501014
921.701739,-4515.256246,-689.485948,12731.542202
921.702064,-5181.441594,-2604.724693,10140.821405
921.702388,-3701.029710,-3064.381992,8882.471304
921.702713,-3108.864956,-1149.143247,7031.956449
921.703038,-3849.070898,2145.067394,8216.285956
921.703363,-4441.235652,1149.143247,10214.842000
921.703688,-3997.112087,-995.924147,9104.533087
921.704013,-3849.070898,-1838.629195,8290.306550
921.704337,-3478.967927,153.219100,7846.182985
921.704662,-2294.638420,1685.410096,8290.306550
921.704987,962.267725,2451.505594,8364.327145
921.705312,4293.194464,2068.457845,8882.471304
921.705637,5995.668130,1302.362347,8142.265362
921.705962,4959.379811,2528.115143,8216.285956
921.706286,5403.503377,3600.648841,8512.368333
921.706611,5403.503377,2145.067394,10658.965565
921.706936,3108.864956,1762.019645,10658.965565
921.707261,2812.782580,0.000000,9844.739029
921.707586,3552.988522,1225.752797,9622.677246
921.707911,2516.700203,2068.457845,9178.553681
921.708235,444.123565,689.485948,8882.471304
921.708560,-2294.638420,-612.876398,10066.800811
921.708885,-4145.153275,-1838.629195,8956.491898
921.709210,-5033.400406,-1455.581446,9474.636058
921.709535,-6587.832884,-2374.896044,10436.903782
921.709860,-7105.977043,-2451.505594,10362.883188
921.710184,-6439.791695,-2068.457845,9030.512492
921.710509,-2960.823768,-3064.381992,8882.471304
921.710834,-888.247130,-2757.943793,8216.285956
921.711159,-222.061783,-995.924147,8956.491898
921.711484,1110.308913,1302.362347,9474.636058
921.711809,2368.659014,2374.896044,10066.800811
921.712133,2072.576638,919.314598,10955.047942
921.712458,2516.700203,383.047749,10066.800811
921.712783,4441.235652,1378.971896,8438.347739
921.713108,6957.935855,3140.991542,8586.388927
921.713433,7846.182985,2145.067394,8586.388927
921.713758,3108.864956,1455.581446,9992.780217
921.714082,2368.659014,383.047749,8882.471304
921.714407,1480.411884,995.924147,9400.615463
921.714732,-222.061783,689.485948,10066.800811
921.715057,-2960.823768,766.095498,9474.636058
921.715382,-2960.823768,0.000000,8216.285956
921.715707,-2294.638420,-919.314598,6735.874072
921.716031,-2072.576638,-919.314598,6957.935855
921.716356,-4737.318029,-842.705048,7698.141797
921.716681,-5551.544565,0.000000,8068.244768
921.717006,-3330.926739,306.438199,9696.697840
921.717331,-2590.720797,76.609550,11029.068536
921.717656,-2442.679609,-612.876398,10955.047942
921.717980,592.164754,0.000000,9030.512492
921.718305,3701.029710,2528.115143,9918.759623
921.718630,5921.647536,2145.067394,10140.821405
921.718955,2960.823768,842.705048,10881.027347
921.719280,1702.473667,-459.657299,10214.842000
921.719605,3108.864956,2451.505594,10658.965565
921.719929,2220.617826,3064.381992,11103.089130
921.720254,0.000000,1608.800546,11251.130318
921.720579,666.185348,0.000000,8956.491898
921.720904,1332.370696,1762.019645,8364.327145
921.721229,1406.391290,2068.457845,8586.388927
921.721554,-2072.576638,919.314598,10140.821405
921.721878,-4071.132681,229.828649,7920.203579
921.722203,-3478.967927,995.924147,8734.430116
921.722528,-2368.659014,383.047749,8438.347739
921.722853,-4145.153275,842.705048,8364.327145
921.723178,-1554.432478,1915.238745,6439.791695
921.723503,2442.679609,2528.115143,6661.853478
921.723827,3404.947333,2298.286494,6883.915261
921.724152,444.123565,2068.457845,7772.162391
921.724477,370.102971,3064.381992,9474.636058
921.724802,2072.576638,4366.744339,10362.883188
921.725127,1258.350101,2604.724693,9770.718434
921.725452,518.144159,-459.657299,9252.574275
921.725776,222.061783,919.314598,8068.244768
921.726101,1110.308913,2604.724693,9326.594869
921.726426,2812.782580,1838.629195,9770.718434
921.726751,-1184.329507,-536.266849,11103.089130
921.727076,-5551.544565,-1378.971896,9548.656652
921.727401,-4071.132681,-306.438199,8216.285956
921.727725,-3552.988522,-842.705048,10807.006753
921.728050,-5329.482782,-1915.238745,11029.068536
921.728375,-4811.338623,-2451.505594,8808.450710
921.728700,-1036.288319,-1302.362347,7550.100608
921.729025,1998.556043,0.000000,7920.203579
921.729350,962.267725,919.314598,10436.903782
921.729674,-370.102971,2298.286494,9918.759623
921.729999,1998.556043,229.828649,9474.636058
921.730324,4441.235652,-689.485948,9622.677246
921.730649,2516.700203,-536.266849,10510.924376
921.730974,2368.659014,842.705048,9770.718434
921.731299,4589.276840,1455.581446,9104.533087
921.731623,5033.400406,-689.485948,10362.883188
921.731948,2886.803174,-2757.943793,10066.800811
921.732273,-518.144159,-1455.581446,9178.553681
921.732598,518.144159,229.828649,8882.471304
921.732923,666.185348,0.000000,8882.471304
921.733248,-1406.391290,-689.485948,9252.574275
921.733572,-518.144159,-536.266849,7254.018232
921.733897,2368.659014,1455.581446,6809.894666
921.734222,3182.885551,1532.190996,6291.750507
921.734547,1184.329507,689.485948,8586.388927
921.734872,-1110.308913,-1072.533697,9326.594869
921.735197,-1406.391290,-306.438199,9770.718434
921.735521,-1110.308913,-536.266849,11547.212695
921.735846,-2220.617826,-1685.410096,12657.521608
921.736171,-2294.638420,-2068.457845,11769.274478
921.736496,888.247130,-995.924147,10658.965565
921.736821,2812.782580,0.000000,9622.677246
921.737146,1406.391290,1225.752797,10288.862594
921.737470,1184.329507,2987.772442,9326.594869
921.737795,1406.391290,3370.820191,8660.409521
921.738120,1554.432478,2834.553343,8586.388927
921.738445,-148.041188,3064.381992,9178.553681
921.738770,-370.102971,3370.820191,8364.327145
921.739095,148.041188,1685.410096,5847.626942
921.739420,-444.123565,306.438199,8438.347739
921.739744,-3552.988522,766.095498,11251.130318
921.740069,-5699.585753,1838.629195,9992.780217
921.740394,-5477.523971,0.000000,7772.162391
921.740719,-3997.112087,-1302.362347,8290.306550
921.741044,-3182.885551,1072.533697,8660.409521
921.741369,-1850.514855,3907.087040,7254.018232
921.741693,666.185348,4060.306139,7624.121203
921.742018,1406.391290,1685.410096,7698.141797
921.742343,222.061783,995.924147,7846.182985
921.742668,-296.082377,2221.676944,8808.450710
921.742993,0.000000,1762.019645,9400.615463
921.743318,-1480.411884,229.828649,11177.109724
921.743642,-2664.741391,-842.705048,12731.542202
921.743967,0.000000,-1838.629195,10288.862594
921.744292,1480.411884,-766.095498,9252.574275
921.744617,1850.514855,-383.047749,9844.739029
921.744942,888.247130,76.609550,9696.697840
921.745267,814.226536,-229.828649,9844.739029
921.745591,1110.308913,766.095498,10807.006753
921.745916,-518.144159,1608.800546,9770.718434
921.746241,-1998.556043,1149.143247,8808.450710
921.746566,1702.473667,-1149.143247,7698.141797
921.746891,2960.823768,-842.705048,8364.327145
921.747216,1110.308913,-153.219100,8956.491898
921.747540,1628.453072,459.657299,11103.089130
921.747865,2442.679609,-536.266849,11843.295072
921.748190,1702.473667,0.000000,9696.697840
921.748515,370.102971,306.438199,9696.697840
921.748840,-518.144159,306.438199,8956.491898
921.749165,2590.720797,1762.019645,7476.080014
921.749489,5847.626942,2145.067394,7772.162391
921.749814,4515.256246,1838.629195,8068.244768
921.750139,1332.370696,1302.362347,7994.224174
921.750464,0.000000,1532.190996,9178.553681
921.750789,-1184.329507,536.266849,9030.512492
921.751114,-2664.741391,0.000000,9770.718434
921.751438,-4071.132681,-1302.362347,9770.718434
921.751763,-2220.617826,-612.876398,9474.636058
921.752088,-222.061783,229.828649,8216.285956
921.752413,-1036.288319,0.000000,8660.409521
921.752738,-3552.988522,-689.485948,8586.388927
921.753063,-3775.050304,612.876398,7920.203579
921.753387,-962.267725,459.657299,9030.512492
921.753712,-1184.329507,1608.800546,10658.965565
921.754037,-1924.535449,919.314598,11103.089130
921.754362,592.164754,1072.533697,8882.471304
921.754687,3182.885551,1608.800546,8364.327145
921.755012,2516.700203,1302.362347,9918.759623
921.755336,148.041188,153.219100,10955.047942
921.755661,-74.020594,1149.143247,10510.924376
921.755986,296.082377,1149.143247,11103.089130
921.756311,-666.185348,459.657299,10584.944971
921.756636,-1776.494261,459.657299,9104.533087
921.756961,-296.082377,689.485948,8586.388927
921.757285,1776.494261,766.095498,8068.244768
921.757610,1850.514855,1455.581446,8290.306550
921.757935,74.020594,459.657299,8956.491898
921.758260,-1184.329507,383.047749,7846.182985
921.758585,74.020594,2068.457845,8660.409521
921.758910,-518.144159,1532.190996,10510.924376
921.759234,-2516.700203,76.609550,9400.615463
921.759559,-1554.432478,-459.657299,7105.977043
921.759884,1258.350101,-689.485948,7698.141797
921.760209,1850.514855,536.266849,9178.553681
921.760534,-1776.494261,766.095498,11029.068536
921.760859,-2220.617826,-383.047749,9548.656652
921.761183,-296.082377,-1991.848295,9104.533087
921.761508,-666.185348,-1302.362347,10288.862594
921.761833,-2368.659014,1378.971896,10658.965565
921.762158,888.247130,2221.676944,8512.368333
921.762483,4145.153275,689.485948,8956.491898
921.762808,3997.112087,0.000000,9770.718434
921.763132,666.185348,1455.581446,9474.636058
921.763457,74.020594,1532.190996,8216.285956
921.763782,888.247130,612.876398,9104.533087
921.764107,-222.061783,229.828649,10288.862594
921.764432,-2146.597232,842.705048,10288.862594
921.764757,-1036.288319,459.657299,7624.121203
921.765081,1924.535449,-306.438199,8142.265362
921.765406,1776.494261,76.609550,8586.388927
921.765731,-666.185348,1149.143247,10436.903782
921.766056,-1110.308913,842.705048,9400.615463
921.766381,-518.144159,229.828649,7550.100608
921.766706,-222.061783,-612.876398,9622.677246
921.767030,-666.185348,-306.438199,9844.739029
921.767355,-444.123565,1149.143247,7994.224174
921.767680,1702.473667,919.314598,9844.739029
921.768005,3034.844362,153.219100,10066.800811
921.768330,518.144159,-383.047749,10732.986159
921.768655,-1184.329507,-459.657299,10066.800811
921.768979,-592.164754,383.047749,9548.656652
921.769304,-740.205942,459.657299,11473.192101
921.769629,0.000000,-536.266849,10881.027347
921.769954,-148.041188,229.828649,9474.636058
921.770279,888.247130,689.485948,7698.141797
921.770604,2886.803174,1762.019645,7698.141797
921.770928,2368.659014,1838.629195,10140.821405
921.771253,0.000000,229.828649,8956.491898
921.771578,-962.267725,383.047749,7179.997637
921.771903,-444.123565,153.219100,9844.739029
921.772228,-1924.535449,1378.971896,11177.109724
921.772553,-1332.370696,612.876398,7994.224174
921.772877,-74.020594,153.219100,7920.203579
921.773202,1406.391290,153.219100,7846.182985
921.773527,-1258.350101,1302.362347,10140.821405
921.773852,-2368.659014,76.609550,7920.203579
921.774177,-1924.535449,459.657299,7476.080014
921.774502,-1850.514855,76.609550,9400.615463
921.774826,-1776.494261,2145.067394,9548.656652
921.775151,-148.041188,2451.505594,8808.450710
921.775476,1036.288319,612.876398,8586.388927
921.775801,370.102971,306.438199,7624.121203
921.776126,148.041188,-612.876398,8808.450710
921.776451,-814.226536,919.314598,8956.491898
921.776775,-1850.514855,995.924147,9770.718434
921.777100,-2368.659014,842.705048,10955.047942
921.777425,-2146.597232,-383.047749,11621.233289
921.777750,-1036.288319,0.000000,11547.212695
921.778075,1110.308913,0.000000,8068.244768
921.778400,2294.638420,229.828649,7254.018232
921.778724,2294.638420,-229.828649,9252.574275
921.779049,1480.411884,1762.019645,10881.027347
921.779374,0.000000,2681.334243,11177.109724
921.779699,370.102971,1072.533697,10807.006753
921.780024,74.020594,-459.657299,8808.450710
921.780349,370.102971,0.000000,9030.512492
921.780673,2664.741391,1532.190996,7105.977043
921.780998,3997.112087,1532.190996,8068.244768
921.781323,1480.411884,689.485948,10584.944971
921.781648,0.000000,689.485948,10436.903782
921.781973,-370.102971,1302.362347,9178.553681
921.782298,370.102971,1149.143247,8438.347739
921.782622,296.082377,459.657299,8586.388927
921.782947,1184.329507,766.095498,8660.409521
921.783272,2368.659014,2298.286494,8068.244768
921.783597,2812.782580,995.924147,7994.224174
921.783922,666.185348,-383.047749,9770.718434
921.784247,-444.123565,-383.047749,9104.533087
921.784571,-1702.473667,1149.143247,9844.739029
921.784896,-1850.514855,306.438199,9992.780217
921.785221,-1628.453072,-995.924147,9770.718434
921.785546,-1406.391290,-1685.410096,9844.739029
921.785871,444.123565,-153.219100,8808.450710
921.786196,1776.494261,2298.286494,9474.636058
921.786520,1776.494261,612.876398,9992.780217
921.786845,-666.185348,0.000000,9770.718434
921.787170,-888.247130,229.828649,9918.759623
921.787495,-370.102971,1532.190996,9992.780217
921.787820,-1702.473667,536.266849,10140.821405
921.788145,-814.226536,229.828649,9104.533087
921.788469,814.226536,229.828649,8512.368333
921.788794,1480.411884,612.876398,7920.203579
921.789119,-296.082377,1762.019645,10362.883188
921.789444,-1406.391290,1149.143247,8364.327145
921.789769,-1628.453072,1072.533697,8438.347739
921.790094,-2368.659014,153.219100,9474.636058
921.790418,-3034.844362,1149.143247,8956.491898
921.790743,-2072.576638,1072.533697,7772.162391
921.791068,888.247130,-153.219100,8808.450710
921.791393,592.164754,153.219100,8586.388927
921.791718,-2146.597232,1302.362347,10510.924376
921.792042,-1998.556043,-1072.533697,8586.388927
921.792367,-2960.823768,-1762.019645,9252.574275
921.792692,-3108.864956,-2451.505594,11029.068536
921.793017,-2516.700203,-306.438199,10510.924376
921.793342,0.000000,766.095498,9252.574275
921.793666,2960.823768,1072.533697,9178.553681
921.793991,4441.235652,1302.362347,8142.265362
921.794316,2368.659014,1149.143247,8808.450710
921.794641,1924.535449,2068.457845,7846.182985
921.794965,2368.659014,1072.533697,9622.677246
921.795290,666.185348,1455.581446,10362.883188
921.795615,-592.164754,1072.533697,10436.903782
921.795940,444.123565,-459.657299,9400.615463
921.796265,2294.638420,-153.219100,9252.574275
921.796589,3108.864956,-766.095498,9030.512492
921.796914,222.061783,459.657299,10510.924376
921.797239,-592.164754,689.485948,9548.656652
921.797564,814.226536,1225.752797,9548.656652
921.797889,1110.308913,689.485948,8586.388927
921.798213,-666.185348,1149.143247,8660.409521
921.798538,814.226536,1991.848295,7402.059420
921.798863,4071.132681,2221.676944,8882.471304
921.799188,3627.009116,1991.848295,8882.471304
921.799513,-370.102971,536.266849,9844.739029
921.799837,-2072.576638,-1149.143247,7624.121203
921.800162,-666.185348,-612.876398,9400.615463
921.800487,-1036.288319,0.000000,10584.944971
921.800812,-3404.947333,459.657299,11177.109724
921.801136,-2146.597232,-153.219100,8882.471304
921.801461,592.164754,-306.438199,7994.224174
921.801786,2664.741391,0.000000,8438.347739
921.802111,666.185348,1762.019645,10732.986159
921.802436,-518.144159,1991.848295,7920.203579
921.802760,1480.411884,1838.629195,7846.182985
921.803085,1184.329507,1608.800546,9992.780217
921.803410,-1258.350101,2298.286494,9474.636058
921.803735,-814.226536,1915.238745,7476.080014
921.804060,1332.370696,-306.438199,7402.059420
921.804384,1332.370696,-1072.533697,10584.944971
921.804709,-1184.329507,-536.266849,12361.439231
921.805034,-1998.556043,153.219100,9844.739029
921.805359,-1924.535449,-1378.971896,9548.656652
921.805683,-2368.659014,-2298.286494,10362.883188
921.806008,-3923.091493,-229.828649,11399.171507
921.806333,-1480.411884,1608.800546,8586.388927
921.806658,962.267725,2068.457845,7772.162391
921.806983,592.164754,306.438199,7920.203579
921.807307,-1850.514855,995.924147,8734.430116
921.807632,-3182.885551,1225.752797,7624.121203
921.807957,-2368.659014,229.828649,8586.388927
921.808282,-2368.659014,-1149.143247,10066.800811
921.808607,-2516.700203,-306.438199,11621.233289
921.808931,-1258.350101,459.657299,9992.780217
921.809256,740.205942,842.705048,9178.553681
921.809581,2442.679609,-229.828649,8734.430116
921.809906,2516.700203,153.219100,9918.759623
921.810231,2516.700203,2221.676944,8142.265362
921.810555,1998.556043,3524.039291,8364.327145
921.810880,3478.967927,2374.896044,8734.430116
921.811205,2516.700203,1838.629195,10436.903782
921.811530,1850.514855,1378.971896,9030.512492
921.811854,2220.617826,995.924147,7402.059420
921.812179,2664.741391,-306.438199,7994.224174
921.812504,1110.308913,229.828649,9992.780217
921.812829,-1702.473667,0.000000,9030.512492
921.813154,-2368.659014,-612.876398,9178.553681
921.813478,-2072.576638,-612.876398,10807.006753
921.813803,-2294.638420,-995.924147,10955.047942
921.814128,-888.247130,-919.314598,8956.491898
921.814453,518.144159,-229.828649,8364.327145
921.814778,2368.659014,919.314598,8808.450710
921.815102,2368.659014,2451.505594,10436.903782
921.815427,1480.411884,1455.581446,9992.780217
921.815752,296.082377,229.828649,8290.306550
921.816077,592.164754,536.266849,9548.656652
921.816402,888.247130,1915.238745,11621.233289
921.816726,1184.329507,1838.629195,9844.739029
921.817051,1702.473667,842.705048,9178.553681
921.817376,2146.597232,-383.047749,8290.306550
921.817701,1184.329507,0.000000,9400.615463
921.818025,296.082377,995.924147,8438.347739
921.818350,-1406.391290,1608.800546,9770.718434
921.818675,-2368.659014,383.047749,9104.533087
921.819000,-1184.329507,306.438199,8438.347739
921.819325,-222.061783,1072.533697,8660.409521
921.819649,-740.205942,1532.190996,7698.141797
921.819974,-148.041188,1685.410096,7254.018232
921.820299,666.185348,76.609550,8512.368333
921.820624,-1628.453072,-689.485948,9326.594869
921.820949,-3108.864956,-383.047749,8660.409521
921.821273,-3849.070898,459.657299,10658.965565
921.821598,-2812.782580,689.485948,11103.089130
921.821923,-1480.411884,-1991.848295,10658.965565
921.822248,814.226536,-2221.676944,8660.409521
921.822572,1184.329507,0.000000,9252.574275
921.822897,1628.453072,1532.190996,10584.944971
921.823222,666.185348,1762.019645,11473.192101
921.823547,-888.247130,76.609550,9992.780217
921.823872,-1258.350101,-842.705048,9548.656652
921.824196,-1332.370696,-766.095498,9252.574275
921.824521,-666.185348,1072.533697,9030.512492
921.824846,888.247130,1072.533697,7328.038826
921.825171,814.226536,229.828649,8586.388927
921.825496,0.000000,229.828649,9474.636058
921.825820,-1332.370696,1608.800546,8808.450710
921.826145,-2072.576638,1532.190996,8586.388927
921.826470,-740.205942,306.438199,7328.038826
921.826795,-814.226536,842.705048,8808.450710
921.827120,888.247130,1532.190996,7624.121203
921.827444,1924.535449,1838.629195,8216.285956
921.827769,2664.741391,689.485948,8068.244768
921.828094,962.267725,306.438199,9696.697840
921.828419,74.020594,-153.219100,9622.677246
921.828743,-666.185348,76.609550,11103.089130
921.829068,1110.308913,229.828649,11769.274478
921.829393,444.123565,0.000000,11251.130318
921.829718,74.020594,-919.314598,9992.780217
921.830043,1998.556043,-536.266849,9400.615463
921.830367,3182.885551,2528.115143,11399.171507
921.830692,2368.659014,3140.991542,11177.109724
921.831017,444.123565,1608.800546,9918.759623
921.831342,222.061783,-2374.896044,8660.409521
921.831667,-1258.350101,689.485948,8660.409521
921.831991,-1406.391290,1838.629195,9252.574275
921.832316,-1036.288319,1991.848295,9474.636058
921.832641,666.185348,1072.533697,7031.956449
921.832966,0.000000,766.095498,8068.244768
921.833291,1184.329507,0.000000,6513.812290
921.833615,222.061783,1915.238745,7624.121203
921.833940,148.041188,2451.505594,9178.553681
921.834265,-370.102971,2145.067394,7772.162391
921.834590,-518.144159,1072.533697,7476.080014
921.834914,296.082377,612.876398,8438.347739
921.835239,2516.700203,2604.724693,8438.347739
921.835564,1776.494261,2987.772442,9252.574275
921.835889,-222.061783,689.485948,9400.615463
921.836214,-592.164754,-2221.676944,7772.162391
921.836538,-2146.597232,-1608.800546,10362.883188
921.836863,-2886.803174,536.266849,11399.171507
921.837188,-4441.235652,-383.047749,11399.171507
921.837513,-2590.720797,-2757.943793,10066.800811
921.837838,1036.288319,-1455.581446,11547.212695
921.838162,1628.453072,1149.143247,12065.356855
921.838487,666.185348,2374.896044,9918.759623
921.838812,-888.247130,-612.876398,9326.594869
921.839137,0.000000,-2451.505594,8586.388927
921.839462,-222.061783,1455.581446,10140.821405
921.839786,0.000000,3064.381992,10436.903782
921.840111,148.041188,2451.505594,9030.512492
921.840436,1702.473667,-1608.800546,8216.285956
921.840761,1184.329507,-1608.800546,8734.430116
921.841085,-1110.308913,229.828649,8438.347739
921.841410,-2368.659014,842.705048,8512.368333
921.841735,-1184.329507,-612.876398,7772.162391
921.842060,-814.226536,-1378.971896,8660.409521
921.842385,-2516.700203,0.000000,9326.594869
921.842709,-1702.473667,1762.019645,6513.812290
921.843034,814.226536,1455.581446,5995.668130
921.843359,2590.720797,-383.047749,8438.347739
921.843684,1036.288319,306.438199,8956.491898
921.844009,-2294.638420,1149.143247,8808.450710
921.844333,-518.144159,-153.219100,8660.409521
921.844658,1036.288319,-1455.581446,11029.068536
921.844983,-1036.288319,-995.924147,11917.315666
921.845308,0.000000,383.047749,11473.192101
921.845632,3330.926739,1149.143247,10732.986159
921.845957,3997.112087,-306.438199,11029.068536
921.846282,2368.659014,-689.485948,11843.295072
921.846607,1184.329507,919.314598,10066.800811
921.846932,1776.494261,3064.381992,8882.471304
921.847256,3701.029710,1685.410096,9770.718434
921.847581,518.144159,1838.629195,12287.418637
921.847906,-296.082377,2374.896044,9030.512492
921.848231,1406.391290,2757.943793,8068.244768
921.848556,1480.411884,0.000000,6439.791695
921.848880,-1702.473667,-1149.143247,7254.018232
921.849205,-3182.885551,229.828649,7772.162391
921.849530,-2368.659014,3294.210641,8586.388927
921.849855,-2368.659014,1762.019645,7772.162391
921.850180,-3034.844362,-459.657299,9474.636058
921.850504,-2072.576638,1378.971896,8586.388927
921.850829,1850.514855,3064.381992,6143.709319
921.851154,4071.132681,1991.848295,5699.585753
921.851479,1776.494261,1149.143247,8882.471304
921.851803,-296.082377,2528.115143,9696.697840
921.852128,1406.391290,3753.867940,9548.656652
921.852453,3256.906145,2451.505594,10807.006753
921.852778,1184.329507,-383.047749,12065.356855
921.853103,-1924.535449,-919.314598,10732.986159
921.853427,222.061783,-919.314598,9474.636058
921.853752,1924.535449,-383.047749,12139.377449
921.854077,0.000000,0.000000,12213.398043
921.854402,-2368.659014,-919.314598,9622.677246
921.854727,-2294.638420,-842.705048,8216.285956
921.855051,-592.164754,919.314598,9918.759623
921.855376,-1480.411884,2911.162892,11695.253884
921.855701,-2294.638420,1302.362347,8660.409521
921.856026,-518.144159,-1225.752797,5625.565159
921.856351,222.061783,-1072.533697,6957.935855
921.856675,-1554.432478,1455.581446,9770.718434
921.857000,-2664.741391,2145.067394,8586.388927
921.857325,-3552.988522,-536.266849,8586.388927
921.857650,-2664.741391,-2911.162892,8808.450710
921.857974,-3478.967927,-1532.190996,8734.430116
921.858299,-1554.432478,919.314598,9104.533087
921.858624,222.061783,2374.896044,8512.368333
921.858949,1406.391290,995.924147,7105.977043
921.859274,1258.350101,-1915.238745,7698.141797
921.859598,2220.617826,-689.485948,9104.533087
921.859923,1480.411884,2451.505594,10584.944971
921.860248,518.144159,3217.601092,11325.150913
921.860573,296.082377,76.609550,10955.047942
921.860898,370.102971,-2528.115143,9844.739029
921.861222,1776.494261,-2681.334243,8660.409521
921.861547,3034.844362,0.000000,9770.718434
921.861872,1480.411884,766.095498,12583.501014
921.862197,296.082377,306.438199,12879.583391
921.862521,148.041188,0.000000,11177.109724
921.862846,296.082377,-919.314598,8956.491898
921.863171,370.102971,0.000000,9474.636058
921.863496,1184.329507,1455.581446,9104.533087
921.863821,3627.009116,2987.772442,8142.265362
921.864145,4071.132681,2757.943793,7994.224174
921.864470,2442.679609,1378.971896,7846.182985
921.864795,444.123565,306.438199,6587.832884
921.865120,-1258.350101,842.705048,7105.977043
921.865445,-2368.659014,995.924147,8216.285956
921.865769,-1924.535449,1685.410096,11399.171507
921.866094,-370.102971,0.000000,8956.491898
921.866419,888.247130,-612.876398,7328.038826
921.866744,1702.473667,-536.266849,8068.244768
921.867069,1776.494261,3524.039291,9992.780217
921.867393,1332.370696,4826.401637,10955.047942
921.867718,1036.288319,2298.286494,9918.759623
921.868043,1184.329507,383.047749,8512.368333
921.868368,-666.185348,459.657299,10362.883188
921.868692,0.000000,1455.581446,7994.224174
921.869017,666.185348,1302.362347,9696.697840
921.869342,444.123565,306.438199,11843.295072
921.869667,-1036.288319,153.219100,12139.377449
921.869992,-2812.782580,-536.266849,10214.842000
921.870316,-2294.638420,-1072.533697,9770.718434
921.870641,-3034.844362,-766.095498,9918.759623
921.870966,-3775.050304,459.657299,9844.739029
921.871291,-1554.432478,1838.629195,8956.491898
921.871616,740.205942,1302.362347,8956.491898
921.871940,0.000000,1455.581446,8586.388927
921.872265,-1702.473667,1838.629195,7698.141797
921.872590,-1776.494261,536.266849,7031.956449
921.872915,-2072.576638,153.219100,6883.915261
921.873240,-3478.967927,536.266849,8290.306550
921.873564,-3627.009116,995.924147,8660.409521
921.873889,-3034.844362,-153.219100,7476.080014
921.874214,-1554.432478,-1225.752797,8290.306550
921.874539,814.226536,689.485948,10362.883188
921.874863,222.061783,2834.553343,10362.883188
921.875188,962.267725,-383.047749,7920.203579
921.875513,1924.535449,-2681.334243,8586.388927
921.875838,962.267725,0.000000,11547.212695
921.876163,1554.432478,3907.087040,11621.233289
921.876487,3775.050304,2911.162892,9844.739029
921.876812,4811.338623,-842.705048,11399.171507
921.877137,5551.544565,-383.047749,10214.842000
921.877462,3775.050304,1225.752797,10066.800811
921.877787,2442.679609,919.314598,9696.697840
921.878111,2590.720797,-689.485948,9474.636058
921.878436,1184.329507,-612.876398,11695.253884
921.878761,222.061783,1225.752797,11991.336260
921.879086,148.041188,536.266849,9992.780217
921.879410,0.000000,-995.924147,9696.697840
921.879735,814.226536,-1378.971896,9474.636058
921.880060,-296.082377,-612.876398,6809.894666
921.880385,-2738.761985,-459.657299,5847.626942
921.880710,-2294.638420,-1072.533697,7254.018232
921.881034,-2738.761985,1915.238745,10362.883188
921.881359,-2664.741391,2834.553343,9178.553681
921.881684,-1702.473667,1072.533697,7105.977043
921.882009,740.205942,-1225.752797,6069.688724
921.882334,2146.597232,1072.533697,7476.080014
921.882658,2516.700203,2834.553343,9474.636058
921.882983,0.000000,2911.162892,10732.986159
921.883308,0.000000,1455.581446,8882.471304
921.883633,1850.514855,766.095498,10584.944971
921.883958,2294.638420,1608.800546,10732.986159
921.884282,444.123565,2528.115143,11029.068536
921.884607,1628.453072,689.485948,9844.739029
921.884932,2072.576638,-153.219100,9622.677246
921.885257,-1110.308913,-919.314598,10584.944971
921.885581,-2220.617826,-383.047749,9992.780217
921.885906,-2516.700203,1225.752797,10214.842000
921.886231,-3108.864956,1455.581446,9844.739029
921.886556,-4219.173869,919.314598,9326.594869
921.886881,-3108.864956,-536.266849,7624.121203
921.887205,-1184.329507,306.438199,6143.709319
921.887530,-518.144159,1991.848295,6883.915261
921.887855,-2442.679609,1225.752797,9622.677246
921.888180,-3404.947333,1532.190996,8808.450710
921.888505,-2590.720797,766.095498,8364.327145
921.888829,-1036.288319,-766.095498,8068.244768
921.889154,-2368.659014,-383.047749,8882.471304
921.889479,-1702.473667,919.314598,9252.574275
921.889804,2664.741391,1762.019645,9326.594869
921.890129,3849.070898,766.095498,8808.450710
921.890453,1776.494261,153.219100,10436.903782
921.890778,1036.288319,612.876398,9622.677246
921.891103,1776.494261,1915.238745,9474.636058
921.891428,2294.638420,1685.410096,11103.089130
921.891752,1998.556043,766.095498,11991.336260
921.892077,-222.061783,689.485948,9696.697840
921.892402,1924.535449,-153.219100,7254.018232
921.892727,3478.967927,-842.705048,8586.388927
921.893052,1332.370696,689.485948,11177.109724
921.893376,-1406.391290,2374.896044,9844.739029
921.893701,-1406.391290,536.266849,8068.244768
921.894026,-962.267725,-2145.067394,9326.594869
921.894351,-962.267725,-1072.533697,9326.594869
921.894676,-1406.391290,1225.752797,9178.553681
921.895000,962.267725,1915.238745,7179.997637
921.895325,3627.009116,1532.190996,7328.038826
921.895650,2368.659014,0.000000,9030.512492
921.895975,-296.082377,1225.752797,7920.203579
921.896300,-222.061783,1072.533697,8142.265362
921.896624,-518.144159,229.828649,10436.903782
921.896949,-444.123565,383.047749,10732.986159
921.897274,-592.164754,306.438199,10362.883188
921.897599,888.247130,-766.095498,7550.100608
921.897924,1924.535449,612.876398,9178.553681
921.898248,1554.432478,1532.190996,10584.944971
921.898573,-888.247130,2298.286494,10214.842000
921.898898,-888.247130,76.609550,8438.347739
921.899223,0.000000,0.000000,9622.677246
921.899548,0.000000,1149.143247,9770.718434
921.899872,-814.226536,2298.286494,9548.656652
921.900197,0.000000,383.047749,8438.347739
921.900522,-444.123565,383.047749,8956.491898
921.900847,-370.102971,-612.876398,8142.265362
921.901172,-1998.556043,-612.876398,10066.800811
921.901496,-2442.679609,-919.314598,9918.759623
921.901821,-2664.741391,536.266849,10658.965565
921.902146,-2368.659014,536.266849,9918.759623
921.902471,-1184.329507,76.609550,10362.883188
921.902796,1702.473667,-383.047749,7772.162391
921.903120,3627.009116,1532.190996,7624.121203
921.903445,2812.782580,2987.772442,8882.471304
921.903770,666.185348,2987.772442,10066.800811
921.904095,-1776.494261,1455.581446,8216.285956
921.904420,-1554.432478,-306.438199,7994.224174
921.904744,-1924.535449,-766.095498,9770.718434
921.905069,-2442.679609,-842.705048,9622.677246
921.905394,-1628.453072,689.485948,9918.759623
921.905719,148.041188,-612.876398,7698.141797
921.906044,-370.102971,-1532.190996,9622.677246
921.906368,-1480.411884,-1149.143247,10066.800811
921.906693,-2368.659014,1608.800546,8586.388927
921.907018,-2072.576638,1072.533697,8438.347739
921.907343,-222.061783,153.219100,11769.274478
921.907668,666.185348,229.828649,10362.883188
921.907992,2516.700203,1455.581446,9400.615463
921.908317,5255.462188,1149.143247,7772.162391
921.908642,3997.112087,536.266849,9030.512492
921.908967,2590.720797,459.657299,10362.883188
921.909292,2294.638420,2528.115143,10066.800811
921.909616,1628.453072,2145.067394,9400.615463
921.909941,-814.226536,306.438199,10881.027347
921.910266,-962.267725,-1378.971896,9326.594869
921.910591,518.144159,-306.438199,8808.450710
921.910916,1258.350101,1302.362347,8660.409521
921.911240,148.041188,459.657299,7772.162391
921.911565,-1480.411884,-536.266849,8216.285956
921.911890,-666.185348,1072.533697,8956.491898
921.912215,-666.185348,3907.087040,9622.677246
921.912540,-1702.473667,2757.943793,7920.203579
921.912864,-1628.453072,-306.438199,7105.977043
921.913189,1258.350101,-1915.238745,7550.100608
921.913514,1776.494261,919.314598,8512.368333
921.913839,1406.391290,2298.286494,10288.862594
921.914164,-370.102971,1149.143247,12509.480420
921.914488,-1110.308913,-1915.238745,10288.862594
921.914813,-444.123565,-1915.238745,10732.986159
921.915138,-962.267725,-459.657299,10807.006753
921.915463,-518.144159,1072.533697,11103.089130
921.915788,2442.679609,1072.533697,9474.636058
921.916112,3775.050304,612.876398,9400.615463
921.916437,962.267725,1455.581446,8142.265362
921.916762,-518.144159,2298.286494,8734.430116
921.917087,0.000000,1762.019645,7624.121203
921.917412,-592.164754,153.219100,7328.038826
921.917736,-2738.761985,-153.219100,9474.636058
921.918061,-3034.844362,1378.971896,10362.883188
921.918386,-740.205942,1532.190996,9178.553681
921.918711,1554.432478,-1225.752797,8068.244768
921.919035,-592.164754,-3217.601092,8956.491898
921.919360,-1776.494261,0.000000,10140.821405
921.919685,1110.308913,3753.867940,10510.924376
921.920010,1258.350101,2834.553343,9918.759623
921.920335,-814.226536,-1915.238745,8882.471304
921.920659,-1850.514855,-2528.115143,8142.265362
921.920984,2146.597232,2757.943793,8438.347739
921.921309,4293.194464,5898.935335,9474.636058
921.921634,814.226536,2374.896044,10288.862594
921.921959,-2294.638420,-2451.505594,8734.430116
921.922283,-3108.864956,-3064.381992,7550.100608
921.922608,-2886.803174,-766.095498,9030.512492
921.922933,-3701.029710,1302.362347,11547.212695
921.923258,-3182.885551,1072.533697,11177.109724
921.923583,-222.061783,-1149.143247,9104.533087
921.923907,2368.659014,-1378.971896,7772.162391
921.924232,-370.102971,0.000000,9104.533087
921.924557,-1702.473667,1302.362347,9104.533087
921.924882,1258.350101,1532.190996,8438.347739
921.925207,3256.906145,76.609550,9104.533087
921.925531,1110.308913,766.095498,11103.089130
921.925856,888.247130,2681.334243,10214.842000
921.926181,3552.988522,2757.943793,9696.697840
921.926506,5625.565159,1455.581446,8216.285956
921.926831,3478.967927,153.219100,9104.533087
921.927155,0.000000,1225.752797,9252.574275
921.927480,1480.411884,536.266849,7920.203579
921.927805,888.247130,919.314598,10732.986159
921.928130,-1332.370696,842.705048,12139.377449
921.928455,-3775.050304,2221.676944,9770.718434
921.928779,-148.041188,-689.485948,5699.585753
921.929104,1184.329507,-2451.505594,7105.977043
921.929429,-1110.308913,-689.485948,10066.800811
921.929754,-3775.050304,1608.800546,9918.759623
921.930079,-1702.473667,1532.190996,7772.162391
921.930403,-222.061783,-689.485948,9844.739029
921.930728,-2072.576638,0.000000,9844.739029
921.931053,-592.164754,2451.505594,9178.553681
921.931378,2220.617826,1991.848295,9252.574275
921.931703,4293.194464,1455.581446,9252.574275
921.932027,3182.885551,766.095498,10362.883188
921.932352,2220.617826,1532.190996,9474.636058
921.932677,1258.350101,1915.238745,7476.080014
921.933002,814.226536,842.705048,10066.800811
921.933327,-814.226536,919.314598,10658.965565
921.933651,-666.185348,383.047749,8364.327145
921.933976,518.144159,-536.266849,6513.812290
921.934301,888.247130,-306.438199,7920.203579
921.934626,-1480.411884,306.438199,9548.656652
921.934951,-2812.782580,536.266849,9252.574275
921.935275,-3404.947333,-536.266849,9400.615463
921.935600,-3034.844362,-1072.533697,9918.759623
921.935925,-2886.803174,459.657299,11325.150913
921.936250,-2960.823768,766.095498,10955.047942
921.936575,-814.226536,-1072.533697,8882.471304
921.936899,592.164754,-1532.190996,7772.162391
921.937224,518.144159,153.219100,9548.656652
921.937549,-814.226536,1915.238745,10436.903782
921.937874,222.061783,459.657299,8956.491898
921.938199,-444.123565,-766.095498,9178.553681
921.938523,-1258.350101,-1225.752797,10214.842000
921.938848,-1184.329507,229.828649,9252.574275
921.939173,2072.576638,842.705048,9178.553681
921.939498,3849.070898,306.438199,9548.656652
921.939823,2590.720797,0.000000,11621.233289
921.940147,962.267725,1149.143247,9844.739029
921.940472,74.020594,995.924147,8142.265362
921.940797,148.041188,-536.266849,8734.430116
921.941122,-222.061783,306.438199,10658.965565
921.941447,-296.082377,1838.629195,9178.553681
921.941771,1332.370696,2068.457845,7328.038826
921.942096,2368.659014,383.047749,7328.038826
921.942421,1702.473667,995.924147,9770.718434
921.942746,370.102971,2145.067394,9104.533087
921.943071,-814.226536,1225.752797,7994.224174
921.943395,-518.144159,-689.485948,9474.636058
921.943720,-518.144159,383.047749,11399.171507
921.944045,0.000000,2681.334243,9178.553681
921.944370,888.247130,1378.971896,7254.018232
921.944695,962.267725,-1072.533697,7772.162391
921.945019,814.226536,153.219100,11473.192101
921.945344,1036.288319,2221.676944,10955.047942
921.945669,-296.082377,1762.019645,8438.347739
921.945994,-2368.659014,-1532.190996,8068.244768
921.946318,-3182.885551,0.000000,11103.089130
921.946643,-1184.329507,2911.162892,11029.068536
921.946968,1480.411884,3677.258390,9326.594869
921.947293,1110.308913,-612.876398,8068.244768
921.947618,148.041188,-459.657299,8660.409521
921.947942,518.144159,2068.457845,9548.656652
921.948267,592.164754,3524.039291,9474.636058
921.948592,-1036.288319,2221.676944,9696.697840
921.948917,-1036.288319,0.000000,9696.697840
921.949242,666.185348,0.000000,8438.347739
921.949566,2368.659014,689.485948,7476.080014
921.949891,2146.597232,2221.676944,9474.636058
921.950216,1480.411884,1302.362347,10066.800811
921.950541,1258.350101,-383.047749,9104.533087
921.950866,0.000000,-612.876398,9104.533087
921.951190,-1110.308913,612.876398,10288.862594
921.951515,-1554.432478,2068.457845,9696.697840
921.951840,-962.267725,1072.533697,10214.842000
921.952165,0.000000,-1302.362347,8956.491898
921.952490,-666.185348,-1225.752797,8438.347739
921.952814,-2072.576638,306.438199,9030.512492
921.953139,-3108.864956,0.000000,9104.533087
921.953464,-4737.318029,-1608.800546,8364.327145
921.953789,-4367.215058,-2221.676944,9844.739029
921.954114,-2368.659014,-1685.410096,9918.759623
921.954438,-1702.473667,0.000000,10288.862594
921.954763,148.041188,-459.657299,9104.533087
921.955088,2368.659014,-306.438199,8586.388927
921.955413,2442.679609,766.095498,9104.533087
921.955738,3404.947333,1685.410096,9474.636058
921.956062,3256.906145,2451.505594,9548.656652
921.956387,3256.906145,842.705048,9178.553681
921.956712,1628.453072,1378.971896,9918.759623
921.957037,1628.453072,995.924147,9400.615463
921.957362,2590.720797,1072.533697,7402.059420
921.957686,3627.009116,306.438199,6217.729913
921.958011,1258.350101,-459.657299,9326.594869
921.958336,-1850.514855,995.924147,9474.636058
921.958661,-3627.009116,229.828649,7624.121203
921.958986,-4071.132681,-1532.190996,9400.615463
921.959310,-4367.215058,-3140.991542,9696.697840
921.959635,-3701.029710,-1915.238745,10584.944971
921.959960,1258.350101,0.000000,9622.677246
921.960285,2664.741391,1762.019645,11103.089130
921.960610,1258.350101,1225.752797,11473.192101
921.960934,1480.411884,842.705048,9474.636058
921.961259,3627.009116,1149.143247,8956.491898
921.961584,2368.659014,2298.286494,9844.739029
921.961909,1406.391290,3447.429741,10066.800811
921.962234,1406.391290,2221.676944,10955.047942
921.962558,2886.803174,2374.896044,9622.677246
921.962883,2590.720797,306.438199,8142.265362
921.963208,888.247130,306.438199,8586.388927
921.963533,-74.020594,1302.362347,9104.533087
921.963858,0.000000,2451.505594,9474.636058
921.964182,444.123565,1685.410096,8882.471304
921.964507,-1924.535449,153.219100,8364.327145
921.964832,-1924.535449,229.828649,6809.894666
921.965157,592.164754,1608.800546,5921.647536
921.965482,3552.988522,2145.067394,6735.874072
921.965806,888.247130,842.705048,7846.182985
921.966131,-1628.453072,0.000000,9326.594869
921.966456,-2294.638420,-459.657299,9548.656652
921.966781,-962.267725,-689.485948,9252.574275
921.967106,-1924.535449,-1685.410096,11325.150913
921.967430,-2072.576638,-2528.115143,10066.800811
921.967755,0.000000,-1378.971896,9992.780217
921.968080,2590.720797,-612.876398,9474.636058
921.968405,2294.638420,0.000000,10510.924376
921.968730,74.020594,-842.705048,9770.718434
921.969054,-222.061783,-229.828649,9696.697840
921.969379,1406.391290,-383.047749,9104.533087
921.969704,222.061783,-995.924147,11769.274478
921.970029,-1480.411884,-919.314598,10807.006753
921.970354,-518.144159,-1378.971896,9770.718434
921.970678,814.226536,-1685.410096,8882.471304
921.971003,962.267725,-1608.800546,10066.800811
921.971328,-296.082377,-1532.190996,9844.739029
921.971653,592.164754,-1378.971896,7698.141797
921.971978,2664.741391,383.047749,8364.327145
921.972302,3997.112087,536.266849,9548.656652
921.972627,962.267725,2298.286494,9326.594869
921.972952,2220.617826,-383.047749,6661.853478
921.973277,6069.688724,-1532.190996,6291.750507
921.973601,6661.853478,0.000000,7179.997637
921.973926,5403.503377,2374.896044,9178.553681
921.974251,5107.421000,766.095498,8142.265362
921.974576,3330.926739,-1149.143247,9548.656652
921.974901,1332.370696,-3294.210641,9030.512492
921.975225,-296.082377,-2757.943793,10658.965565
921.975550,-222.061783,-2374.896044,9770.718434
921.975875,1184.329507,-2681.334243,11103.089130
921.976200,666.185348,-3830.477490,11695.253884
921.976525,222.061783,-3140.991542,10510.924376
921.976849,962.267725,-3370.820191,9474.636058
921.977174,296.082377,-2834.553343,7550.100608
921.977499,296.082377,-2298.286494,8586.388927
921.977824,814.226536,-919.314598,11103.089130
921.978149,518.144159,0.000000,11325.150913
921.978473,1850.514855,-1302.362347,9844.739029
921.978798,2590.720797,-3677.258390,9844.739029
921.979123,2886.803174,-2298.286494,9548.656652
921.979448,5773.606348,459.657299,9474.636058
921.979773,7624.121203,1302.362347,7846.182985
921.980097,6957.935855,-459.657299,7550.100608
921.980422,5329.482782,-306.438199,8438.347739
921.980747,4737.318029,1685.410096,8808.450710
921.981072,4737.318029,2145.067394,9252.574275
921.981397,2960.823768,0.000000,9474.636058
921.981721,518.144159,-2987.772442,8882.471304
921.982046,-666.185348,-2757.943793,8512.368333
921.982371,740.205942,-1991.848295,7550.100608
921.982696,1480.411884,-842.705048,7698.141797
921.983021,2368.659014,-1838.629195,6735.874072
921.983345,1406.391290,-1762.019645,6587.832884
921.983670,-444.123565,-2451.505594,7624.121203
921.983995,-1110.308913,-1455.581446,10510.924376
921.984320,-1924.535449,-2834.553343,12435.459826
921.984645,-2442.679609,-7201.297681,11843.295072
921.984969,-2294.638420,-8503.660028,12435.459826
921.985294,-1036.288319,-4903.011187,14582.057057
921.985619,1406.391290,-229.828649,14211.954086
921.985944,4293.194464,0.000000,9992.780217
921.986269,4737.318029,-2987.772442,7994.224174
921.986593,6587.832884,-1378.971896,6069.688724
921.986918,7994.224174,3830.477490,5107.421000
921.987243,6809.894666,3753.867940,7105.977043
921.987568,4663.297435,-229.828649,7994.224174
921.987893,1480.411884,-2834.553343,9918.759623
921.988217,814.226536,-1991.848295,11695.253884
921.988542,518.144159,-2145.067394,10955.047942
921.988867,-2294.638420,-3830.477490,11399.171507
921.989192,-1480.411884,-4979.620737,10807.006753
921.989517,1036.288319,-1302.362347,8660.409521
921.989841,2220.617826,1838.629195,7624.121203
921.990166,3182.885551,2221.676944,4441.235652
921.990491,4663.297435,766.095498,2072.576638
921.990816,4441.235652,383.047749,4663.297435
921.991141,3552.988522,1072.533697,6957.935855
921.991465,1406.391290,689.485948,9696.697840
921.991790,0.000000,-2374.896044,11991.336260
921.992115,0.000000,-6971.469032,13989.892304
921.992440,-1998.556043,-7660.954980,14804.118840
921.992765,-2738.761985,-4903.011187,14804.118840
921.993089,-592.164754,-1225.752797,15322.262999
921.993414,1924.535449,-306.438199,13767.830521
921.993739,4515.256246,-1455.581446,10066.800811
921.994064,5403.503377,76.609550,5551.544565
921.994389,6365.771101,3064.381992,2812.782580
921.994714,8438.347739,4443.353888,1554.432478
921.995038,8290.306550,1532.190996,3627.009116
921.995363,4959.379811,459.657299,6513.812290
921.995688,3330.926739,-919.314598,9104.533087
921.996013,1406.391290,-2681.334243,12287.418637
921.996338,-370.102971,-5822.325785,14804.118840
921.996662,-3552.988522,-6818.249932,15322.262999
921.996987,-3330.926739,-5592.497135,14508.036463
921.997312,-1036.288319,-3983.696590,12953.603985
921.997637,-592.164754,-383.047749,11843.295072
921.997962,-814.226536,1072.533697,7920.203579
921.998287,518.144159,1225.752797,3330.926739
921.998611,2664.741391,1838.629195,1258.350101
921.998936,3034.844362,3217.601092,2368.659014
921.999261,4219.173869,2145.067394,2368.659014
921.999586,5107.421000,153.219100,4515.256246
921.999911,4589.276840,-4519.963438,7031.956449
922.000235,2960.823768,-5515.887586,10955.047942
922.000560,1628.453072,-7277.907231,14508.036463
922.000885,1480.411884,-8427.050478,17542.880825
922.001210,1184.329507,-8503.660028,20355.663405
922.001535,1332.370696,-6128.763984,21169.889941
922.001860,1702.473667,-3140.991542,17320.819043
922.002184,2812.782580,306.438199,13397.727550
922.002509,4367.215058,3677.258390,9548.656652
922.002834,6291.750507,7354.516781,4737.318029
922.003159,6143.709319,10035.851024,1554.432478
922.003484,5329.482782,8120.612279,-370.102971
922.003808,3478.967927,5439.278036,-1332.370696
922.004133,814.226536,3524.039291,-592.164754
922.004458,-1702.473667,-153.219100,2368.659014
922.004783,-4219.173869,-5515.887586,5255.462188
922.005108,-5625.565159,-11031.775171,9918.759623
922.005433,-4885.359217,-13100.233016,12953.603985
922.005757,-3552.988522,-12640.575717,16284.530724
922.006082,-1554.432478,-10035.851024,16728.654289
922.006407,3997.112087,-7201.297681,14878.139434
922.006732,8290.306550,-2987.772442,13397.727550
922.007057,10362.883188,3294.210641,13767.830521
922.007381,12065.356855,8963.317327,9622.677246
922.007706,12287.418637,8963.317327,7550.100608
922.008031,10214.842000,7201.297681,7105.977043
922.008356,7105.977043,7507.735880,7031.956449
922.008681,2442.679609,8810.098227,7920.203579
922.009006,-1406.391290,5515.887586,7772.162391
922.009330,-6513.812290,-3217.601092,7550.100608
922.009655,-9474.636058,-9652.803275,7920.203579
922.009980,-10955.047942,-10265.679673,8512.368333
922.010305,-9030.512492,-8503.660028,8512.368333
922.010630,-5773.606348,-8656.879127,10584.944971
922.010954,-2886.803174,-9346.365076,11325.150913
922.011279,-888.247130,-6588.421283,11103.089130
922.011604,4515.256246,-1991.848295,9622.677246
922.011929,11177.109724,1302.362347,9252.574275
922.012254,13767.830521,4213.525239,8438.347739
922.012579,13767.830521,6741.640382,7328.038826
922.012903,13767.830521,7354.516781,5995.668130
922.013228,13249.686362,5822.325785,7031.956449
922.013553,11103.089130,4519.963438,8142.265362
922.013878,7254.018232,3217.601092,7624.121203
922.014203,2220.617826,689.485948,7179.997637
922.014527,-1850.514855,-5132.839837,7328.038826
922.014852,-4885.359217,-10495.508323,8956.491898
922.015177,-7254.018232,-12487.356617,11325.150913
922.015502,-9178.553681,-11951.089769,11621.233289
922.015827,-7994.224174,-11184.994271,11473.192101
922.016151,-4885.359217,-9346.365076,12879.583391
922.016476,-1628.453072,-7277.907231,14656.077652
922.016801,222.061783,-4366.744339,14508.036463
922.017126,2220.617826,-1762.019645,13397.727550
922.017451,4959.379811,383.047749,12509.480420
922.017776,6587.832884,2681.334243,11473.192101
922.018100,7105.977043,4519.963438,9548.656652
922.018425,5847.626942,5745.716235,9104.533087
922.018750,4219.173869,5056.230287,7254.018232
922.019075,3256.906145,4290.134789,6809.894666
922.019400,1554.432478,2834.553343,5477.523971
922.019724,-1110.308913,766.095498,3108.864956
922.020049,-2294.638420,-995.924147,2812.782580
922.020374,-2516.700203,-2987.772442,3997.112087
922.020699,-3552.988522,-3140.991542,5403.503377
922.021024,-3478.967927,-3217.601092,6883.915261
922.021349,-2072.576638,-3294.210641,8216.285956
922.021673,-444.123565,-2911.162892,9400.615463
922.021998,1332.370696,-1915.238745,10288.862594
922.022323,3108.864956,-766.095498,10140.821405
922.022648,4589.276840,1455.581446,11991.336260
922.022973,5477.523971,1378.971896,11769.274478
922.023297,7402.059420,3370.820191,10658.965565
922.023622,8882.471304,1838.629195,9474.636058
922.023947,7476.080014,1302.362347,9474.636058
922.024272,5847.626942,1991.848295,11399.171507
922.024597,5255.462188,1149.143247,11769.274478
922.024922,3775.050304,-3447.429741,10955.047942
922.025246,1110.308913,-7354.516781,11029.068536
922.025571,-1184.329507,-7048.078582,12213.398043
922.025896,-592.164754,-4443.353888,12287.418637
922.026221,740.205942,-3830.477490,11695.253884
922.026546,1110.308913,-5592.497135,10066.800811
922.026870,0.000000,-5056.230287,9400.615463
922.027195,0.000000,306.438199,8512.368333
922.027520,1850.514855,3830.477490,7920.203579
922.027845,4737.318029,3294.210641,6143.709319
922.028170,3997.112087,1072.533697,5255.462188
922.028495,2738.761985,2834.553343,5847.626942
922.028819,3701.029710,5132.839837,6143.709319
922.029144,4293.194464,3524.039291,6587.832884
922.029469,2590.720797,-459.657299,6587.832884
922.029794,0.000000,-1532.190996,8586.388927
922.030119,-814.226536,-919.314598,9326.594869
922.030443,0.000000,-1378.971896,9992.780217
922.030768,-1258.350101,-5056.230287,11473.192101
922.031093,-2886.803174,-6665.030833,12213.398043
922.031418,-2664.741391,-3983.696590,11473.192101
922.031743,-888.247130,-1072.533697,11029.068536
922.032068,592.164754,-995.924147,11251.130318
922.032392,148.041188,-2374.896044,9474.636058
922.032717,-370.102971,-1378.971896,7772.162391
922.033042,222.061783,612.876398,7624.121203
922.033367,1480.411884,1149.143247,8734.430116
922.033692,1110.308913,-766.095498,8882.471304
922.034016,370.102971,-2757.943793,8882.471304
922.034341,222.061783,-2987.772442,8882.471304
922.034666,1110.308913,-2528.115143,10362.883188
922.034991,2738.761985,-3370.820191,10807.006753
922.035316,3775.050304,-4749.792088,10436.903782
922.035641,4071.132681,-4136.915689,9326.594869
922.035965,6069.688724,-2298.286494,9178.553681
922.036290,8660.409521,-919.314598,9030.512492
922.036615,9622.677246,-1302.362347,8438.347739
922.036940,8882.471304,-995.924147,6735.874072
922.037265,8290.306550,-612.876398,6217.729913
922.037589,8882.471304,-612.876398,7105.977043
922.037914,8216.285956,-1302.362347,8734.430116
922.038239,5551.544565,-3217.601092,8290.306550
922.038564,3552.988522,-4596.572988,8438.347739
922.038889,3034.844362,-4903.011187,10214.842000
922.039214,2886.803174,-5669.106685,11843.295072
922.039538,1406.391290,-5898.935335,11843.295072
922.039863,518.144159,-6665.030833,11769.274478
922.040188,666.185348,-6435.202183,11325.150913
922.040513,1480.411884,-5132.839837,12435.459826
922.040838,1184.329507,-3447.429741,12731.542202
922.041162,-444.123565,-2604.724693,12139.377449
922.041487,-370.102971,-2451.505594,11325.150913
922.041812,296.082377,-2604.724693,11547.212695
922.042137,-888.247130,-766.095498,10436.903782
922.042462,-1554.432478,689.485948,8734.430116
922.042787,-1258.350101,1378.971896,7772.162391
922.043111,-1184.329507,1149.143247,6883.915261
922.043436,-1332.370696,1532.190996,6957.935855
922.043761,-1628.453072,1378.971896,5773.606348
922.044086,-1554.432478,1455.581446,5625.565159
922.044411,-888.247130,919.314598,7105.977043
922.044735,-888.247130,229.828649,7476.080014
922.045060,-1258.350101,-459.657299,6809.894666
922.045385,-814.226536,-153.219100,8290.306550
922.045710,222.061783,-612.876398,9548.656652
922.046035,370.102971,919.314598,9548.656652
922.046360,592.164754,1072.533697,9770.718434
922.046684,1702.473667,842.705048,9400.615463
922.047009,2146.597232,1378.971896,8660.409521
922.047334,3478.967927,2221.676944,8290.306550
922.047659,5181.441594,1991.848295,8290.306550
922.047984,5551.544565,1991.848295,7254.018232
922.048308,5477.523971,306.438199,7105.977043
922.048633,6439.791695,-766.095498,8734.430116
922.048958,5181.441594,-2145.067394,9918.759623
922.049283,3849.070898,-3447.429741,11695.253884
922.049608,2664.741391,-4979.620737,13249.686362
922.049933,2072.576638,-5515.887586,14359.995275
922.050257,2072.576638,-4826.401637,14804.118840
922.050582,2590.720797,-3064.381992,13619.789333
922.050907,3478.967927,-1455.581446,11991.336260
922.051232,3775.050304,536.266849,10066.800811
922.051557,4663.297435,2604.724693,7550.100608
922.051881,5773.606348,3677.258390,5181.441594
922.052206,6735.874072,3370.820191,3701.029710
922.052531,5255.462188,2681.334243,3108.864956
922.052856,3701.029710,2145.067394,3034.844362
922.053181,3256.906145,-612.876398,4663.297435
922.053506,3256.906145,-3830.477490,6809.894666
922.053830,3182.885551,-7124.688131,7920.203579
922.054155,2886.803174,-9116.536426,9622.677246
922.054480,2960.823768,-8963.317327,10807.006753
922.054805,4737.318029,-8197.221829,11251.130318
922.055130,5403.503377,-7277.907231,13545.768739
922.055454,3552.988522,-5975.544884,14878.139434
922.055779,1258.350101,-4443.353888,14952.160028
922.056104,2072.576638,-3753.867940,14656.077652
922.056429,1702.473667,-2681.334243,14508.036463
922.056754,-1406.391290,-1762.019645,11991.336260
922.057078,-3923.091493,-536.266849,9992.780217
922.057403,-4737.318029,-383.047749,7846.182985
922.057728,-4737.318029,0.000000,7550.100608
922.058053,-6957.935855,-1149.143247,6587.832884
922.058378,-8438.347739,-2374.896044,5107.421000
922.058703,-7105.977043,-3370.820191,4071.132681
922.059027,-3627.009116,-4749.792088,4441.235652
922.059352,-888.247130,-5286.058936,5995.668130
922.059677,1628.453072,-5362.668486,6809.894666
922.060002,4663.297435,-3677.258390,8808.450710
922.060327,7254.018232,-2528.115143,11103.089130
922.060651,8512.368333,-1225.752797,13841.851115
922.060976,9252.574275,1149.143247,13915.871710
922.061301,9474.636058,3600.648841,13619.789333
922.061626,10510.924376,3907.087040,12583.501014
922.061951,9474.636058,5286.058936,10288.862594
922.062276,6143.709319,6894.859482,8364.327145
922.062600,3404.947333,7660.954980,7476.080014
922.062925,-592.164754,6894.859482,5403.503377
922.063250,-2294.638420,4596.572988,3627.009116
922.063575,-2886.803174,1149.143247,2738.761985
922.063900,-5181.441594,-1149.143247,2294.638420
922.064224,-5033.400406,-5286.058936,1332.370696
922.064549,-2812.782580,-8044.002729,6661.853478
922.064874,-2886.803174,-8963.317327,12657.521608
922.065199,-2294.638420,-9269.755526,15174.221811
922.065524,1036.288319,-9193.145976,17542.880825
922.065849,4737.318029,-7890.783629,20429.683999
922.066173,7846.182985,-3447.429741,20503.704593
922.066498,11843.295072,459.657299,17690.922014
922.066823,14211.954086,5132.839837,14211.954086
922.067148,14804.118840,9806.022374,7772.162391
922.067473,16210.510130,11874.480219,4219.173869
922.067797,15248.242405,10112.460574,1184.329507
922.068122,11917.315666,8580.269578,-888.247130
922.068447,5625.565159,6205.373534,-666.185348
922.068772,-814.226536,2757.943793,370.102971
922.069097,-6439.791695,-4749.792088,2442.679609
922.069422,-12139.377449,-11644.651570,7328.038826
922.069746,-14878.139434,-15475.129060,11843.295072
922.070071,-15840.407159,-15704.957709,15914.427753
922.070396,-14063.912898,-14555.814462,16950.716072
922.070721,-9548.656652,-12717.185267,17468.860231
922.071046,-1184.329507,-9652.803275,14730.098246
922.071370,4367.215058,-2221.676944,12509.480420
922.071695,9992.780217,5056.230287,9104.533087
922.072020,14359.995275,9882.631924,5921.647536
922.072345,14878.139434,9346.365076,6587.832884
922.072670,11695.253884,6971.469032,5551.544565
922.072995,8364.327145,5362.668486,6661.853478
922.073319,4219.173869,4136.915689,9844.739029
922.073644,-2220.617826,-2987.772442,9696.697840
922.073969,-8364.327145,-9806.022374,10288.862594
922.074294,-9400.615463,-14555.814462,11621.233289
922.074619,-10066.800811,-11644.651570,11251.130318
922.074943,-8586.388927,-9422.974625,8808.450710
922.075268,-7179.997637,-9193.145976,7920.203579
922.075593,-3923.091493,-6818.249932,7328.038826
922.075918,592.164754,-1455.581446,8142.265362
922.076243,5033.400406,2757.943793,9400.615463
922.076568,9104.533087,3217.601092,8512.368333
922.076892,9474.636058,3524.039291,7105.977043
922.077217,12583.501014,5439.278036,7772.162391
922.077542,14730.098246,7967.393179,9992.780217
922.077867,14508.036463,5439.278036,8956.491898
922.078192,11695.253884,2068.457845,9400.615463
922.078516,7772.162391,76.609550,10288.862594
922.078841,3182.885551,766.095498,11177.109724
922.079166,1110.308913,-2834.553343,11695.253884
922.079491,-888.247130,-8350.440928,12361.439231
922.079816,-5477.523971,-9806.022374,11399.171507
922.080141,-4885.359217,-8427.050478,9548.656652
922.080465,-518.144159,-4826.401637,8956.491898
922.080790,1776.494261,-2757.943793,8290.306550
922.081115,592.164754,-153.219100,7179.997637
922.081440,1924.535449,2451.505594,6661.853478
922.081765,5329.482782,6128.763984,7846.182985
922.082089,6587.832884,6588.421283,10066.800811
922.082414,4367.215058,5209.449386,9252.574275
922.082739,3552.988522,3907.087040,9326.594869
922.083064,4145.153275,3294.210641,10140.821405
922.083389,3404.947333,2757.943793,10807.006753
922.083714,2294.638420,0.000000,9178.553681
922.084038,518.144159,-1608.800546,9030.512492
922.084363,-1110.308913,-1455.581446,7550.100608
922.084688,-1258.350101,-1149.143247,7476.080014
922.085013,-2886.803174,-1532.190996,7994.224174
922.085338,-3552.988522,-3064.381992,7994.224174
922.085662,-3627.009116,-1838.629195,9030.512492
922.085987,-1332.370696,-2221.676944,9474.636058
922.086312,-2368.659014,-995.924147,9696.697840
922.086637,-3627.009116,-1455.581446,9918.759623
922.086962,-4293.194464,-689.485948,9918.759623
922.087287,-1998.556043,842.705048,10510.924376
922.087611,-2368.659014,3140.991542,13249.686362
922.087936,-1924.535449,2834.553343,11695.253884
922.088261,-2442.679609,2145.067394,8586.388927
922.088586,-1258.350101,0.000000,6291.750507
922.088911,1036.288319,-306.438199,7179.997637
922.089235,296.082377,995.924147,8142.265362
922.089560,-444.123565,1149.143247,8364.327145
922.089885,-666.185348,-1991.848295,6143.709319
922.090210,-1554.432478,-4596.572988,8438.347739
922.090535,-2738.761985,-4596.572988,10140.821405
922.090860,-518.144159,-2757.943793,10436.903782
922.091184,2072.576638,-1991.848295,9844.739029
922.091509,3404.947333,-1838.629195,12509.480420
922.091834,3701.029710,-842.705048,12361.439231
922.092159,3775.050304,2221.676944,10955.047942
922.092484,5625.565159,4213.525239,9992.780217
922.092808,5107.421000,3830.477490,9474.636058
922.093133,2960.823768,2911.162892,7031.956449
922.093458,4219.173869,3217.601092,7402.059420
922.093783,5107.421000,3370.820191,6291.750507
922.094108,2146.597232,2834.553343,7105.977043
922.094432,0.000000,-1991.848295,6735.874072
922.094757,370.102971,-4596.572988,7920.203579
922.095082,370.102971,-3677.258390,9696.697840
922.095407,296.082377,-2604.724693,12953.603985
922.095732,-814.226536,-3524.039291,13471.748144
922.096056,-1184.329507,-3064.381992,12879.583391
922.096381,2590.720797,-3447.429741,10658.965565
922.096706,5921.647536,-76.609550,11177.109724
922.097031,4293.194464,4213.525239,10807.006753
922.097356,3256.906145,5286.058936,10807.006753
922.097681,4219.173869,3524.039291,6513.812290
922.098005,2812.782580,4213.525239,8068.244768
922.098330,-592.164754,4903.011187,8586.388927
922.098655,-3849.070898,5515.887586,6883.915261
922.098980,-3108.864956,2451.505594,5403.503377
922.099305,-2220.617826,-919.314598,7254.018232
922.099629,-5699.585753,-2221.676944,7698.141797
922.099954,-8956.491898,-306.438199,8216.285956
922.100279,-6661.853478,-1225.752797,7105.977043
922.100604,-5551.544565,-2987.772442,9252.574275
922.100929,-6439.791695,-3677.258390,10807.006753
922.101253,-5107.421000,0.000000,11769.274478
922.101578,-1628.453072,1762.019645,8808.450710
922.101903,3182.885551,1378.971896,10066.800811
922.102228,2516.700203,1302.362347,12583.501014
922.102553,1258.350101,3983.696590,10732.986159
922.102877,3478.967927,5592.497135,9474.636058
922.103202,3404.947333,4596.572988,11251.130318
922.103527,592.164754,4519.963438,11029.068536
922.103852,-592.164754,3753.867940,8586.388927
922.104177,0.000000,3294.210641,6143.709319
922.104501,-1332.370696,1302.362347,6587.832884
922.104826,-3701.029710,-1455.581446,8142.265362
922.105151,-5847.626942,-2374.896044,7772.162391
922.105476,-5625.565159,-2604.724693,7698.141797
922.105801,-5033.400406,-3524.039291,9104.533087
922.106126,-5107.421000,-4519.963438,10288.862594
922.106450,-3404.947333,-3294.210641,10436.903782
922.106775,1850.514855,-1991.848295,8660.409521
922.107100,5033.400406,1149.143247,10658.965565
922.107425,5625.565159,3140.991542,11695.253884
922.107750,7550.100608,3983.696590,11103.089130
922.108074,8586.388927,3907.087040,10288.862594
922.108399,7328.038826,3830.477490,9992.780217
922.108724,5403.503377,3753.867940,9252.574275
922.109049,5329.482782,2834.553343,9030.512492
922.109374,5773.606348,2145.067394,8364.327145
922.109698,2738.761985,842.705048,9622.677246
922.110023,-592.164754,-1302.362347,8068.244768
922.110348,-2220.617826,-5515.887586,6957.935855
922.110673,-3404.947333,-6052.154434,6587.832884
922.110998,-4515.256246,-4136.915689,9474.636058
922.111322,-6513.812290,-2068.457845,11325.150913
922.111647,-4071.132681,-2911.162892,9474.636058
922.111972,1628.453072,-3600.648841,7402.059420
922.112297,2960.823768,536.266849,11547.212695
922.112622,3552.988522,5132.839837,9474.636058
922.112946,3552.988522,6052.154434,8586.388927
922.113271,3478.967927,1455.581446,9178.553681
922.113596,2072.576638,842.705048,9326.594869
922.113921,444.123565,3677.258390,10066.800811
922.114246,740.205942,4596.572988,11029.068536
922.114571,0.000000,2068.457845,10288.862594
922.114895,-2738.761985,-3140.991542,9030.512492
922.115220,-4589.276840,-4749.792088,8438.347739
922.115545,-4737.318029,-3677.258390,7698.141797
922.115870,-7402.059420,-1762.019645,9400.615463
922.116195,-6661.853478,0.000000,9918.759623
922.116519,-5255.462188,-689.485948,10881.027347
922.116844,-4441.235652,-1608.800546,9178.553681
922.117169,-1406.391290,76.609550,6291.750507
922.117494,0.000000,2834.553343,8734.430116
922.117819,1628.453072,4596.572988,10658.965565
922.118143,3182.885551,4673.182538,11029.068536
922.118468,1998.556043,2221.676944,7846.182985
922.118793,0.000000,1991.848295,7105.977043
922.119118,296.082377,3753.867940,9178.553681
922.119443,1110.308913,5439.278036,11325.150913
922.119767,2516.700203,2834.553343,8438.347739
922.120092,1702.473667,-383.047749,7550.100608
922.120417,-1406.391290,-2374.896044,7624.121203
922.120742,-1702.473667,76.609550,9326.594869
922.121067,-666.185348,1302.362347,8512.368333
922.121391,-2812.782580,0.000000,9992.780217
922.121716,-4441.235652,-2528.115143,9918.759623
922.122041,-1480.411884,-2451.505594,8512.368333
922.122366,1924.535449,2681.334243,8290.306550
922.122691,3256.906145,3753.867940,9548.656652
922.123016,1036.288319,2681.334243,9844.739029
922.123340,2072.576638,1072.533697,9474.636058
922.123665,4441.235652,2298.286494,8882.471304
922.123990,3330.926739,3370.820191,10807.006753
922.124315,296.082377,3140.991542,10881.027347
922.124640,2220.617826,1838.629195,9474.636058
922.124964,4219.173869,306.438199,9622.677246
922.125289,2516.700203,76.609550,8956.491898
922.125614,1480.411884,-1378.971896,7772.162391
922.125939,222.061783,-1685.410096,8290.306550
922.126264,-296.082377,-383.047749,9400.615463
922.126588,-2072.576638,-459.657299,9548.656652
922.126913,-2072.576638,-1225.752797,8512.368333
922.127238,-2368.659014,-2374.896044,8290.306550
922.127563,0.000000,-459.657299,9548.656652
922.127888,1258.350101,1378.971896,10436.903782
922.128212,1406.391290,1991.848295,10510.924376
922.128537,888.247130,919.314598,10066.800811
922.128862,296.082377,1149.143247,8808.450710
922.129187,-370.102971,2068.457845,10807.006753
922.129512,-888.247130,2145.067394,9918.759623
922.129836,-2146.597232,689.485948,9252.574275
922.130161,-962.267725,-1915.238745,7476.080014
922.130486,222.061783,-2068.457845,8660.409521
922.130811,-888.247130,-1302.362347,8808.450710
922.131136,-2368.659014,-919.314598,9326.594869
922.131460,-3182.885551,-2451.505594,9696.697840
922.131785,-2886.803174,-2221.676944,9696.697840
922.132110,-3775.050304,-689.485948,10362.883188
922.132435,-1924.535449,-1532.190996,9252.574275
922.132760,518.144159,-229.828649,8586.388927
922.133085,3182.885551,1685.410096,10140.821405
922.133409,2220.617826,3753.867940,10066.800811
922.133734,1332.370696,2451.505594,9030.512492
922.134059,296.082377,995.924147,8660.409521
922.134384,592.164754,1378.971896,9178.553681
922.134709,-1480.411884,2298.286494,8808.450710
922.135033,-2442.679609,459.657299,7254.018232
922.135358,-814.226536,-995.924147,7846.182985
922.135683,1184.329507,-383.047749,8660.409521
922.136008,296.082377,1608.800546,9696.697840
922.136333,-1258.350101,153.219100,9844.739029
922.136657,-1184.329507,-1302.362347,8512.368333
922.136982,888.247130,-689.485948,9622.677246
922.137307,1776.494261,689.485948,10584.944971
922.137632,0.000000,2911.162892,9770.718434
922.137957,2812.782580,2911.162892,8290.306550
922.138281,4737.318029,2911.162892,10732.986159
922.138606,3923.091493,1991.848295,10214.842000
922.138931,1332.370696,2987.772442,10214.842000
922.139256,1628.453072,2298.286494,8808.450710
922.139581,740.205942,1455.581446,9844.739029
922.139905,-1406.391290,689.485948,10140.821405
922.140230,-1776.494261,1532.190996,10214.842000
922.140555,-666.185348,1685.410096,7105.977043
922.140880,1406.391290,536.266849,8882.471304
922.141205,1036.288319,-1149.143247,8956.491898
922.141530,-1406.391290,-612.876398,7772.162391
922.141854,-2368.659014,383.047749,7920.203579
922.142179,-518.144159,0.000000,8364.327145
922.142504,-1628.453072,-459.657299,9474.636058
922.142829,-1554.432478,-612.876398,9696.697840
922.143154,592.164754,1608.800546,7624.121203
922.143478,3478.967927,1991.848295,9548.656652
922.143803,2368.659014,766.095498,11029.068536
922.144128,-518.144159,0.000000,11029.068536
922.144453,-592.164754,-766.095498,8216.285956
922.144778,2072.576638,919.314598,9992.780217
922.145102,-444.123565,1532.190996,12657.521608
922.145427,-1406.391290,1378.971896,10510.924376
922.145752,518.144159,-1072.533697,7698.141797
922.146077,1776.494261,-3140.991542,7994.224174
922.146402,1036.288319,-1762.019645,8808.450710
922.146726,-592.164754,689.485948,9770.718434
922.147051,1110.308913,612.876398,8956.491898
922.147376,444.123565,-1378.971896,9918.759623
922.147701,-3775.050304,-1991.848295,11991.336260
922.148026,-3552.988522,-689.485948,9548.656652
922.148350,814.226536,-383.047749,7920.203579
922.148675,1850.514855,-153.219100,8290.306550
922.149000,-370.102971,306.438199,10732.986159
922.149325,-666.185348,1838.629195,7846.182985
922.149650,-962.267725,1685.410096,9474.636058
922.149975,444.123565,1149.143247,9844.739029
922.150299,-1702.473667,536.266849,9844.739029
922.150624,-2812.782580,-536.266849,7402.059420
922.150949,0.000000,153.219100,7179.997637
922.151274,1258.350101,1302.362347,7920.203579
922.151599,296.082377,1225.752797,9918.759623
922.151923,0.000000,229.828649,9770.718434
922.152248,-444.123565,0.000000,9474.636058
922.152573,518.144159,612.876398,9400.615463
922.152898,-518.144159,995.924147,11621.233289
922.153223,-1480.411884,612.876398,10955.047942
922.153547,1258.350101,1991.848295,8512.368333
922.153872,2368.659014,2221.676944,8438.347739
922.154197,2146.597232,2068.457845,9992.780217
922.154522,2294.638420,2451.505594,9474.636058
922.154847,1554.432478,2911.162892,9252.574275
922.155171,-962.267725,2298.286494,8808.450710
922.155496,-2812.782580,1149.143247,8512.368333
922.155821,-2886.803174,995.924147,9696.697840
922.156146,74.020594,842.705048,5773.606348
922.156471,-888.247130,919.314598,7772.162391
922.156795,-1332.370696,-383.047749,9400.615463
922.157120,0.000000,612.876398,10436.903782
922.157445,0.000000,229.828649,8586.388927
922.157770,-1554.432478,-612.876398,9918.759623
922.158095,-2368.659014,-1762.019645,9844.739029
922.158420,-666.185348,76.609550,10436.903782
922.158744,2960.823768,1225.752797,9474.636058
922.159069,4663.297435,1838.629195,9770.718434
922.159394,2960.823768,536.266849,9474.636058
922.159719,2516.700203,766.095498,9178.553681
922.160044,1998.556043,2068.457845,9252.574275
922.160368,1184.329507,1685.410096,9992.780217
922.160693,-666.185348,0.000000,10288.862594
922.161018,-666.185348,-459.657299,9474.636058
922.161343,1332.370696,766.095498,9252.574275
922.161668,888.247130,-459.657299,8512.368333
922.161992,-3108.864956,-536.266849,10362.883188
922.162317,-888.247130,-2374.896044,6809.894666
922.162642,444.123565,-383.047749,8586.388927
922.162967,-962.267725,229.828649,9030.512492
922.163292,-3034.844362,1225.752797,9992.780217
922.163616,-1628.453072,1072.533697,8956.491898
922.163941,814.226536,689.485948,8808.450710
922.164266,444.123565,0.000000,7402.059420
922.164591,-370.102971,612.876398,8956.491898
922.164916,1554.432478,2681.334243,9844.739029
922.165240,1702.473667,1915.238745,10807.006753
922.165565,-1110.308913,306.438199,9622.677246
922.165890,-2960.823768,-1149.143247,8956.491898
922.166215,-2664.741391,-76.609550,9474.636058
922.166540,-296.082377,1302.362347,7994.224174
922.166865,0.000000,766.095498,10658.965565
922.167189,-1258.350101,-383.047749,9770.718434
922.167514,-2072.576638,-153.219100,8142.265362
922.167839,-222.061783,-536.266849,8142.265362
922.168164,-370.102971,0.000000,10510.924376
922.168489,-2294.638420,1838.629195,10510.924376
922.168813,-1332.370696,2145.067394,11621.233289
922.169138,2146.597232,1762.019645,8512.368333
922.169463,2738.761985,1378.971896,9474.636058
922.169788,1850.514855,2221.676944,9400.615463
922.170113,814.226536,2451.505594,7254.018232
922.170437,1628.453072,842.705048,7994.224174
922.170762,74.020594,766.095498,10436.903782
922.171087,-2590.720797,2145.067394,10807.006753
922.171412,-3256.906145,1991.848295,8512.368333
922.171737,0.000000,-306.438199,5995.668130
922.172061,1702.473667,-1685.410096,7994.224174
922.172386,-222.061783,1685.410096,10288.862594
922.172711,148.041188,2604.724693,8290.306550
922.173036,74.020594,612.876398,8660.409521
922.173361,-592.164754,-1378.971896,10807.006753
922.173685,-1998.556043,0.000000,11103.089130
922.174010,-1776.494261,1915.238745,9918.759623
922.174335,1628.453072,383.047749,7846.182985
922.174660,2664.741391,0.000000,9252.574275
922.174985,74.020594,306.438199,9770.718434
922.175310,888.247130,1302.362347,8068.244768
922.175634,2220.617826,1762.019645,8290.306550
922.175959,888.247130,1608.800546,10658.965565
922.176284,-740.205942,842.705048,10140.821405
922.176609,74.020594,0.000000,9622.677246
922.176934,2738.761985,0.000000,7476.080014
922.177258,3552.988522,1302.362347,10436.903782
922.177583,1480.411884,1225.752797,10510.924376
922.177908,592.164754,1072.533697,8808.450710
922.178233,2146.597232,-612.876398,8956.491898
922.178558,814.226536,459.657299,9844.739029
922.178882,-1406.391290,1378.971896,9992.780217
922.179207,-2220.617826,766.095498,9474.636058
922.179532,296.082377,0.000000,8068.244768
922.179857,888.247130,383.047749,8956.491898
922.180182,-444.123565,536.266849,10066.800811
922.180506,-2146.597232,306.438199,8882.471304
922.180831,-1776.494261,-229.828649,7920.203579
922.181156,-2220.617826,-689.485948,9770.718434
922.181481,-3034.844362,-1378.971896,9992.780217
922.181806,-3182.885551,-153.219100,9252.574275
922.182130,-1628.453072,0.000000,8438.347739
922.182455,1480.411884,0.000000,9326.594869
922.182780,814.226536,-153.219100,9844.739029
922.183105,-962.267725,-229.828649,9844.739029
922.183430,1110.308913,0.000000,8586.388927
922.183755,1776.494261,0.000000,9030.512492
922.184079,148.041188,612.876398,11473.192101
922.184404,296.082377,2451.505594,9548.656652
922.184729,1776.494261,2604.724693,8216.285956
922.185054,3701.029710,1302.362347,9178.553681
922.185379,2960.823768,842.705048,11621.233289
922.185703,0.000000,1608.800546,10288.862594
922.186028,222.061783,1302.362347,6957.935855
922.186353,-296.082377,-383.047749,7550.100608
922.186678,-2960.823768,-689.485948,9326.594869
922.187003,-3256.906145,1302.362347,9326.594869
922.187327,296.082377,1608.800546,7698.141797
922.187652,962.267725,1149.143247,9474.636058
922.187977,222.061783,0.000000,9918.759623
922.188302,222.061783,-306.438199,8142.265362
922.188627,0.000000,1302.362347,7846.182985
922.188951,0.000000,2374.896044,11177.109724
922.189276,-1258.350101,2145.067394,12287.418637
922.189601,-1036.288319,383.047749,9548.656652
922.189926,-666.185348,-689.485948,7476.080014
922.190251,444.123565,0.000000,8438.347739
922.190575,888.247130,2834.553343,9400.615463
922.190900,814.226536,1762.019645,9992.780217
922.191225,-296.082377,-536.266849,8956.491898
922.191550,-1406.391290,-383.047749,8438.347739
922.191875,-1628.453072,919.314598,9030.512492
922.192200,-666.185348,2068.457845,8512.368333
922.192524,518.144159,1762.019645,8808.450710
922.192849,2146.597232,995.924147,8290.306550
922.193174,2442.679609,1762.019645,7994.224174
922.193499,1628.453072,2145.067394,9992.780217
922.193824,370.102971,1532.190996,10807.006753
922.194148,-962.267725,536.266849,9770.718434
922.194473,-888.247130,-306.438199,10732.986159
922.194798,-444.123565,-766.095498,10584.944971
922.195123,-296.082377,76.609550,9326.594869
922.195448,3034.844362,1915.238745,8660.409521
922.195772,2516.700203,2374.896044,9992.780217
922.196097,-370.102971,536.266849,9178.553681
922.196422,814.226536,-459.657299,8068.244768
922.196747,370.102971,689.485948,8808.450710
922.197072,-1554.432478,995.924147,9992.780217
922.197397,-1702.473667,-229.828649,9030.512492
922.197721,-1776.494261,-1149.143247,7846.182985
922.198046,-1258.350101,-1532.190996,7550.100608
922.198371,-296.082377,0.000000,9400.615463
922.198696,-296.082377,0.000000,10732.986159
922.199021,-444.123565,-842.705048,8216.285956
922.199346,-888.247130,-1455.581446,8586.388927
922.199671,-1924.535449,-612.876398,9844.739029
922.199995,296.082377,1915.238745,9770.718434
922.200320,1998.556043,2451.505594,8364.327145
922.200645,3627.009116,1072.533697,9104.533087
922.200970,3997.112087,229.828649,8290.306550
922.201295,2590.720797,1991.848295,11177.109724
922.201620,2516.700203,919.314598,9696.697840
922.201945,0.000000,536.266849,10955.047942
922.202269,-2072.576638,-1302.362347,11991.336260
922.202594,-1480.411884,-1072.533697,10807.006753
922.202919,0.000000,76.609550,7772.162391
922.203244,-74.020594,229.828649,9030.512492
922.203569,-1480.411884,-229.828649,9252.574275
922.203894,-3034.844362,306.438199,8586.388927
922.204219,-2516.700203,536.266849,8142.265362
922.204543,-3701.029710,536.266849,8882.471304
922.204868,-4885.359217,383.047749,9400.615463
922.205193,-3256.906145,-536.266849,9030.512492
922.205518,-444.123565,-919.314598,7772.162391
922.205843,-592.164754,-229.828649,9474.636058
922.206168,-1406.391290,0.000000,9326.594869
922.206492,-1406.391290,-153.219100,9844.739029
922.206817,0.000000,0.000000,8734.430116
922.207142,0.000000,229.828649,11547.212695
922.207467,518.144159,1455.581446,10584.944971
922.207792,1406.391290,919.314598,8068.244768
922.208117,3330.926739,383.047749,6587.832884
922.208442,5625.565159,2681.334243,8216.285956
922.208766,4515.256246,5132.839837,9918.759623
922.209091,3701.029710,3217.601092,9992.780217
922.209416,2664.741391,459.657299,9918.759623
922.209741,1258.350101,-153.219100,9548.656652
922.210066,-1702.473667,995.924147,9178.553681
922.210391,-888.247130,842.705048,9696.697840
922.210716,-296.082377,383.047749,10140.821405
922.211040,1258.350101,1072.533697,9622.677246
922.211365,-370.102971,229.828649,10066.800811
922.211690,-1776.494261,-995.924147,8660.409521
922.212015,-592.164754,229.828649,6809.894666
922.212340,0.000000,1072.533697,8956.491898
922.212665,-1332.370696,1455.581446,9696.697840
922.212990,-1332.370696,1532.190996,10436.903782
922.213314,1850.514855,1149.143247,8290.306550
922.213639,3108.864956,1685.410096,8438.347739
922.213964,1702.473667,306.438199,9104.533087
922.214289,1036.288319,2528.115143,9696.697840
922.214614,3108.864956,536.266849,9474.636058
922.214939,1776.494261,612.876398,9474.636058
922.215264,-2146.597232,0.000000,10881.027347
922.215588,-2960.823768,995.924147,9326.594869
922.215913,148.041188,1072.533697,7402.059420
922.216238,1924.535449,0.000000,8734.430116
922.216563,-222.061783,-383.047749,9252.574275
922.216888,-1702.473667,-306.438199,8956.491898
922.217213,-888.247130,689.485948,7920.203579
922.217537,-592.164754,-306.438199,8364.327145
922.217862,-3034.844362,-1225.752797,11029.068536
922.218187,-2812.782580,0.000000,10510.924376
922.218512,0.000000,919.314598,9474.636058
922.218837,740.205942,-383.047749,10140.821405
922.219162,-1406.391290,-2298.286494,10288.862594
922.219487,-2590.720797,-1072.533697,9622.677246
922.219811,-1184.329507,76.609550,8956.491898
922.220136,-962.267725,612.876398,10140.821405
922.220461,-3182.885551,-153.219100,10214.842000
922.220786,-3997.112087,383.047749,9474.636058
922.221111,-1850.514855,153.219100,7254.018232
922.221436,1332.370696,1302.362347,9030.512492
922.221761,2072.576638,1149.143247,10214.842000
922.222085,370.102971,766.095498,9770.718434
922.222410,0.000000,153.219100,7254.018232
922.222735,74.020594,0.000000,8364.327145
922.223060,-1554.432478,383.047749,9178.553681
922.223385,-1702.473667,1838.629195,8512.368333
922.223710,1406.391290,766.095498,7920.203579
922.224035,3330.926739,153.219100,8660.409521
922.224359,2738.761985,766.095498,9474.636058
922.224684,2146.597232,2298.286494,9770.718434
922.225009,1998.556043,1072.533697,8364.327145
922.225334,2368.659014,153.219100,9104.533087
922.225659,3108.864956,2374.896044,11547.212695
922.225984,1480.411884,3370.820191,10436.903782
922.226309,2072.576638,1762.019645,7920.203579
922.226633,3701.029710,995.924147,8512.368333
922.226958,2738.761985,2374.896044,10066.800811
922.227283,888.247130,1991.848295,9844.739029
922.227608,222.061783,-229.828649,9178.553681
922.227933,-444.123565,-995.924147,8956.491898
922.228258,-2368.659014,0.000000,10807.006753
922.228582,-2442.679609,1685.410096,11103.089130
922.228907,-1110.308913,689.485948,8734.430116
922.229232,1998.556043,-229.828649,6957.935855
922.229557,1776.494261,229.828649,9178.553681
922.229882,-592.164754,1378.971896,10362.883188
922.230207,-1258.350101,1225.752797,9178.553681
922.230532,-370.102971,612.876398,9622.677246
922.230856,-666.185348,0.000000,10214.842000
922.231181,-2664.741391,1149.143247,10362.883188
922.231506,-592.164754,1302.362347,6957.935855
922.231831,1702.473667,766.095498,6661.853478
922.232156,592.164754,-919.314598,8438.347739
922.232481,-888.247130,919.314598,8512.368333
922.232806,-370.102971,1608.800546,9178.553681
922.233130,148.041188,919.314598,10066.800811
922.233455,-2072.576638,0.000000,11103.089130
922.233780,-3404.947333,-1685.410096,9474.636058
922.234105,-2590.720797,0.000000,8216.285956
922.234430,-370.102971,-229.828649,8808.450710
922.234755,-814.226536,842.705048,10881.027347
922.235080,-1258.350101,0.000000,9918.759623
922.235404,-2664.741391,0.000000,8290.306550
922.235729,-3849.070898,-306.438199,8956.491898
922.236054,-4145.153275,-383.047749,10288.862594
922.236379,-3330.926739,-459.657299,9770.718434
922.236704,-1110.308913,-612.876398,8586.388927
922.237029,0.000000,-995.924147,8438.347739
922.237353,-444.123565,0.000000,8068.244768
922.237678,-666.185348,383.047749,9696.697840
922.238003,1184.329507,-612.876398,9252.574275
922.238328,1406.391290,0.000000,9474.636058
922.238653,962.267725,842.705048,10658.965565
922.238978,1702.473667,1915.238745,10066.800811
922.239303,2516.700203,1072.533697,7476.080014
922.239627,3627.009116,229.828649,7105.977043
922.239952,3552.988522,766.095498,8734.430116
922.240277,2220.617826,1838.629195,10288.862594
922.240602,3256.906145,1608.800546,10288.862594
922.240927,2442.679609,689.485948,10658.965565
922.241252,-222.061783,-689.485948,8808.450710
922.241577,0.000000,383.047749,8364.327145
922.241901,2442.679609,1991.848295,8142.265362
922.242226,3182.885551,2681.334243,9918.759623
922.242551,3775.050304,306.438199,9918.759623
922.242876,1554.432478,0.000000,9548.656652
922.243201,518.144159,0.000000,9104.533087
922.243526,1036.288319,2068.457845,9770.718434
922.243851,814.226536,1302.362347,11177.109724
922.244175,-296.082377,842.705048,10732.986159
922.244500,592.164754,153.219100,8142.265362
922.244825,1628.453072,1302.362347,8882.471304
922.245150,1184.329507,2298.286494,9474.636058
922.245475,-444.123565,1532.190996,10807.006753
922.245800,-1924.535449,459.657299,10436.903782
922.246125,-2368.659014,153.219100,9400.615463
922.246449,-4293.194464,-1149.143247,8068.244768
922.246774,-4293.194464,536.266849,7179.997637
922.247099,-1628.453072,2374.896044,6883.915261
922.247424,-148.041188,2757.943793,8364.327145
922.247749,-222.061783,0.000000,8512.368333
922.248074,0.000000,-1225.752797,9030.512492
922.248398,-518.144159,995.924147,7550.100608
922.248723,-1628.453072,3677.258390,8882.471304
922.249048,-2960.823768,995.924147,11621.233289
922.249373,-888.247130,-1302.362347,9178.553681
922.249698,1850.514855,-306.438199,9178.553681
922.250023,1998.556043,2298.286494,8512.368333
922.250348,370.102971,2298.286494,8660.409521
922.250672,-444.123565,0.000000,10807.006753
922.250997,0.000000,-1225.752797,10362.883188
922.251322,-1998.556043,-995.924147,11029.068536
922.251647,-3775.050304,-2068.457845,10214.842000
922.251972,-3404.947333,-1302.362347,9252.574275
922.252297,-1850.514855,-842.705048,9030.512492
922.252622,740.205942,229.828649,9030.512492
922.252946,222.061783,-153.219100,9252.574275
922.253271,-1184.329507,306.438199,9548.656652
922.253596,814.226536,76.609550,9474.636058
922.253921,888.247130,766.095498,10807.006753
922.254246,-666.185348,459.657299,9474.636058
922.254571,-1184.329507,689.485948,9178.553681
922.254896,1850.514855,0.000000,7105.977043
922.255220,4071.132681,1149.143247,7994.224174
922.255545,4737.318029,1532.190996,10510.924376
922.255870,2294.638420,3600.648841,11843.295072
922.256195,2960.823768,1838.629195,8068.244768
922.256520,4145.153275,153.219100,7328.038826
922.256845,1554.432478,76.609550,8660.409521
922.257170,-222.061783,3064.381992,9030.512492
922.257494,2590.720797,3677.258390,7550.100608
922.257819,4589.276840,1149.143247,10140.821405
922.258144,2368.659014,0.000000,9992.780217
922.258469,-1036.288319,1072.533697,8734.430116
922.258794,-666.185348,766.095498,7920.203579
922.259119,-1332.370696,-766.095498,9474.636058
922.259443,-4367.215058,-1302.362347,10807.006753
922.259768,-4589.276840,-612.876398,10584.944971
922.260093,-1628.453072,76.609550,8808.450710
922.260418,666.185348,-383.047749,8142.265362
922.260743,592.164754,612.876398,9918.759623
922.261068,-1110.308913,995.924147,10066.800811
922.261393,0.000000,766.095498,9326.594869
922.261717,1184.329507,76.609550,9326.594869
922.262042,-1702.473667,306.438199,10807.006753
922.262367,-3404.947333,536.266849,9918.759623
922.262692,-222.061783,1915.238745,9326.594869
922.263017,3256.906145,0.000000,9622.677246
922.263342,518.144159,-306.438199,10584.944971
922.263667,-1850.514855,-306.438199,10288.862594
922.263991,-962.267725,919.314598,8142.265362
922.264316,740.205942,842.705048,7698.141797
922.264641,-2886.803174,536.266849,9104.533087
922.264966,-3775.050304,1149.143247,7846.182985
922.265291,-962.267725,3370.820191,7179.997637
922.265616,2886.803174,2068.457845,9622.677246
922.265941,2516.700203,229.828649,9770.718434
922.266265,-2220.617826,-306.438199,9104.533087
922.266590,-1110.308913,-919.314598,7476.080014
922.266915,-74.020594,1072.533697,10140.821405
922.267240,-2442.679609,1302.362347,13101.645173
922.267565,-2294.638420,153.219100,10955.047942
922.267890,-1258.350101,-1072.533697,6661.853478
922.268214,962.267725,0.000000,7920.203579
922.268539,2738.761985,2221.676944,9252.574275
922.268864,666.185348,1915.238745,9696.697840
922.269189,-1110.308913,-536.266849,9030.512492
922.269514,666.185348,-1225.752797,8882.471304
922.269839,-1258.350101,1225.752797,10066.800811
922.270164,-1776.494261,1302.362347,9844.739029
922.270488,-370.102971,229.828649,9104.533087
922.270813,1406.391290,0.000000,9030.512492
922.271138,2368.659014,306.438199,10214.842000
922.271463,1628.453072,536.266849,9770.718434
922.271788,-222.061783,536.266849,7105.977043
922.272113,888.247130,612.876398,8586.388927
922.272438,592.164754,1455.581446,10362.883188
922.272762,296.082377,1455.581446,10510.924376
922.273087,3108.864956,919.314598,8068.244768
922.273412,4885.359217,995.924147,7402.059420
922.273737,3775.050304,1762.019645,9400.615463
922.274062,2442.679609,995.924147,10510.924376
922.274387,1628.453072,-306.438199,8142.265362
922.274712,814.226536,-229.828649,9474.636058
922.275036,-148.041188,766.095498,11843.295072
922.275361,-2368.659014,2298.286494,11251.130318
922.275686,-1184.329507,-536.266849,7920.203579
922.276011,740.205942,-2221.676944,8290.306550
922.276336,0.000000,-1072.533697,9992.780217
922.276661,0.000000,1685.410096,9474.636058
922.276986,-518.144159,-459.657299,9770.718434
922.277310,-2886.803174,-1455.581446,9696.697840
922.277635,-3330.926739,-919.314598,10214.842000
922.277960,-2442.679609,536.266849,9252.574275
922.278285,-1406.391290,459.657299,7476.080014
922.278610,-222.061783,0.000000,7624.121203
922.278935,1406.391290,842.705048,9622.677246
922.279259,148.041188,1532.190996,10066.800811
922.279584,-1850.514855,0.000000,9400.615463
922.279909,-1924.535449,-1225.752797,9252.574275
922.280234,-592.164754,919.314598,9252.574275
922.280559,-1924.535449,2834.553343,10807.006753
922.280884,-740.205942,2068.457845,8660.409521
922.281209,1406.391290,1302.362347,7105.977043
922.281533,1628.453072,612.876398,8068.244768
922.281858,1406.391290,2145.067394,7624.121203
922.282183,-814.226536,3447.429741,9400.615463
922.282508,-666.185348,2298.286494,10066.800811
922.282833,-1258.350101,1532.190996,9622.677246
922.283158,-2294.638420,995.924147,9770.718434
922.283483,-2368.659014,919.314598,7328.038826
922.283807,74.020594,1302.362347,6143.709319
922.284132,666.185348,689.485948,9252.574275
922.284457,592.164754,1455.581446,11621.233289
922.284782,-592.164754,995.924147,10732.986159
922.285107,-666.185348,766.095498,9844.739029
922.285432,-666.185348,76.609550,9474.636058
922.285757,-1332.370696,766.095498,9474.636058
922.286081,666.185348,0.000000,7920.203579
922.286406,1480.411884,1838.629195,8660.409521
922.286731,1332.370696,919.314598,10066.800811
922.287056,592.164754,229.828649,9030.512492
922.287381,740.205942,-995.924147,7698.141797
922.287706,-1110.308913,0.000000,9992.780217
922.288030,0.000000,-459.657299,10288.862594
922.288355,148.041188,153.219100,10658.965565
922.288680,2294.638420,-995.924147,9326.594869
922.289005,2960.823768,1532.190996,8438.347739
922.289330,3182.885551,2068.457845,9104.533087
922.289655,3849.070898,1608.800546,9030.512492
922.289980,4145.153275,0.000000,9696.697840
922.290304,1776.494261,383.047749,10510.924376
922.290629,1110.308913,1149.143247,9474.636058
922.290954,1110.308913,76.609550,9474.636058
922.291279,962.267725,-306.438199,9252.574275
922.291604,1110.308913,612.876398,9252.574275
922.291929,1258.350101,842.705048,8438.347739
922.292254,74.020594,-1225.752797,8586.388927
922.292578,-1924.535449,-1532.190996,9474.636058
922.292903,-3330.926739,536.266849,9548.656652
922.293228,-4145.153275,-919.314598,9844.739029
922.293553,-4811.338623,-2451.505594,8882.471304
922.293878,-2664.741391,-1762.019645,10066.800811
922.294203,0.000000,1225.752797,9622.677246
922.294527,-962.267725,689.485948,9696.697840
922.294852,-1332.370696,-1915.238745,8808.450710
922.295177,-740.205942,-766.095498,9696.697840
922.295502,-666.185348,2298.286494,9548.656652
922.295827,-1480.411884,1149.143247,9548.656652
922.296152,-1480.411884,-1378.971896,8734.430116
922.296476,-148.041188,76.609550,8586.388927
922.296801,1110.308913,3677.258390,9548.656652
922.297126,2220.617826,2374.896044,10140.821405
922.297451,1628.453072,229.828649,7994.224174
922.297776,2368.659014,0.000000,8364.327145
922.298100,962.267725,2987.772442,9178.553681
922.298425,-666.185348,2604.724693,9992.780217
922.298750,-2220.617826,0.000000,10214.842000
922.299075,-888.247130,-229.828649,9104.533087
922.299400,296.082377,2298.286494,8660.409521
922.299725,74.020594,1455.581446,8882.471304
922.300049,-1110.308913,-383.047749,7402.059420
922.300374,-2220.617826,-383.047749,7624.121203
922.300699,-1628.453072,919.314598,10362.883188
922.301024,-2516.700203,919.314598,10584.944971
922.301349,-2960.823768,-383.047749,9918.759623
922.301673,-444.123565,-1072.533697,9104.533087
922.301998,2146.597232,2451.505594,10436.903782
922.302323,2368.659014,2451.505594,10584.944971
922.302648,1258.350101,612.876398,8438.347739
922.302973,1850.514855,-1072.533697,8438.347739
922.303298,2516.700203,2068.457845,10214.842000
922.303622,1110.308913,3370.820191,11547.212695
922.303947,0.000000,1225.752797,10807.006753
922.304272,1998.556043,0.000000,7105.977043
922.304597,4441.235652,1608.800546,6883.915261
922.304922,4293.194464,4903.011187,8956.491898
922.305246,2664.741391,2298.286494,9326.594869
922.305571,2146.597232,-459.657299,7105.977043
922.305896,1406.391290,766.095498,10362.883188
922.306221,-1332.370696,2374.896044,12213.398043
922.306546,-3108.864956,1608.800546,9326.594869
922.306870,-740.205942,-1838.629195,6217.729913
922.307195,1480.411884,-1532.190996,8142.265362
922.307520,222.061783,2145.067394,10955.047942
922.307845,-888.247130,2374.896044,10658.965565
922.308170,74.020594,-919.314598,9252.574275
922.308495,-296.082377,-1455.581446,9030.512492
922.308819,-1924.535449,1149.143247,10436.903782
922.309144,-2886.803174,1225.752797,9474.636058
922.309469,-1554.432478,459.657299,7550.100608
922.309794,296.082377,-536.266849,8734.430116
922.310119,-222.061783,689.485948,10288.862594
922.310443,-1702.473667,842.705048,8364.327145
922.310768,-1258.350101,-1455.581446,8216.285956
922.311093,-1776.494261,-2451.505594,10066.800811
922.311418,-4071.132681,-306.438199,11547.212695
922.311743,-5107.421000,229.828649,11399.171507
922.312068,-666.185348,-919.314598,8068.244768
922.312392,1998.556043,153.219100,6957.935855
922.312717,1924.535449,995.924147,8068.244768
922.313042,1258.350101,2911.162892,9104.533087
922.313367,1776.494261,1991.848295,8956.491898
922.313692,1850.514855,842.705048,10584.944971
922.314016,222.061783,-689.485948,11103.089130
922.314341,-1850.514855,842.705048,9918.759623
922.314666,222.061783,766.095498,7920.203579
922.314991,2072.576638,229.828649,9474.636058
922.315316,1776.494261,76.609550,10658.965565
922.315641,74.020594,1225.752797,10214.842000
922.315965,-1480.411884,383.047749,9474.636058
922.316290,-1036.288319,-1225.752797,7920.203579
922.316615,-2294.638420,153.219100,9992.780217
922.316940,-2664.741391,153.219100,10732.986159
922.317265,-1406.391290,1302.362347,9030.512492
922.317589,888.247130,1072.533697,8438.347739
922.317914,2072.576638,766.095498,9918.759623
922.318239,74.020594,1072.533697,7846.182985
922.318564,-1184.329507,612.876398,7920.203579
922.318889,444.123565,229.828649,8586.388927
922.319214,444.123565,1378.971896,11251.130318
922.319538,-666.185348,1302.362347,10881.027347
922.319863,0.000000,919.314598,8660.409521
922.320188,2368.659014,919.314598,7031.956449
922.320513,2886.803174,1838.629195,8290.306550
922.320838,2146.597232,1915.238745,8956.491898
922.321162,1776.494261,1225.752797,8734.430116
922.321487,1998.556043,1915.238745,9178.553681
922.321812,1480.411884,1991.848295,10214.842000
922.322137,0.000000,1685.410096,9696.697840
922.322462,296.082377,1838.629195,7624.121203
922.322787,592.164754,1378.971896,7772.162391
922.323111,962.267725,306.438199,9548.656652
922.323436,0.000000,-306.438199,9030.512492
922.323761,-2072.576638,-459.657299,9918.759623
922.324086,-1998.556043,-1225.752797,9474.636058
922.324411,-3108.864956,-1455.581446,10732.986159
922.324735,-3330.926739,-1225.752797,12065.356855
922.325060,-814.226536,-229.828649,9770.718434
922.325385,1554.432478,383.047749,8290.306550
922.325710,1998.556043,919.314598,9622.677246
922.326035,2516.700203,1838.629195,9400.615463
922.326360,1628.453072,1302.362347,9178.553681
922.326684,888.247130,76.609550,8734.430116
922.327009,-666.185348,153.219100,10584.944971
922.327334,-1110.308913,229.828649,11473.192101
922.327659,-888.247130,229.828649,10140.821405
922.327984,74.020594,-2528.115143,8586.388927
922.328308,-74.020594,-2451.505594,8142.265362
922.328633,0.000000,0.000000,8438.347739
922.328958,0.000000,1455.581446,9178.553681
922.329283,-518.144159,1149.143247,8882.471304
922.329608,-1702.473667,229.828649,9474.636058
922.329933,-148.041188,1302.362347,9844.739029
922.330257,1924.535449,1302.362347,7105.977043
922.330582,2220.617826,1608.800546,6957.935855
922.330907,1850.514855,842.705048,9104.533087
922.331232,148.041188,1685.410096,9918.759623
922.331557,-962.267725,766.095498,10362.883188
922.331881,-2368.659014,-612.876398,10362.883188
922.332206,-2590.720797,-536.266849,10214.842000
922.332531,-3182.885551,76.609550,9548.656652
922.332856,-1480.411884,0.000000,8290.306550
922.333181,-296.082377,76.609550,8586.388927
922.333505,740.205942,536.266849,9104.533087
922.333830,148.041188,2451.505594,9844.739029
922.334155,888.247130,919.314598,9696.697840
922.334480,666.185348,612.876398,8438.347739
922.334805,-814.226536,-229.828649,9622.677246
922.335130,-962.267725,995.924147,9326.594869
922.335454,148.041188,1838.629195,10510.924376
922.335779,962.267725,919.314598,9992.780217
922.336104,518.144159,0.000000,9178.553681
922.336429,148.041188,-919.314598,8956.491898
922.336754,222.061783,612.876398,8734.430116
922.337078,1258.350101,1149.143247,9178.553681
922.337403,518.144159,766.095498,11473.192101
922.337728,74.020594,76.609550,10362.883188
922.338053,2442.679609,1225.752797,8512.368333
922.338378,4145.153275,2681.334243,8068.244768
922.338703,2516.700203,2145.067394,8882.471304
922.339027,814.226536,536.266849,9178.553681
922.339352,2516.700203,995.924147,8734.430116
922.339677,1554.432478,1072.533697,10140.821405
922.340002,-1850.514855,0.000000,9622.677246
922.340327,-3034.844362,0.000000,8808.450710
922.340651,-962.267725,0.000000,8290.306550
922.340976,814.226536,1685.410096,10584.944971
922.341301,444.123565,306.438199,9548.656652
922.341626,-740.205942,-1532.190996,7698.141797
922.341951,222.061783,-1302.362347,8068.244768
922.342276,370.102971,1991.848295,10658.965565
922.342600,-1924.535449,2374.896044,10584.944971
922.342925,-2220.617826,0.000000,8660.409521
922.343250,296.082377,-306.438199,7550.100608
922.343575,2442.679609,3294.210641,8364.327145
922.343900,1628.453072,3524.039291,9104.533087
922.344224,0.000000,-229.828649,9474.636058
922.344549,-518.144159,-1455.581446,8808.450710
922.344874,-888.247130,1838.629195,10658.965565
922.345199,-740.205942,2298.286494,9992.780217
922.345524,-2368.659014,-306.438199,9622.677246
922.345849,-2072.576638,-766.095498,9178.553681
922.346173,-222.061783,1455.581446,9400.615463
922.346498,518.144159,766.095498,8808.450710
922.346823,-1036.288319,-842.705048,9474.636058
922.347148,-1110.308913,0.000000,9178.553681
922.347473,-1184.329507,2681.334243,10362.883188
922.347797,-1702.473667,689.485948,9992.780217
922.348122,-3182.885551,-1915.238745,9178.553681
922.348447,-1702.473667,0.000000,7328.038826
922.348772,1406.391290,3677.258390,9104.533087
922.349097,2220.617826,1072.533697,9622.677246
922.349422,-888.247130,-766.095498,9770.718434
922.349746,0.000000,-1532.190996,8660.409521
922.350071,666.185348,2451.505594,9474.636058
922.350396,222.061783,919.314598,10288.862594
922.350721,-2072.576638,-1072.533697,9030.512492
922.351046,-296.082377,-766.095498,7846.182985
922.351370,1776.494261,2298.286494,8734.430116
922.351695,2960.823768,2221.676944,9548.656652
922.352020,1776.494261,0.000000,8068.244768
922.352345,1332.370696,-689.485948,8808.450710
922.352670,1184.329507,919.314598,10066.800811
922.352995,740.205942,1838.629195,9992.780217
922.353319,-1628.453072,536.266849,9992.780217
922.353644,-888.247130,-1991.848295,8142.265362
922.353969,1998.556043,842.705048,7624.121203
922.354294,3404.947333,1762.019645,10436.903782
922.354619,1480.411884,229.828649,11399.171507
922.354943,222.061783,-1302.362347,10732.986159
922.355268,518.144159,229.828649,10066.800811
922.355593,1628.453072,766.095498,8956.491898
922.355918,-592.164754,76.609550,7550.100608
922.356243,74.020594,995.924147,7550.100608
922.356568,1184.329507,3753.867940,10658.965565
922.356892,2368.659014,1915.238745,9844.739029
922.357217,2738.761985,76.609550,8882.471304
922.357542,1480.411884,-995.924147,9326.594869
922.357867,-962.267725,2451.505594,8956.491898
922.358192,-1110.308913,1225.752797,10140.821405
922.358516,-2664.741391,-1149.143247,10955.047942
922.358841,-2812.782580,-1072.533697,8808.450710
922.359166,-296.082377,2221.676944,7994.224174
922.359491,1998.556043,1225.752797,7994.224174
922.359816,-740.205942,-536.266849,8512.368333
922.360140,-1924.535449,-1685.410096,9252.574275
922.360465,-1702.473667,919.314598,8734.430116
922.360790,-1480.411884,2145.067394,9104.533087
922.361115,-2738.761985,612.876398,8660.409521
922.361440,-2294.638420,-306.438199,7994.224174
922.361765,74.020594,1455.581446,8216.285956
922.362089,1406.391290,1762.019645,10807.006753
922.362414,592.164754,-306.438199,10732.986159
922.362739,-1036.288319,-842.705048,9992.780217
922.363064,-592.164754,0.000000,10066.800811
922.363389,-592.164754,1149.143247,11029.068536
922.363713,-1776.494261,306.438199,10510.924376
922.364038,-888.247130,842.705048,9474.636058
922.364363,2220.617826,1915.238745,8216.285956
922.364688,2960.823768,2374.896044,8660.409521
922.365013,1036.288319,459.657299,7920.203579
922.365338,-1850.514855,229.828649,9474.636058
922.365662,-1554.432478,1302.362347,8808.450710
922.365987,-592.164754,1378.971896,10066.800811
922.366312,-1850.514855,-842.705048,8142.265362
922.366637,-3182.885551,0.000000,7179.997637
922.366962,-666.185348,1455.581446,7476.080014
922.367286,1480.411884,1838.629195,9622.677246
922.367611,592.164754,-1225.752797,9326.594869
922.367936,-296.082377,-1608.800546,9030.512492
922.368261,1406.391290,842.705048,8660.409521
922.368586,2294.638420,1838.629195,10881.027347
922.368911,1628.453072,0.000000,9696.697840
922.369235,666.185348,383.047749,9474.636058
922.369560,3997.112087,2451.505594,8734.430116
922.369885,5625.565159,1838.629195,9548.656652
922.370210,3997.112087,-766.095498,9696.697840
922.370535,1036.288319,-1455.581446,9918.759623
922.370859,0.000000,229.828649,10288.862594
922.371184,-2220.617826,612.876398,12139.377449
922.371509,-2220.617826,-1991.848295,10362.883188
922.371834,-148.041188,-1225.752797,8660.409521
922.372159,518.144159,1762.019645,9104.533087
922.372484,1258.350101,2374.896044,8882.471304
922.372808,592.164754,-995.924147,7698.141797
922.373133,666.185348,-919.314598,9178.553681
922.373458,518.144159,2298.286494,9178.553681
922.373783,-1554.432478,4136.915689,9474.636058
922.374108,-1036.288319,459.657299,7772.162391
922.374432,814.226536,0.000000,9252.574275
922.374757,1184.329507,2374.896044,8438.347739
922.375082,740.205942,2374.896044,9104.533087
922.375407,962.267725,-459.657299,7476.080014
922.375732,-2220.617826,0.000000,9622.677246
922.376057,-3404.947333,1762.019645,10436.903782
922.376381,-2738.761985,1915.238745,9770.718434
922.376706,-3034.844362,-1225.752797,7550.100608
922.377031,-3997.112087,-689.485948,7994.224174
922.377356,-962.267725,1991.848295,7328.038826
922.377681,-296.082377,3370.820191,8512.368333
922.378005,-1184.329507,-383.047749,9178.553681
922.378330,-2146.597232,-1149.143247,9992.780217
922.378655,-1998.556043,1915.238745,9178.553681
922.378980,-1480.411884,1378.971896,11399.171507
922.379305,-1332.370696,-536.266849,11177.109724
922.379630,-444.123565,536.266849,10510.924376
922.379954,3182.885551,1608.800546,9622.677246
922.380279,3404.947333,1685.410096,10066.800811
922.380604,1998.556043,612.876398,9252.574275
922.380929,2146.597232,1685.410096,9400.615463
922.381254,2368.659014,1532.190996,8882.471304
922.381578,222.061783,1225.752797,10658.965565
922.381903,0.000000,1072.533697,10510.924376
922.382228,740.205942,2068.457845,8882.471304
922.382553,2220.617826,995.924147,6883.915261
922.382878,888.247130,306.438199,8438.347739
922.383202,-740.205942,229.828649,8142.265362
922.383527,-814.226536,766.095498,8364.327145
922.383852,-1332.370696,-842.705048,8216.285956
922.384177,-4811.338623,-1532.190996,9104.533087
922.384502,-4737.318029,-1455.581446,8142.265362
922.384827,-1628.453072,0.000000,7698.141797
922.385151,1850.514855,612.876398,9400.615463
922.385476,3256.906145,1149.143247,9178.553681
922.385801,1776.494261,306.438199,10066.800811
922.386126,2960.823768,-536.266849,10066.800811
922.386451,4219.173869,689.485948,9548.656652
922.386775,2072.576638,689.485948,11991.336260
922.387100,0.000000,689.485948,11399.171507
922.387425,1702.473667,229.828649,10881.027347
922.387750,4959.379811,919.314598,10140.821405
922.388075,3849.070898,536.266849,10881.027347
922.388400,592.164754,-995.924147,9252.574275
922.388724,-1110.308913,-995.924147,9844.739029
922.389049,-888.247130,0.000000,11473.192101
922.389374,-3404.947333,-612.876398,10955.047942
922.389699,-4959.379811,-1838.629195,8364.327145
922.390024,-2442.679609,-459.657299,6661.853478
922.390348,962.267725,2221.676944,6883.915261
922.390673,444.123565,2145.067394,8882.471304
922.390998,-1110.308913,229.828649,8586.388927
922.391323,-1702.473667,-612.876398,7402.059420
922.391648,-1332.370696,919.314598,7031.956449
922.391973,-1702.473667,1685.410096,8882.471304
922.392297,-3404.947333,153.219100,9548.656652
922.392622,-1776.494261,842.705048,9030.512492
922.392947,1628.453072,1608.800546,8808.450710
922.393272,1998.556043,1838.629195,9474.636058
922.393597,962.267725,842.705048,9178.553681
922.393921,1258.350101,1455.581446,9252.574275
922.394246,2146.597232,1608.800546,9326.594869
922.394572,888.247130,1762.019645,11917.315666
922.394896,-1702.473667,459.657299,10658.965565
922.395221,-666.185348,842.705048,8586.388927
922.395546,2220.617826,1608.800546,7994.224174
922.395871,1036.288319,1762.019645,10510.924376
922.396196,-1036.288319,1149.143247,9770.718434
922.396521,0.000000,459.657299,9770.718434
922.396845,370.102971,383.047749,8956.491898
922.397170,-1258.350101,1225.752797,10066.800811
922.397495,-2220.617826,1225.752797,10214.842000
922.397820,-1258.350101,995.924147,8882.471304
922.398145,2442.679609,1532.190996,8956.491898
922.398470,3182.885551,2221.676944,9696.697840
922.398794,444.123565,766.095498,7698.141797
922.399119,-1184.329507,-612.876398,8068.244768
922.399444,444.123565,0.000000,7254.018232
922.399769,-1776.494261,1378.971896,10362.883188
922.400094,-3775.050304,0.000000,8290.306550
922.400419,-2812.782580,-689.485948,7105.977043
922.400744,-222.061783,0.000000,6883.915261
922.401068,1702.473667,1915.238745,8068.244768
922.401393,740.205942,-383.047749,8512.368333
922.401718,0.000000,-1302.362347,8512.368333
922.402043,1184.329507,1149.143247,10066.800811
922.402368,2146.597232,1685.410096,12139.377449
922.402693,518.144159,-536.266849,11621.233289
922.403017,0.000000,-1225.752797,10510.924376
922.403342,3627.009116,306.438199,9548.656652
922.403667,5403.503377,1149.143247,10955.047942
922.403992,3108.864956,-689.485948,10362.883188
922.404317,888.247130,-1378.971896,9622.677246
922.404642,1258.350101,919.314598,9770.718434
922.404966,370.102971,1991.848295,11843.295072
922.405291,-1850.514855,612.876398,11177.109724
922.405616,-2146.597232,-1378.971896,9030.512492
922.405941,296.082377,383.047749,5921.647536
922.406266,222.061783,1378.971896,7772.162391
922.406591,-1258.350101,0.000000,9104.533087
922.406915,-2960.823768,-1455.581446,8956.491898
922.407240,-2738.761985,-919.314598,8734.430116
922.407565,-2812.782580,0.000000,10214.842000
922.407890,-4441.235652,-536.266849,9252.574275
922.408215,-2664.741391,-383.047749,6809.894666
922.408540,814.226536,1302.362347,6883.915261
922.408865,1406.391290,2145.067394,7920.203579
922.409189,1110.308913,1225.752797,8216.285956
922.409514,1184.329507,1149.143247,8142.265362
922.409839,814.226536,1762.019645,9030.512492
922.410164,444.123565,1991.848295,10955.047942
922.410489,0.000000,919.314598,10658.965565
922.410814,-296.082377,689.485948,9770.718434
922.411138,1998.556043,689.485948,7920.203579
922.411463,2294.638420,1302.362347,9992.780217
922.411788,1480.411884,842.705048,10288.862594
922.412113,-962.267725,536.266849,10436.903782
922.412438,-962.267725,-459.657299,10066.800811
922.412763,-1924.535449,306.438199,10955.047942
922.413087,-2294.638420,459.657299,8808.450710
922.413412,-1702.473667,2451.505594,8956.491898
922.413737,888.247130,2221.676944,9178.553681
922.414062,2294.638420,2068.457845,8142.265362
922.414387,1406.391290,1302.362347,8808.450710
922.414712,74.020594,-306.438199,8956.491898
922.415036,-1924.535449,153.219100,7031.956449
922.415361,-2072.576638,0.000000,9770.718434
922.415686,-1628.453072,459.657299,12361.439231
922.416011,-1702.473667,153.219100,9548.656652
922.416336,-370.102971,-306.438199,7402.059420
922.416661,2368.659014,0.000000,7550.100608
922.416986,1702.473667,2145.067394,8512.368333
922.417310,962.267725,1608.800546,9474.636058
922.417635,2368.659014,0.000000,8808.450710
922.417960,740.205942,153.219100,9400.615463
922.418285,0.000000,1762.019645,10510.924376
922.418610,222.061783,1762.019645,9548.656652
922.418935,1480.411884,-306.438199,7994.224174
922.419259,2590.720797,-995.924147,10362.883188
922.419584,1776.494261,0.000000,10955.047942
922.419909,0.000000,-842.705048,10881.027347
922.420234,74.020594,-919.314598,10066.800811
922.420559,-592.164754,-1225.752797,10881.027347
922.420884,-2590.720797,-995.924147,10362.883188
922.421208,-740.205942,1149.143247,10436.903782
922.421533,1924.535449,1532.190996,8512.368333
922.421858,2220.617826,842.705048,8142.265362
922.422183,1184.329507,536.266849,6809.894666
922.422508,-518.144159,1302.362347,9400.615463
922.422833,-1406.391290,842.705048,9030.512492
922.423157,-2146.597232,76.609550,9030.512492
922.423482,-2812.782580,-1378.971896,10288.862594
922.423807,-2886.803174,1378.971896,9474.636058
922.424132,-1110.308913,2298.286494,7254.018232
922.424457,0.000000,0.000000,7920.203579
922.424782,-1110.308913,-766.095498,7476.080014
922.425107,-1184.329507,919.314598,9474.636058
922.425431,1406.391290,2374.896044,9030.512492
922.425756,0.000000,1532.190996,9844.739029
922.426081,-296.082377,383.047749,9474.636058
922.426406,2146.597232,2374.896044,9104.533087
922.426731,4293.194464,3294.210641,8586.388927
922.427056,4071.132681,1915.238745,9770.718434
922.427380,1850.514855,536.266849,10955.047942
922.427705,592.164754,306.438199,10658.965565
922.428030,-296.082377,76.609550,9104.533087
922.428355,-2368.659014,-689.485948,10881.027347
922.428680,-4737.318029,-459.657299,10288.862594
922.429005,-2738.761985,766.095498,9400.615463
922.429329,-222.061783,459.657299,8808.450710
922.429654,-296.082377,383.047749,8808.450710
922.429979,-1184.329507,76.609550,6883.915261
922.430304,-1036.288319,306.438199,7698.141797
922.430629,148.041188,76.609550,7994.224174
922.430954,-1998.556043,306.438199,10140.821405
922.431279,-2590.720797,-229.828649,9992.780217
922.431603,-592.164754,0.000000,9326.594869
922.431928,2220.617826,995.924147,8512.368333
922.432253,2072.576638,229.828649,9474.636058
922.432578,1850.514855,76.609550,9178.553681
922.432903,1924.535449,536.266849,10807.006753
922.433228,2368.659014,536.266849,9918.759623
922.433552,666.185348,0.000000,10214.842000
922.433877,222.061783,76.609550,9918.759623
922.434202,1702.473667,2451.505594,9474.636058
922.434527,4219.173869,2757.943793,9178.553681
922.434852,4515.256246,2068.457845,8734.430116
922.435177,2294.638420,-229.828649,8142.265362
922.435501,-518.144159,1225.752797,7624.121203
922.435826,-592.164754,1225.752797,8068.244768
922.436151,-4071.132681,0.000000,10140.821405
922.436476,-4885.359217,-2145.067394,9622.677246
922.436801,-4367.215058,-766.095498,9178.553681
922.437126,-666.185348,0.000000,8290.306550
922.437450,-888.247130,229.828649,10584.944971
922.437775,-888.247130,-1378.971896,9770.718434
922.438100,-1036.288319,-306.438199,9844.739029
922.438425,2664.741391,689.485948,10436.903782
922.438750,1554.432478,3370.820191,11029.068536
922.439075,0.000000,1685.410096,9400.615463
922.439400,1480.411884,1149.143247,8290.306550
922.439724,3923.091493,1991.848295,7179.997637
922.440049,2664.741391,2681.334243,9252.574275
922.440374,1924.535449,1072.533697,9474.636058
922.440699,-296.082377,153.219100,8956.491898
922.441024,-814.226536,-995.924147,7550.100608
922.441349,-2072.576638,-689.485948,9326.594869
922.441673,-3701.029710,459.657299,9696.697840
922.441998,-3701.029710,1225.752797,9548.656652
922.442323,74.020594,0.000000,8808.450710
922.442648,1850.514855,536.266849,9770.718434
922.442973,-814.226536,919.314598,8364.327145
922.443298,0.000000,1149.143247,6883.915261
922.443622,1924.535449,842.705048,8216.285956
922.443947,0.000000,2145.067394,11547.212695
922.444272,-1850.514855,1532.190996,11399.171507
922.444597,-740.205942,383.047749,8956.491898
922.444922,1184.329507,229.828649,8142.265362
922.445247,1628.453072,383.047749,10288.862594
922.445571,148.041188,1455.581446,10807.006753
922.445896,-1480.411884,-689.485948,11769.274478
922.446221,0.000000,-1532.190996,9918.759623
922.446546,-1036.288319,229.828649,10510.924376
922.446871,-2516.700203,919.314598,9770.718434
922.447196,-2368.659014,842.705048,8364.327145
922.447521,1258.350101,1072.533697,6661.853478
922.447845,1998.556043,1991.848295,8586.388927
922.448170,518.144159,1072.533697,8438.347739
922.448495,-2146.597232,1455.581446,6439.791695
922.448820,-962.267725,766.095498,7846.182985
922.449145,-1850.514855,383.047749,10288.862594
922.449470,-3997.112087,-383.047749,10732.986159
922.449794,-2368.659014,-689.485948,10288.862594
922.450119,1036.288319,-383.047749,7846.182985
922.450444,2146.597232,766.095498,9400.615463
922.450769,1628.453072,153.219100,10066.800811
922.451094,888.247130,766.095498,9622.677246
922.451419,2516.700203,612.876398,9326.594869
922.451743,2664.741391,1149.143247,10732.986159
922.452068,-148.041188,842.705048,8364.327145
922.452393,-740.205942,995.924147,7179.997637
922.452718,2664.741391,536.266849,7254.018232
922.453043,1702.473667,1608.800546,9474.636058
922.453368,222.061783,229.828649,10584.944971
922.453692,-444.123565,153.219100,10732.986159
922.454017,-1110.308913,-459.657299,10140.821405
922.454342,-888.247130,-229.828649,10362.883188
922.454667,-1332.370696,-689.485948,9252.574275
922.454992,-1850.514855,536.266849,9474.636058
922.455317,814.226536,1685.410096,8290.306550
922.455642,3034.844362,1072.533697,8068.244768
922.455966,2590.720797,-536.266849,7772.162391
922.456291,592.164754,383.047749,9326.594869
922.456616,2146.597232,1302.362347,9326.594869
922.456941,2516.700203,2068.457845,11029.068536
922.457266,1924.535449,-1532.190996,11325.150913
922.457591,518.144159,-383.047749,10066.800811
922.457915,2590.720797,1685.410096,7994.224174
922.458240,3182.885551,1685.410096,9326.594869
922.458565,1258.350101,-995.924147,11251.130318
922.458890,-1184.329507,153.219100,10288.862594
922.459215,-962.267725,1149.143247,8586.388927
922.459540,-2368.659014,-306.438199,8808.450710
922.459864,-4071.132681,-229.828649,8068.244768
922.460189,-4367.215058,1072.533697,9252.574275
922.460514,-2072.576638,1378.971896,7476.080014
922.460839,-1702.473667,-612.876398,8438.347739
922.461164,-1998.556043,-1455.581446,7846.182985
922.461489,-2516.700203,2221.676944,8586.388927
922.461813,-1850.514855,1685.410096,10066.800811
922.462138,-2146.597232,1149.143247,10362.883188
922.462463,-1998.556043,-383.047749,10881.027347
922.462788,-1110.308913,1225.752797,10510.924376
922.463113,1258.350101,2374.896044,7994.224174
922.463438,1628.453072,2221.676944,9844.739029
922.463763,2368.659014,2068.457845,7994.224174
922.464087,-592.164754,2068.457845,9474.636058
922.464412,-148.041188,1455.581446,8586.388927
922.464737,-296.082377,2911.162892,9252.574275
922.465062,-2220.617826,1225.752797,9178.553681
922.465387,-2664.741391,1685.410096,8364.327145
922.465712,-370.102971,919.314598,7550.100608
922.466036,-1110.308913,1378.971896,8364.327145
922.466361,0.000000,153.219100,7920.203579
922.466686,-1036.288319,1302.362347,9474.636058
922.467011,-518.144159,0.000000,8882.471304
922.467336,-2146.597232,-306.438199,9992.780217
922.467661,-222.061783,-1608.800546,10510.924376
922.467985,518.144159,766.095498,10807.006753
922.468310,2516.700203,459.657299,10140.821405
922.468635,3849.070898,1225.752797,9030.512492
922.468960,4515.256246,612.876398,9622.677246
922.469285,4515.256246,1149.143247,10362.883188
922.469610,3701.029710,1915.238745,9770.718434
922.469935,2220.617826,1762.019645,10881.027347
922.470259,1924.535449,919.314598,10066.800811
922.470584,1480.411884,766.095498,9548.656652
922.470909,2072.576638,689.485948,8142.265362
922.471234,2220.617826,689.485948,7698.141797
922.471559,592.164754,-459.657299,9474.636058
922.471884,-740.205942,-536.266849,9622.677246
922.472208,-296.082377,-1149.143247,9474.636058
922.472533,-1406.391290,-1225.752797,9104.533087
922.472858,-2812.782580,-1225.752797,8364.327145
922.473183,-2368.659014,0.000000,8216.285956
922.473508,296.082377,306.438199,8586.388927
922.473833,1480.411884,919.314598,8586.388927
922.474157,1406.391290,-229.828649,9326.594869
922.474482,814.226536,229.828649,8216.285956
922.474807,1406.391290,1608.800546,8364.327145
922.475132,-296.082377,689.485948,10510.924376
922.475457,-3256.906145,-306.438199,10584.944971
922.475782,-3404.947333,-1378.971896,11177.109724
922.476106,0.000000,-766.095498,8660.409521
922.476431,-1184.329507,-1149.143247,9104.533087
922.476756,-1554.432478,-1991.848295,9252.574275
922.477081,-2294.638420,229.828649,10436.903782
922.477406,-1998.556043,612.876398,9622.677246
922.477731,-1036.288319,689.485948,10732.986159
922.478056,-1036.288319,0.000000,9548.656652
922.478380,-2738.761985,2221.676944,9030.512492
922.478705,1184.329507,1685.410096,8290.306550
922.479030,1110.308913,1762.019645,8808.450710
922.479355,-1036.288319,76.609550,9474.636058
922.479680,-1184.329507,612.876398,9104.533087
922.480005,222.061783,1302.362347,8068.244768
922.480329,-2220.617826,689.485948,10288.862594
922.480654,-4515.256246,-306.438199,10288.862594
922.480979,-3997.112087,766.095498,9844.739029
922.481304,740.205942,919.314598,6809.894666
922.481629,2294.638420,1838.629195,7550.100608
922.481954,296.082377,1608.800546,8290.306550
922.482278,444.123565,3370.820191,7179.997637
922.482603,3182.885551,1838.629195,9104.533087
922.482928,740.205942,1149.143247,9400.615463
922.483253,-1036.288319,842.705048,9104.533087
922.483578,0.000000,1378.971896,8586.388927
922.483903,3182.885551,1225.752797,7698.141797
922.484227,2294.638420,612.876398,10955.047942
922.484552,1184.329507,153.219100,10362.883188
922.484877,740.205942,306.438199,10436.903782
922.485202,3034.844362,0.000000,9770.718434
922.485527,2220.617826,1762.019645,11621.233289
922.485852,962.267725,1608.800546,10807.006753
922.486177,1406.391290,1991.848295,8882.471304
922.486501,6291.750507,1225.752797,8216.285956
922.486826,6069.688724,3830.477490,9844.739029
922.487151,5255.462188,2681.334243,10510.924376
922.487476,4367.215058,1149.143247,9548.656652
922.487801,3478.967927,-229.828649,9622.677246
922.488126,-444.123565,229.828649,10066.800811
922.488450,-2960.823768,536.266849,10066.800811
922.488775,-2664.741391,153.219100,10288.862594
922.489100,-1258.350101,-1072.533697,6291.750507
922.489425,-2368.659014,-842.705048,7105.977043
922.489750,-3404.947333,-459.657299,7105.977043
922.490075,-3404.947333,229.828649,7994.224174
922.490399,-2072.576638,-229.828649,7772.162391
922.490724,-2664.741391,-153.219100,9844.739029
922.491049,-4071.132681,-919.314598,9696.697840
922.491374,-3330.926739,919.314598,7402.059420
922.491699,222.061783,919.314598,8512.368333
922.492024,1628.453072,0.000000,9252.574275
922.492348,-592.164754,-919.314598,9696.697840
922.492673,-1332.370696,-766.095498,9770.718434
922.492998,0.000000,-229.828649,9622.677246
922.493323,-1258.350101,-306.438199,12139.377449
922.493648,-2886.803174,-1302.362347,12139.377449
922.493973,-1776.494261,0.000000,10955.047942
922.494298,1850.514855,842.705048,9992.780217
922.494622,3478.967927,1991.848295,10066.800811
922.494947,1332.370696,536.266849,9696.697840
922.495272,-1110.308913,1838.629195,8734.430116
922.495597,-666.185348,1149.143247,8290.306550
922.495922,-1776.494261,459.657299,10140.821405
922.496247,-3627.009116,229.828649,8512.368333
922.496571,-4737.318029,1302.362347,8364.327145
922.496896,-1110.308913,383.047749,7105.977043
922.497221,-814.226536,919.314598,8512.368333
922.497546,-1184.329507,-306.438199,8586.388927
922.497871,-1924.535449,536.266849,8882.471304
922.498196,-1406.391290,306.438199,7550.100608
922.498520,-370.102971,1149.143247,9918.759623
922.498845,296.082377,612.876398,9918.759623
922.499170,-518.144159,1608.800546,8586.388927
922.499495,3552.988522,2145.067394,7402.059420
922.499820,5329.482782,3294.210641,9030.512492
922.500145,4367.215058,2374.896044,8512.368333
922.500469,2886.803174,1532.190996,8290.306550
922.500794,3627.009116,1608.800546,9030.512492
922.501119,2516.700203,2221.676944,10214.842000
922.501444,1406.391290,1455.581446,10955.047942
922.501769,1776.494261,229.828649,10807.006753
922.502094,2960.823768,1455.581446,9474.636058
922.502419,4441.235652,1838.629195,10732.986159
922.502743,3552.988522,306.438199,11029.068536
922.503068,1036.288319,-766.095498,10584.944971
922.503393,814.226536,0.000000,9844.739029
922.503718,444.123565,0.000000,10510.924376
922.504043,-814.226536,-689.485948,9178.553681
922.504368,-2294.638420,536.266849,9400.615463
922.504692,-370.102971,1838.629195,7846.182985
922.505017,444.123565,2145.067394,7846.182985
922.505342,-666.185348,-1225.752797,7105.977043
922.505667,-4515.256246,-919.314598,8290.306550
922.505992,-3478.967927,-459.657299,7698.141797
922.506317,-3701.029710,229.828649,9548.656652
922.506641,-3701.029710,-1608.800546,11029.068536
922.506966,-3552.988522,-459.657299,10288.862594
922.507291,518.144159,612.876398,7402.059420
922.507616,2368.659014,1378.971896,9030.512492
922.507941,2368.659014,-229.828649,9030.512492
922.508266,-444.123565,1072.533697,9178.553681
922.508590,592.164754,1072.533697,7698.141797
922.508915,148.041188,1608.800546,9548.656652
922.509240,-2072.576638,0.000000,10436.903782
922.509565,-2738.761985,-689.485948,10510.924376
922.509890,-962.267725,-1149.143247,9696.697840
922.510215,296.082377,0.000000,12287.418637
922.510539,0.000000,-1149.143247,11177.109724
922.510864,-1776.494261,-306.438199,10436.903782
922.511189,-962.267725,-536.266849,8882.471304
922.511514,-2072.576638,229.828649,10288.862594
922.511839,-2516.700203,383.047749,9696.697840
922.512164,-1702.473667,1608.800546,9400.615463
922.512489,-740.205942,1072.533697,6809.894666
922.512813,1998.556043,1838.629195,6439.791695
922.513138,2590.720797,2604.724693,6883.915261
922.513463,-962.267725,2221.676944,8882.471304
922.513788,-1332.370696,842.705048,9030.512492
922.514113,-814.226536,0.000000,9104.533087
922.514438,-1702.473667,0.000000,8364.327145
922.514762,-814.226536,536.266849,8512.368333
922.515087,1110.308913,1685.410096,8364.327145
922.515412,3404.947333,2604.724693,9326.594869
922.515737,3627.009116,459.657299,9474.636058
922.516062,2146.597232,995.924147,9622.677246
922.516387,3182.885551,1685.410096,8364.327145
922.516711,3182.885551,3677.258390,8808.450710
922.517036,1850.514855,1455.581446,11029.068536
922.517361,1036.288319,1532.190996,11473.192101
922.517686,3701.029710,2451.505594,9030.512492
922.518011,4219.173869,1762.019645,10066.800811
922.518336,2368.659014,-153.219100,9622.677246
922.518660,296.082377,536.266849,11399.171507
922.518985,1110.308913,383.047749,11621.233289
922.519310,0.000000,-229.828649,12139.377449
922.519635,-2886.803174,-2068.457845,10288.862594
922.519960,-2664.741391,383.047749,9696.697840
922.520285,-740.205942,1072.533697,7698.141797
922.520610,0.000000,76.609550,7994.224174
922.520934,-740.205942,-1378.971896,7920.203579
922.521259,-2590.720797,919.314598,8364.327145
922.521584,-1110.308913,1838.629195,6957.935855
922.521909,-2220.617826,383.047749,8142.265362
922.522234,-4071.132681,-919.314598,8068.244768
922.522559,-3849.070898,766.095498,8734.430116
922.522883,1110.308913,1608.800546,8438.347739
922.523208,1776.494261,229.828649,8956.491898
922.523533,666.185348,-1608.800546,8290.306550
922.523858,-666.185348,76.609550,9622.677246
922.524183,0.000000,689.485948,10288.862594
922.524508,-592.164754,-995.924147,9548.656652
922.524832,-1924.535449,-2221.676944,10066.800811
922.525157,-1850.514855,612.876398,10510.924376
922.525482,2072.576638,2451.505594,8660.409521
922.525807,2590.720797,842.705048,10288.862594
922.526132,1184.329507,-1072.533697,10214.842000
922.526457,-1554.432478,919.314598,10510.924376
922.526781,0.000000,1608.800546,10140.821405
922.527106,-1258.350101,0.000000,11621.233289
922.527431,-4293.194464,-2451.505594,10881.027347
922.527756,-5403.503377,0.000000,10658.965565
922.528081,-888.247130,306.438199,8068.244768
922.528406,1406.391290,0.000000,6587.832884
922.528730,148.041188,-536.266849,8216.285956
922.529055,-1406.391290,1915.238745,8586.388927
922.529380,-222.061783,2068.457845,7698.141797
922.529705,518.144159,153.219100,8068.244768
922.530030,-1406.391290,0.000000,9030.512492
922.530355,-1184.329507,2681.334243,7402.059420
922.530680,3552.988522,4443.353888,7402.059420
922.531004,5255.462188,2298.286494,9696.697840
922.531329,2886.803174,536.266849,8586.388927
922.531654,1332.370696,1072.533697,9844.739029
922.531979,3034.844362,1608.800546,9326.594869
922.532304,740.205942,1455.581446,10362.883188
922.532629,-1258.350101,0.000000,10214.842000
922.532953,-444.123565,459.657299,9474.636058
922.533278,2294.638420,1149.143247,7920.203579
922.533603,2516.700203,2068.457845,8364.327145
922.533928,2368.659014,536.266849,9474.636058
922.534253,0.000000,689.485948,9474.636058
922.534578,1998.556043,842.705048,9252.574275
922.534902,1332.370696,1072.533697,10584.944971
922.535227,-1924.535449,-229.828649,9992.780217
922.535552,-3256.906145,689.485948,9992.780217
922.535877,1110.308913,842.705048,9918.759623
922.536202,2072.576638,842.705048,9844.739029
922.536527,296.082377,-1378.971896,9992.780217
922.536851,-1258.350101,612.876398,9696.697840
922.537176,-444.123565,2221.676944,9030.512492
922.537501,0.000000,842.705048,10214.842000
922.537826,-444.123565,-689.485948,10584.944971
922.538151,-1554.432478,919.314598,9104.533087
922.538476,3627.009116,3447.429741,8364.327145
922.538800,5329.482782,2145.067394,9252.574275
922.539125,296.082377,-306.438199,8586.388927
922.539450,-2368.659014,0.000000,8068.244768
922.539775,-370.102971,1685.410096,9030.512492
922.540100,-1924.535449,-536.266849,9548.656652
922.540425,-5551.544565,-1762.019645,9252.574275
922.540750,-7550.100608,-1762.019645,8142.265362
922.541074,-2516.700203,306.438199,5847.626942
922.541399,74.020594,0.000000,8142.265362
922.541724,-2368.659014,-995.924147,8438.347739
922.542049,-2146.597232,612.876398,9326.594869
922.542374,0.000000,1762.019645,10214.842000
922.542699,666.185348,1378.971896,10288.862594
922.543023,-1258.350101,-612.876398,11399.171507
922.543348,-962.267725,766.095498,9622.677246
922.543673,2294.638420,2528.115143,9030.512492
922.543998,4663.297435,1608.800546,9918.759623
922.544323,3034.844362,-995.924147,8586.388927
922.544648,0.000000,459.657299,9992.780217
922.544972,1184.329507,1225.752797,9030.512492
922.545297,962.267725,842.705048,10436.903782
922.545622,-1702.473667,-1915.238745,10214.842000
922.545947,-2368.659014,1149.143247,10436.903782
922.546272,296.082377,2298.286494,8290.306550
922.546597,1924.535449,919.314598,7179.997637
922.546921,1184.329507,-1838.629195,8364.327145
922.547246,-1924.535449,919.314598,8808.450710
922.547571,0.000000,2145.067394,8734.430116
922.547896,0.000000,153.219100,9918.759623
922.548221,-1702.473667,-2068.457845,8660.409521
922.548546,-1850.514855,536.266849,9622.677246
922.548871,2072.576638,2604.724693,8216.285956
922.549195,3478.967927,1838.629195,9252.574275
922.549520,4145.153275,-1455.581446,9474.636058
922.549845,2442.679609,995.924147,10584.944971
922.550170,1776.494261,2145.067394,9622.677246
922.550495,2960.823768,1455.581446,9400.615463
922.550820,1702.473667,-689.485948,10955.047942
922.551144,-1332.370696,612.876398,10584.944971
922.551469,1406.391290,1915.238745,8364.327145
922.551794,3182.885551,1149.143247,8660.409521
922.552119,1406.391290,153.219100,9474.636058
922.552444,-1628.453072,536.266849,9622.677246
922.552769,-1998.556043,1149.143247,7994.224174
922.553093,-1924.535449,153.219100,9104.533087
922.553418,-5107.421000,-1378.971896,9696.697840
922.553743,-4367.215058,689.485948,8808.450710
922.554068,222.061783,2911.162892,8438.347739
922.554393,370.102971,842.705048,10140.821405
922.554718,296.082377,-689.485948,8586.388927
922.555042,-1480.411884,536.266849,10436.903782
922.555367,-740.205942,1225.752797,10362.883188
922.555692,-1258.350101,536.266849,8068.244768
922.556017,-2664.741391,-1991.848295,11103.089130
922.556342,-2146.597232,919.314598,9104.533087
922.556667,-740.205942,3294.210641,8734.430116
922.556991,0.000000,-383.047749,7920.203579
922.557316,-1184.329507,-1302.362347,7772.162391
922.557641,-1628.453072,1455.581446,9030.512492
922.557966,0.000000,2911.162892,7920.203579
922.558291,-444.123565,-612.876398,8808.450710
922.558616,-1998.556043,-995.924147,9844.739029
922.558941,-1110.308913,2987.772442,11251.130318
922.559265,1850.514855,2528.115143,8808.450710
922.559590,2590.720797,-1149.143247,8216.285956
922.559915,2146.597232,-919.314598,9548.656652
922.560240,2294.638420,2834.553343,10807.006753
922.560565,2072.576638,919.314598,9400.615463
922.560890,-1036.288319,-1608.800546,9178.553681
922.561214,-1110.308913,-2451.505594,9548.656652
922.561539,222.061783,3064.381992,9770.718434
922.561864,1776.494261,842.705048,9992.780217
922.562189,1036.288319,-1302.362347,9770.718434
922.562514,-296.082377,-1608.800546,9178.553681
922.562839,0.000000,2068.457845,11547.212695
922.563163,1036.288319,1072.533697,7846.182985
922.563488,-2368.659014,-1149.143247,7402.059420
922.563813,-1480.411884,-919.314598,8734.430116
922.564138,-1184.329507,2987.772442,10584.944971
922.564463,370.102971,1685.410096,9030.512492
922.564788,1702.473667,-1608.800546,7624.121203
922.565112,2368.659014,-1608.800546,6513.812290
922.565437,1850.514855,2681.334243,7920.203579
922.565762,3182.885551,2834.553343,10214.842000
922.566087,2220.617826,0.000000,10881.027347
922.566412,222.061783,-919.314598,10214.842000
922.566737,2368.659014,1915.238745,9844.739029
922.567061,4367.215058,3140.991542,9918.759623
922.567386,3182.885551,536.266849,8956.491898
922.567711,1702.473667,-306.438199,10436.903782
922.568036,814.226536,1532.190996,10288.862594
922.568361,222.061783,1991.848295,9770.718434
922.568686,-1850.514855,-306.438199,9474.636058
922.569011,-4219.173869,-1072.533697,9178.553681
922.569335,-5477.523971,1072.533697,9918.759623
922.569660,-2960.823768,383.047749,8882.471304
922.569985,-2442.679609,-689.485948,7402.059420
922.570310,-2960.823768,-1149.143247,7846.182985
922.570635,-2664.741391,2145.067394,8734.430116
922.570960,-1628.453072,1149.143247,8512.368333
922.571284,-2516.700203,-536.266849,9770.718434
922.571609,-3108.864956,-995.924147,10362.883188
922.571934,-3108.864956,2451.505594,9104.533087
922.572259,888.247130,2068.457845,7328.038826
922.572584,3034.844362,153.219100,8142.265362
922.572909,1332.370696,995.924147,9400.615463
922.573233,592.164754,2681.334243,9474.636058
922.573558,2072.576638,1991.848295,9844.739029
922.573883,1110.308913,536.266849,10955.047942
922.574208,-74.020594,995.924147,9918.759623
922.574533,518.144159,2145.067394,8808.450710
922.574858,2220.617826,2451.505594,7624.121203
922.575182,2664.741391,1532.190996,7846.182985
922.575507,666.185348,1225.752797,10140.821405
922.575832,296.082377,919.314598,9178.553681
922.576157,0.000000,76.609550,9992.780217
922.576482,-1850.514855,-1685.410096,10436.903782
922.576807,-3627.009116,-766.095498,9474.636058
922.577131,-2294.638420,-536.266849,9400.615463
922.577456,-74.020594,153.219100,9104.533087
922.577781,592.164754,536.266849,10362.883188
922.578106,-518.144159,-612.876398,9622.677246
922.578431,-518.144159,-229.828649,8882.471304
922.578756,1406.391290,0.000000,8586.388927
922.579081,666.185348,2298.286494,10436.903782
922.579405,-296.082377,689.485948,10658.965565
922.579730,-518.144159,383.047749,8290.306550
922.580055,1184.329507,383.047749,7105.977043
922.580380,2220.617826,919.314598,6883.915261
922.580705,962.267725,919.314598,7994.224174
922.581030,222.061783,-1072.533697,9696.697840
922.581354,1406.391290,-842.705048,8956.491898
922.581679,222.061783,229.828649,11547.212695
922.582004,-888.247130,-766.095498,9474.636058
922.582329,-888.247130,-689.485948,7476.080014
922.582654,1628.453072,689.485948,9770.718434
922.582979,4737.318029,3447.429741,10807.006753
922.583303,3478.967927,1378.971896,11325.150913
922.583628,740.205942,-229.828649,10214.842000
922.583953,1184.329507,459.657299,8808.450710
922.584278,0.000000,3677.258390,10955.047942
922.584603,-2812.782580,1225.752797,10214.842000
922.584928,-3997.112087,-1072.533697,9474.636058
922.585252,-3849.070898,-1685.410096,9474.636058
922.585577,-2368.659014,76.609550,7846.182985
922.585902,-962.267725,-842.705048,8364.327145
922.586227,-1776.494261,-1762.019645,9696.697840
922.586552,-2072.576638,-536.266849,9622.677246
922.586877,0.000000,919.314598,11325.150913
922.587202,2590.720797,153.219100,10288.862594
922.587526,-370.102971,306.438199,8290.306550
922.587851,1258.350101,2528.115143,6883.915261
922.588176,5255.462188,4673.182538,8142.265362
922.588501,6439.791695,1762.019645,7328.038826
922.588826,1184.329507,306.438199,8512.368333
922.589151,-444.123565,1225.752797,7624.121203
922.589475,74.020594,2911.162892,8364.327145
922.589800,-1036.288319,-1072.533697,10881.027347
922.590125,-3256.906145,-1378.971896,10510.924376
922.590450,-1554.432478,689.485948,9400.615463
922.590775,2220.617826,2145.067394,9474.636058
922.591100,1406.391290,0.000000,9252.574275
922.591424,-1628.453072,-919.314598,10140.821405
922.591749,-740.205942,1225.752797,8216.285956
922.592074,592.164754,1915.238745,9400.615463
922.592399,-1480.411884,536.266849,10436.903782
922.592724,-3478.967927,842.705048,9622.677246
922.593049,-518.144159,1532.190996,8882.471304
922.593373,2368.659014,1762.019645,8586.388927
922.593698,1628.453072,459.657299,10807.006753
922.594023,-814.226536,1532.190996,10881.027347
922.594348,-370.102971,2757.943793,10066.800811
922.594673,-74.020594,1302.362347,9474.636058
922.594998,-2294.638420,383.047749,9030.512492
922.595322,-4145.153275,1455.581446,8660.409521
922.595647,-2146.597232,3217.601092,8290.306550
922.595972,592.164754,2374.896044,9178.553681
922.596297,-814.226536,-612.876398,7994.224174
922.596622,-3256.906145,-229.828649,6883.915261
922.596947,-2590.720797,919.314598,7105.977043
922.597272,-1480.411884,1455.581446,7846.182985
922.597596,-2516.700203,-612.876398,9770.718434
922.597921,-3256.906145,-383.047749,9474.636058
922.598246,814.226536,383.047749,8882.471304
922.598571,4071.132681,2068.457845,9474.636058
922.598896,3997.112087,1532.190996,10436.903782
922.599221,2590.720797,1532.190996,12139.377449
922.599545,3034.844362,1838.629195,10807.006753
922.599870,2960.823768,1991.848295,10140.821405
922.600195,2368.659014,842.705048,10214.842000
922.600520,-296.082377,1225.752797,9844.739029
922.600845,0.000000,2451.505594,9844.739029
922.601170,2442.679609,995.924147,8956.491898
922.601495,814.226536,-536.266849,9474.636058
922.601819,-1924.535449,0.000000,9326.594869
922.602144,-2220.617826,1302.362347,8586.388927
922.602469,-5107.421000,-229.828649,9400.615463
922.602794,-5403.503377,-2451.505594,7328.038826
922.603119,-1776.494261,459.657299,8068.244768
922.603444,-1998.556043,2221.676944,10807.006753
922.603769,-2590.720797,1838.629195,8734.430116
922.604094,-1110.308913,-1149.143247,9178.553681
922.604418,-814.226536,0.000000,10658.965565
922.604743,-1406.391290,2451.505594,9622.677246
922.605068,-962.267725,3600.648841,9770.718434
922.605393,370.102971,1685.410096,9326.594869
922.605718,-518.144159,3447.429741,11325.150913
922.606043,-1776.494261,4290.134789,10658.965565
922.606368,-1776.494261,3140.991542,8216.285956
922.606692,814.226536,2451.505594,6661.853478
922.607017,1184.329507,3677.258390,7476.080014
922.607342,-1184.329507,3830.477490,9252.574275
922.607667,-3256.906145,1455.581446,8586.388927
922.607992,-4663.297435,536.266849,8512.368333
922.608317,-4959.379811,1072.533697,9992.780217
922.608642,-6957.935855,2068.457845,10288.862594
922.608967,-6439.791695,1225.752797,10732.986159
922.609291,-3849.070898,2145.067394,9622.677246
922.609616,-2516.700203,3600.648841,9992.780217
922.609941,-1628.453072,2987.772442,8364.327145
922.610266,-1036.288319,4903.011187,6291.750507
922.610591,-740.205942,5209.449386,9030.512492
922.610916,-1036.288319,4903.011187,10436.903782
922.611241,-3108.864956,3140.991542,10658.965565
922.611565,-4885.359217,2145.067394,10066.800811
922.611890,-4885.359217,3140.991542,9104.533087
922.612215,-3627.009116,3524.039291,9548.656652
922.612540,-1184.329507,1608.800546,8956.491898
922.612865,-1332.370696,2528.115143,8142.265362
922.613190,-1332.370696,3370.820191,7105.977043
922.613515,-370.102971,4596.572988,6735.874072
922.613839,-1480.411884,3447.429741,8216.285956
922.614164,-1850.514855,2911.162892,7920.203579
922.614489,-2368.659014,3524.039291,9400.615463
922.614814,-2886.803174,3370.820191,10584.944971
922.615139,-2590.720797,3524.039291,11251.130318
922.615464,-3404.947333,3140.991542,10807.006753
922.615789,-1850.514855,3064.381992,8956.491898
922.616114,740.205942,3753.867940,9252.574275
922.616438,2220.617826,4596.572988,8660.409521
922.616763,740.205942,3600.648841,9474.636058
922.617088,-370.102971,1991.848295,8882.471304
922.617413,-2072.576638,1378.971896,8882.471304
922.617738,-2812.782580,0.000000,8956.491898
922.618063,-2960.823768,612.876398,9548.656652
922.618388,-3701.029710,995.924147,11917.315666
922.618712,-4293.194464,1455.581446,11695.253884
922.619037,-3404.947333,1608.800546,11547.212695
922.619362,-1480.411884,1532.190996,10436.903782
922.619687,-518.144159,4060.306139,7846.182985
922.620012,1776.494261,4060.306139,6661.853478
922.620337,2590.720797,3830.477490,6069.688724
922.620662,814.226536,3447.429741,7402.059420
922.620987,-1850.514855,2068.457845,8808.450710
922.621311,-2664.741391,766.095498,8956.491898
922.621636,-4367.215058,-459.657299,10140.821405
922.621961,-4663.297435,0.000000,11843.295072
922.622286,-5033.400406,1225.752797,13323.706956
922.622611,-4885.359217,1149.143247,11991.336260
922.622936,-2368.659014,1532.190996,10066.800811
922.623261,0.000000,4060.306139,8216.285956
922.623585,1036.288319,5745.716235,6365.771101
922.623910,2072.576638,4903.011187,4737.318029
922.624235,2590.720797,3907.087040,5625.565159
922.624560,-740.205942,3677.258390,8216.285956
922.624885,-4515.256246,1915.238745,8808.450710
922.625210,-5921.647536,-459.657299,9252.574275
922.625535,-7031.956449,-1685.410096,11547.212695
922.625859,-9400.615463,-1149.143247,13989.892304
922.626184,-9104.533087,536.266849,13915.871710
922.626509,-6883.915261,1991.848295,13323.706956
922.626834,-4737.318029,3370.820191,11769.274478
922.627159,-2516.700203,5745.716235,9474.636058
922.627484,1258.350101,7814.174080,6587.832884
922.627809,3627.009116,8273.831378,4145.153275
922.628134,4441.235652,7660.954980,2590.720797
922.628458,4663.297435,6741.640382,2812.782580
922.628783,2368.659014,4826.401637,4737.318029
922.629108,-1036.288319,1302.362347,7105.977043
922.629433,-4515.256246,-995.924147,11325.150913
922.629758,-7550.100608,-1532.190996,13915.871710
922.630083,-8290.306550,-1915.238745,15322.262999
922.630408,-8364.327145,-2221.676944,15174.221811
922.630732,-6513.812290,536.266849,12509.480420
922.631057,-2590.720797,6052.154434,11843.295072
922.631382,0.000000,8044.002729,11399.171507
922.631707,-296.082377,8810.098227,8142.265362
922.632032,1406.391290,9576.193725,5477.523971
922.632357,3627.009116,10725.336972,3849.070898
922.632682,2960.823768,8733.488677,2368.659014
922.633007,1332.370696,4979.620737,3330.926739
922.633331,740.205942,1608.800546,4071.132681
922.633656,-1406.391290,-1072.533697,7179.997637
922.633981,-3849.070898,-3983.696590,10807.006753
922.634306,-6883.915261,-5745.716235,13249.686362
922.634631,-8586.388927,-6128.763984,15248.242405
922.634956,-7550.100608,-4826.401637,17690.922014
922.635281,-4811.338623,-1302.362347,17542.880825
922.635605,-2368.659014,2987.772442,14434.015869
922.635930,962.267725,6818.249932,11843.295072
922.636255,2960.823768,10035.851024,8586.388927
922.636580,4145.153275,11721.261119,6143.709319
922.636905,3997.112087,12180.918418,3997.112087
922.637230,3330.926739,10648.727422,2812.782580
922.637555,592.164754,6588.421283,3404.947333
922.637879,-3108.864956,3983.696590,4441.235652
922.638204,-6365.771101,0.000000,6217.729913
922.638529,-7624.121203,-4060.306139,8586.388927
922.638854,-8586.388927,-6128.763984,9474.636058
922.639179,-7698.141797,-6894.859482,10436.903782
922.639504,-6365.771101,-6741.640382,10955.047942
922.639829,-5033.400406,-5056.230287,10881.027347
922.640154,-1776.494261,-1991.848295,10881.027347
922.640478,1998.556043,1455.581446,11769.274478
922.640803,2072.576638,4060.306139,11843.295072
922.641128,1702.473667,6205.373534,11325.150913
922.641453,2294.638420,7431.126331,11991.336260
922.641778,1110.308913,8733.488677,11695.253884
922.642103,0.000000,8120.612279,11843.295072
922.642428,666.185348,6894.859482,11621.233289
922.642752,-1406.391290,6052.154434,10881.027347
922.643077,-4071.132681,3294.210641,9474.636058
922.643402,-4219.173869,919.314598,8068.244768
922.643727,-4293.194464,-536.266849,7846.182985
922.644052,-4737.318029,-995.924147,6587.832884
922.644377,-3256.906145,-2068.457845,5995.668130
922.644702,-4219.173869,-2221.676944,5699.585753
922.645026,-5329.482782,-1608.800546,6735.874072
922.645351,-4293.194464,459.657299,8364.327145
922.645676,-3182.885551,2451.505594,9474.636058
922.646001,-3997.112087,3753.867940,10584.944971
922.646326,-2294.638420,5132.839837,10436.903782
922.646651,0.000000,7660.954980,10214.842000
922.646976,-148.041188,8886.707777,10288.862594
922.647301,296.082377,8350.440928,8438.347739
922.647625,1406.391290,8273.831378,7698.141797
922.647950,1036.288319,6971.469032,6661.853478
922.648275,222.061783,4519.963438,6365.771101
922.648600,0.000000,2374.896044,6365.771101
922.648925,-1554.432478,-306.438199,6365.771101
922.649250,-1998.556043,-1455.581446,6809.894666
922.649575,-592.164754,-2834.553343,9178.553681
922.649899,-1850.514855,-3140.991542,10807.006753
922.650224,-3552.988522,-2681.334243,12509.480420
922.650549,-2220.617826,-2221.676944,14137.933492
922.650874,-666.185348,0.000000,16358.551318
922.651199,-1110.308913,2221.676944,15692.365970
922.651524,-1332.370696,4826.401637,14508.036463
922.651849,-222.061783,5975.544884,13175.665768
922.652174,296.082377,7431.126331,11325.150913
922.652498,296.082377,8273.831378,9770.718434
922.652823,-222.061783,7890.783629,7550.100608
922.653148,-1998.556043,6971.469032,5921.647536
922.653473,-3256.906145,4136.915689,5329.482782
922.653798,-3997.112087,2834.553343,4885.359217
922.654123,-6513.812290,919.314598,5181.441594
922.654448,-8586.388927,-229.828649,5181.441594
922.654772,-8068.244768,-1149.143247,6365.771101
922.655097,-7772.162391,-1532.190996,7476.080014
922.655422,-8216.285956,-1225.752797,7846.182985
922.655747,-6143.709319,153.219100,8734.430116
922.656072,-4589.276840,2221.676944,7994.224174
922.656397,-518.144159,3524.039291,8364.327145
922.656722,2516.700203,5975.544884,8882.471304
922.657046,3256.906145,6435.202183,8808.450710
922.657371,3034.844362,6128.763984,8512.368333
922.657696,3404.947333,4979.620737,9992.780217
922.658021,1850.514855,3370.820191,11325.150913
922.658346,1036.288319,1685.410096,11621.233289
