#time,accel_x,accel_y,accel_z
20683.319064,296.082377,0.000000,8956.491898
20683.319387,592.164754,76.609550,8882.471304
20683.319711,296.082377,-536.266849,9178.553681
20683.320034,-592.164754,-766.095498,9030.512492
20683.320357,-1184.329507,-536.266849,8808.450710
20683.320680,-444.123565,-689.485948,9104.533087
20683.321004,-592.164754,-919.314598,8956.491898
20683.321327,-1036.288319,-612.876398,8660.409521
20683.321650,-814.226536,-306.438199,8956.491898
20683.321974,-296.082377,-612.876398,8956.491898
20683.322297,-444.123565,-153.219100,9178.553681
20683.322620,-666.185348,-306.438199,9030.512492
20683.322944,-814.226536,-383.047749,8956.491898
20683.323267,-1184.329507,-153.219100,9252.574275
20683.323590,-74.020594,-536.266849,9400.615463
20683.323913,-518.144159,-1302.362347,9104.533087
20683.324237,-1480.411884,-842.705048,8808.450710
20683.324560,-740.205942,-919.314598,9474.636058
20683.324883,0.000000,-995.924147,9252.574275
20683.325207,222.061783,-536.266849,9252.574275
20683.325530,74.020594,0.000000,8956.491898
20683.325853,666.185348,76.609550,9104.533087
20683.326177,1554.432478,0.000000,9696.697840
20683.326500,740.205942,153.219100,8882.471304
20683.326823,888.247130,0.000000,9178.553681
20683.327147,222.061783,-306.438199,9400.615463
20683.327470,0.000000,-459.657299,9622.677246
20683.327793,0.000000,-612.876398,8808.450710
20683.328116,-962.267725,-766.095498,8512.368333
20683.328440,-370.102971,-1455.581446,9326.594869
20683.328763,-740.205942,-383.047749,9326.594869
20683.329086,-1036.288319,0.000000,9326.594869
20683.329410,-370.102971,-306.438199,9178.553681
20683.329733,-370.102971,0.000000,9104.533087
20683.330056,370.102971,383.047749,9252.574275
20683.330380,518.144159,689.485948,9548.656652
20683.330703,888.247130,689.485948,9030.512492
20683.331026,740.205942,995.924147,9252.574275
20683.331349,1776.494261,689.485948,9252.574275
20683.331673,1776.494261,842.705048,9326.594869
20683.331996,1480.411884,766.095498,9252.574275
20683.332319,1628.453072,995.924147,9474.636058
20683.332643,2886.803174,995.924147,9844.739029
20683.332966,3034.844362,1532.190996,9474.636058
20683.333289,3256.906145,1685.410096,9474.636058
20683.333613,3849.070898,1915.238745,9400.615463
20683.333936,4515.256246,2298.286494,9400.615463
20683.334259,4959.379811,2757.943793,9178.553681
20683.334583,5181.441594,3140.991542,9400.615463
20683.334906,4885.359217,3217.601092,9104.533087
20683.335229,4663.297435,3294.210641,8660.409521
20683.335552,4589.276840,3370.820191,8438.347739
20683.335876,4515.256246,3370.820191,8660.409521
20683.336199,2812.782580,3217.601092,8512.368333
20683.336522,2664.741391,3064.381992,8512.368333
20683.336846,2960.823768,2911.162892,8364.327145
20683.337169,2442.679609,3447.429741,8290.306550
20683.337492,1998.556043,3524.039291,8364.327145
20683.337816,1702.473667,3447.429741,8216.285956
20683.338139,2294.638420,3753.867940,8586.388927
20683.338462,1924.535449,3907.087040,8438.347739
20683.338785,1036.288319,3524.039291,8364.327145
20683.339109,0.000000,3064.381992,8512.368333
20683.339432,-222.061783,1991.848295,8438.347739
20683.339755,-370.102971,2221.676944,8586.388927
20683.340079,-1554.432478,1532.190996,8512.368333
20683.340402,-2442.679609,1072.533697,8734.430116
20683.340725,-2368.659014,536.266849,8586.388927
20683.341049,-2368.659014,153.219100,8290.306550
20683.341372,-1554.432478,766.095498,8660.409521
20683.341695,-1480.411884,995.924147,8734.430116
20683.342019,-518.144159,919.314598,7920.203579
20683.342342,0.000000,383.047749,8364.327145
20683.342665,0.000000,383.047749,8956.491898
20683.342988,-296.082377,-306.438199,9400.615463
20683.343312,-370.102971,-1378.971896,10066.800811
20683.343635,0.000000,-1991.848295,10807.006753
20683.343958,-370.102971,-2757.943793,11399.171507
20683.344282,-740.205942,-3370.820191,11473.192101
20683.344605,370.102971,-3600.648841,11251.130318
20683.344928,1998.556043,-2681.334243,11621.233289
20683.345252,1850.514855,-2528.115143,10955.047942
20683.345575,3404.947333,-1532.190996,10362.883188
20683.345898,4515.256246,-383.047749,9474.636058
20683.346221,5995.668130,153.219100,8882.471304
20683.346545,6143.709319,612.876398,7846.182985
20683.346868,6513.812290,1378.971896,7476.080014
20683.347191,6883.915261,2221.676944,7476.080014
20683.347515,6809.894666,1991.848295,7105.977043
20683.347838,6217.729913,2068.457845,8290.306550
20683.348161,4737.318029,1608.800546,8660.409521
20683.348485,4589.276840,995.924147,9992.780217
20683.348808,4663.297435,383.047749,11325.150913
20683.349131,3330.926739,536.266849,12065.356855
20683.349455,1554.432478,306.438199,12361.439231
20683.349778,888.247130,-383.047749,11843.295072
20683.350101,222.061783,-306.438199,11547.212695
20683.350424,518.144159,459.657299,10510.924376
20683.350748,1184.329507,1915.238745,8808.450710
20683.351071,1554.432478,3600.648841,7105.977043
20683.351394,2812.782580,5209.449386,5255.462188
20683.351718,3552.988522,7124.688131,3849.070898
20683.352041,3849.070898,8044.002729,2664.741391
20683.352364,2590.720797,8503.660028,3256.906145
20683.352688,2368.659014,7660.954980,4441.235652
20683.353011,1406.391290,6435.202183,6883.915261
20683.353334,-962.267725,4443.353888,9474.636058
20683.353657,-3330.926739,1608.800546,10955.047942
20683.353981,-4737.318029,-76.609550,12731.542202
20683.354304,-4441.235652,-1915.238745,13619.789333
20683.354627,-3775.050304,-919.314598,14508.036463
20683.354951,-1628.453072,0.000000,14804.118840
20683.355274,592.164754,1149.143247,12435.459826
20683.355597,2960.823768,3064.381992,10214.842000
20683.355921,4219.173869,4979.620737,8364.327145
20683.356244,4219.173869,6205.373534,5329.482782
20683.356567,4885.359217,6358.592633,3923.091493
20683.356891,5033.400406,6128.763984,3330.926739
20683.357214,4367.215058,6281.983084,4515.256246
20683.357537,3330.926739,5592.497135,5255.462188
20683.357860,2368.659014,3753.867940,5551.544565
20683.358184,1480.411884,2068.457845,7179.997637
20683.358507,518.144159,689.485948,8586.388927
20683.358830,-1554.432478,-689.485948,10584.944971
20683.359154,-1850.514855,-2068.457845,12583.501014
20683.359477,-1628.453072,-3600.648841,12213.398043
20683.359800,-370.102971,-4213.525239,12139.377449
20683.360124,518.144159,-3753.867940,12139.377449
20683.360447,1628.453072,-2068.457845,13101.645173
20683.360770,4367.215058,-919.314598,12731.542202
20683.361093,5033.400406,-383.047749,11843.295072
20683.361417,4367.215058,0.000000,11029.068536
20683.361740,4441.235652,0.000000,9474.636058
20683.362063,5255.462188,-995.924147,7846.182985
20683.362387,5477.523971,0.000000,8586.388927
20683.362710,4737.318029,1532.190996,8438.347739
20683.363033,4885.359217,2221.676944,7402.059420
20683.363357,4811.338623,1608.800546,6217.729913
20683.363680,4145.153275,1608.800546,6291.750507
20683.364003,2072.576638,1532.190996,6291.750507
20683.364327,1850.514855,689.485948,7105.977043
20683.364650,2368.659014,383.047749,9252.574275
20683.364973,2072.576638,1225.752797,10658.965565
20683.365296,148.041188,459.657299,11917.315666
20683.365620,-592.164754,-383.047749,12139.377449
20683.365943,-1850.514855,-1302.362347,12361.439231
20683.366266,-1184.329507,-1838.629195,12435.459826
20683.366590,-666.185348,-1685.410096,12213.398043
20683.366913,-666.185348,-153.219100,11325.150913
20683.367236,0.000000,1378.971896,9400.615463
20683.367560,518.144159,3140.991542,6661.853478
20683.367883,1554.432478,3677.258390,3701.029710
20683.368206,2664.741391,6665.030833,1776.494261
20683.368529,3923.091493,7507.735880,2146.597232
20683.368853,4219.173869,8580.269578,3627.009116
20683.369176,3849.070898,8273.831378,5477.523971
20683.369499,2368.659014,6971.469032,7846.182985
20683.369823,-518.144159,4290.134789,9696.697840
20683.370146,-3701.029710,536.266849,11769.274478
20683.370469,-5107.421000,-2221.676944,14582.057057
20683.370793,-5773.606348,-4060.306139,17172.777854
20683.371116,-6069.688724,-4443.353888,18283.086767
20683.371439,-4737.318029,-4826.401637,15766.386565
20683.371763,-2590.720797,-3217.601092,11917.315666
20683.372086,1332.370696,0.000000,8364.327145
20683.372409,6439.791695,5515.887586,7105.977043
20683.372732,9770.718434,8503.660028,4145.153275
20683.373056,11547.212695,10955.165621,1332.370696
20683.373379,11177.109724,10418.898773,370.102971
20683.373702,9696.697840,8963.317327,444.123565
20683.374026,7254.018232,7277.907231,3330.926739
20683.374349,4515.256246,4826.401637,9104.533087
20683.374672,1850.514855,1225.752797,12139.377449
20683.374996,-1406.391290,-2145.067394,14137.933492
20683.375319,-3478.967927,-4826.401637,14804.118840
20683.375642,-2812.782580,-6205.373534,14952.160028
20683.375965,-1480.411884,-4213.525239,15026.180623
20683.376289,740.205942,-2221.676944,13619.789333
20683.376612,3552.988522,229.828649,11029.068536
20683.376935,4811.338623,2298.286494,8216.285956
20683.377259,5995.668130,3447.429741,6069.688724
20683.377582,5847.626942,4903.011187,5551.544565
20683.377905,5995.668130,4903.011187,5477.523971
20683.378229,6365.771101,5056.230287,6143.709319
20683.378552,6957.935855,3830.477490,6809.894666
20683.378875,5033.400406,3753.867940,7772.162391
20683.379198,2886.803174,2681.334243,8808.450710
20683.379522,2294.638420,1302.362347,10214.842000
20683.379845,1406.391290,153.219100,10288.862594
20683.380168,0.000000,-1915.238745,11251.130318
20683.380492,-1554.432478,-1762.019645,11843.295072
20683.380815,-3552.988522,-1915.238745,12139.377449
20683.381138,-4663.297435,-2604.724693,11177.109724
20683.381462,-3478.967927,-3064.381992,9252.574275
20683.381785,-666.185348,-919.314598,8956.491898
20683.382108,1110.308913,2451.505594,10584.944971
20683.382432,888.247130,3907.087040,9030.512492
20683.382755,1258.350101,3524.039291,5551.544565
20683.383078,2220.617826,2528.115143,3552.988522
20683.383401,2368.659014,2987.772442,5477.523971
20683.383725,2664.741391,3983.696590,7031.956449
20683.384048,2368.659014,3370.820191,7476.080014
20683.384371,2146.597232,2298.286494,7624.121203
20683.384695,1480.411884,1378.971896,8142.265362
20683.385018,148.041188,306.438199,10436.903782
20683.385341,740.205942,229.828649,13101.645173
20683.385665,962.267725,-536.266849,13027.624579
20683.385988,0.000000,-1455.581446,12583.501014
20683.386311,-1406.391290,-1608.800546,13693.809927
20683.386634,-1776.494261,-842.705048,12583.501014
20683.386958,-296.082377,153.219100,10214.842000
20683.387281,1258.350101,306.438199,8734.430116
20683.387604,814.226536,2221.676944,9178.553681
20683.387928,1110.308913,3217.601092,7402.059420
20683.388251,1332.370696,2451.505594,5181.441594
20683.388574,1776.494261,1149.143247,4219.173869
20683.388898,-814.226536,1991.848295,5625.565159
20683.389221,-2146.597232,1838.629195,7550.100608
20683.389544,74.020594,383.047749,7550.100608
20683.389867,2368.659014,0.000000,7550.100608
20683.390191,2146.597232,1302.362347,9992.780217
20683.390514,1998.556043,1915.238745,11843.295072
20683.390837,2294.638420,766.095498,10214.842000
20683.391161,4367.215058,153.219100,10288.862594
20683.391484,4737.318029,995.924147,10955.047942
20683.391807,2886.803174,766.095498,10732.986159
20683.392131,2442.679609,612.876398,10140.821405
20683.392454,4367.215058,766.095498,9992.780217
20683.392777,5107.421000,2221.676944,10807.006753
20683.393100,3923.091493,2298.286494,9918.759623
20683.393424,3034.844362,1225.752797,8142.265362
20683.393747,2294.638420,1149.143247,7846.182985
20683.394070,0.000000,995.924147,7254.018232
20683.394394,814.226536,842.705048,6957.935855
20683.394717,1776.494261,536.266849,6513.812290
20683.395040,888.247130,1455.581446,7920.203579
20683.395364,-1110.308913,1838.629195,9252.574275
20683.395687,-1480.411884,842.705048,8882.471304
20683.396010,-444.123565,-919.314598,9400.615463
20683.396333,0.000000,-2528.115143,9844.739029
20683.396657,-2738.761985,-1991.848295,9770.718434
20683.396980,-5107.421000,-2911.162892,10732.986159
20683.397303,-3256.906145,-2681.334243,11029.068536
20683.397627,-2664.741391,-459.657299,12361.439231
20683.397950,-3404.947333,-1378.971896,10807.006753
20683.398273,-3701.029710,-2145.067394,9178.553681
20683.398597,-222.061783,-2681.334243,5551.544565
20683.398920,0.000000,-766.095498,8512.368333
20683.399243,-666.185348,229.828649,8586.388927
20683.399566,518.144159,1915.238745,6439.791695
20683.399890,3256.906145,842.705048,6587.832884
20683.400213,1406.391290,1685.410096,8512.368333
20683.400536,-444.123565,1149.143247,8216.285956
20683.400860,0.000000,-689.485948,8586.388927
20683.401183,148.041188,-2757.943793,11621.233289
20683.401506,-2516.700203,-1762.019645,12583.501014
20683.401830,-4441.235652,-3677.258390,10881.027347
20683.402153,-2294.638420,-5286.058936,9992.780217
20683.402476,-1554.432478,-3294.210641,12361.439231
20683.402799,-3849.070898,-1225.752797,13915.871710
20683.403123,-4219.173869,-2757.943793,9178.553681
20683.403446,-2146.597232,-3983.696590,6439.791695
20683.403769,-518.144159,-2681.334243,7846.182985
20683.404093,-1850.514855,-842.705048,7105.977043
20683.404416,-1628.453072,0.000000,6291.750507
20683.404739,1036.288319,536.266849,7105.977043
20683.405063,740.205942,1838.629195,7994.224174
20683.405386,-962.267725,383.047749,6587.832884
20683.405709,-1480.411884,-2451.505594,5773.606348
20683.406032,-666.185348,-2221.676944,9326.594869
20683.406356,0.000000,-153.219100,12583.501014
20683.406679,-296.082377,-2221.676944,10436.903782
20683.407002,1258.350101,-2911.162892,11029.068536
20683.407326,2812.782580,-1072.533697,11695.253884
20683.407649,2590.720797,842.705048,13175.665768
20683.407972,4441.235652,-383.047749,11177.109724
20683.408296,5107.421000,0.000000,9400.615463
20683.408619,4145.153275,1149.143247,9474.636058
20683.408942,1480.411884,1685.410096,6883.915261
20683.409265,3034.844362,536.266849,4737.318029
20683.409589,5921.647536,2451.505594,7402.059420
20683.409912,3478.967927,5132.839837,11547.212695
20683.410235,1036.288319,2987.772442,8808.450710
20683.410559,74.020594,-306.438199,5773.606348
20683.410882,-296.082377,-1608.800546,7105.977043
20683.411205,-3923.091493,-229.828649,10214.842000
20683.411529,-5329.482782,-1838.629195,10140.821405
20683.411852,-2294.638420,-3447.429741,8364.327145
20683.412175,-1406.391290,-2374.896044,9400.615463
20683.412499,-5033.400406,306.438199,11991.336260
20683.412822,-5995.668130,-1302.362347,10214.842000
20683.413145,-2072.576638,-1685.410096,8734.430116
20683.413468,370.102971,-1149.143247,9918.759623
20683.413792,-2294.638420,383.047749,9474.636058
20683.414115,-1406.391290,995.924147,7105.977043
20683.414438,2220.617826,1302.362347,7179.997637
20683.414762,2220.617826,3753.867940,9844.739029
20683.415085,222.061783,3907.087040,8512.368333
20683.415408,592.164754,1302.362347,6883.915261
20683.415732,2072.576638,-612.876398,7550.100608
20683.416055,0.000000,766.095498,11103.089130
20683.416378,-3404.947333,0.000000,10584.944971
20683.416701,-2368.659014,-2834.553343,7476.080014
20683.417025,74.020594,-2221.676944,9622.677246
20683.417348,-1850.514855,-229.828649,10955.047942
20683.417671,-3552.988522,0.000000,10955.047942
20683.417995,-1628.453072,-2528.115143,7994.224174
20683.418318,0.000000,-2374.896044,8512.368333
20683.418641,-2146.597232,-1072.533697,9178.553681
20683.418965,-3108.864956,-1455.581446,8068.244768
20683.419288,-222.061783,-2221.676944,6883.915261
20683.419611,-296.082377,-1838.629195,8956.491898
20683.419934,-3923.091493,-1072.533697,9474.636058
20683.420258,-4737.318029,-3524.039291,7031.956449
20683.420581,-1258.350101,-4290.134789,6957.935855
20683.420904,-592.164754,-3600.648841,8882.471304
20683.421228,-2590.720797,-3217.601092,10362.883188
20683.421551,-962.267725,-3600.648841,9918.759623
20683.421874,1554.432478,-1991.848295,9918.759623
20683.422198,1554.432478,-459.657299,12065.356855
20683.422521,1406.391290,-1685.410096,9474.636058
20683.422844,2886.803174,-2068.457845,9252.574275
20683.423167,4737.318029,-1915.238745,12657.521608
20683.423491,4367.215058,0.000000,12509.480420
20683.423814,3627.009116,-689.485948,9178.553681
20683.424137,4737.318029,-1991.848295,8586.388927
20683.424461,4441.235652,689.485948,10658.965565
20683.424784,3478.967927,1378.971896,11917.315666
20683.425107,4367.215058,-1072.533697,9178.553681
20683.425431,4145.153275,-766.095498,7994.224174
20683.425754,-222.061783,229.828649,9844.739029
20683.426077,-2516.700203,76.609550,7550.100608
20683.426400,-1332.370696,-1378.971896,6069.688724
20683.426724,592.164754,0.000000,7920.203579
20683.427047,-3775.050304,1762.019645,10066.800811
20683.427370,-6143.709319,0.000000,6291.750507
20683.427694,-4959.379811,-2528.115143,6069.688724
20683.428017,-4885.359217,-1991.848295,9104.533087
20683.428340,-6365.771101,153.219100,10140.821405
20683.428664,-5551.544565,-1378.971896,7402.059420
20683.428987,-3552.988522,-1991.848295,8068.244768
20683.429310,-1924.535449,919.314598,11473.192101
20683.429633,-2738.761985,2681.334243,10214.842000
20683.429957,296.082377,995.924147,7772.162391
20683.430280,3108.864956,842.705048,8364.327145
20683.430603,2442.679609,3294.210641,9770.718434
20683.430927,2072.576638,3753.867940,8660.409521
20683.431250,4515.256246,3983.696590,8290.306550
20683.431573,5477.523971,3524.039291,8956.491898
20683.431897,2738.761985,4673.182538,11029.068536
20683.432220,74.020594,2068.457845,9474.636058
20683.432543,518.144159,-383.047749,6439.791695
20683.432866,148.041188,229.828649,10436.903782
20683.433190,-3404.947333,919.314598,11843.295072
20683.433513,-5625.565159,-1225.752797,8142.265362
20683.433836,-3849.070898,-3064.381992,6883.915261
20683.434160,-3775.050304,-1225.752797,8734.430116
20683.434483,-6957.935855,-229.828649,9474.636058
20683.434806,-6365.771101,-2298.286494,7698.141797
20683.435130,-2738.761985,-3217.601092,6587.832884
20683.435453,-3552.988522,-2451.505594,8438.347739
20683.435776,-4293.194464,-2221.676944,7772.162391
20683.436099,-1850.514855,-3370.820191,5403.503377
20683.436423,1110.308913,-2298.286494,7920.203579
20683.436746,592.164754,-153.219100,12583.501014
20683.437069,592.164754,-1302.362347,10732.986159
20683.437393,2516.700203,-3140.991542,9992.780217
20683.437716,3849.070898,-3370.820191,11695.253884
20683.438039,2072.576638,-2374.896044,12287.418637
20683.438363,3404.947333,-3447.429741,11177.109724
20683.438686,6069.688724,-2681.334243,11843.295072
20683.439009,7328.038826,153.219100,12953.603985
20683.439332,3775.050304,-459.657299,10658.965565
20683.439656,2220.617826,-2374.896044,8068.244768
20683.439979,3849.070898,-2528.115143,8586.388927
20683.440302,3256.906145,-306.438199,10362.883188
20683.440626,666.185348,-919.314598,8512.368333
20683.440949,222.061783,-2681.334243,7328.038826
20683.441272,222.061783,-1685.410096,8364.327145
20683.441596,-1702.473667,536.266849,8956.491898
20683.441919,-3256.906145,-1915.238745,7031.956449
20683.442242,-3256.906145,-3064.381992,6661.853478
20683.442566,-2516.700203,-2145.067394,9030.512492
20683.442889,-3923.091493,-842.705048,10584.944971
20683.443212,-5033.400406,-1532.190996,9252.574275
20683.443535,-3552.988522,-2145.067394,7254.018232
20683.443859,-1776.494261,1149.143247,9548.656652
20683.444182,-2516.700203,842.705048,9030.512492
20683.444505,-2960.823768,76.609550,8438.347739
20683.444829,-296.082377,306.438199,9400.615463
20683.445152,888.247130,2528.115143,9252.574275
20683.445475,0.000000,2911.162892,9178.553681
20683.445799,1406.391290,2221.676944,7105.977043
20683.446122,2960.823768,3677.258390,8438.347739
20683.446445,2886.803174,3907.087040,11325.150913
20683.446768,1924.535449,3830.477490,9474.636058
20683.447092,740.205942,1608.800546,9474.636058
20683.447415,0.000000,1149.143247,9770.718434
20683.447738,-1110.308913,1378.971896,9992.780217
20683.448062,-1850.514855,-229.828649,9104.533087
20683.448385,-2294.638420,-1685.410096,7994.224174
20683.448708,-3256.906145,919.314598,9252.574275
20683.449032,-4071.132681,842.705048,9696.697840
20683.449355,-4367.215058,-1302.362347,6957.935855
20683.449678,-3701.029710,-2451.505594,5403.503377
20683.450001,-3478.967927,-1302.362347,7254.018232
20683.450325,-4737.318029,-536.266849,8586.388927
20683.450648,-3478.967927,-1838.629195,6587.832884
20683.450971,-370.102971,-612.876398,7254.018232
20683.451295,-222.061783,-153.219100,10584.944971
20683.451618,-1702.473667,-1149.143247,9770.718434
20683.451941,296.082377,-2987.772442,8216.285956
20683.452265,2812.782580,-3064.381992,10066.800811
20683.452588,2220.617826,-612.876398,12879.583391
20683.452911,2146.597232,-1378.971896,11399.171507
20683.453234,5921.647536,-2451.505594,9474.636058
20683.453558,7328.038826,-1455.581446,12065.356855
20683.453881,4885.359217,1149.143247,13693.809927
20683.454204,4219.173869,383.047749,11029.068536
20683.454528,6217.729913,-1991.848295,9696.697840
20683.454851,5773.606348,-1072.533697,9844.739029
20683.455174,2220.617826,-536.266849,9844.739029
20683.455498,962.267725,-1838.629195,7994.224174
20683.455821,1850.514855,-1378.971896,7624.121203
20683.456144,1110.308913,536.266849,10288.862594
20683.456467,-2294.638420,-383.047749,8142.265362
20683.456791,-5477.523971,-2681.334243,5995.668130
20683.457114,-5477.523971,-3677.258390,6809.894666
20683.457437,-3404.947333,-2757.943793,6513.812290
20683.457761,-5107.421000,-2834.553343,6735.874072
20683.458084,-4811.338623,-2528.115143,7920.203579
20683.458407,-2368.659014,-229.828649,9770.718434
20683.458731,-2738.761985,306.438199,9474.636058
20683.459054,-3627.009116,-1685.410096,8734.430116
20683.459377,-1998.556043,-1532.190996,9326.594869
20683.459700,222.061783,-459.657299,10584.944971
20683.460024,740.205942,383.047749,10510.924376
20683.460347,1258.350101,0.000000,8956.491898
20683.460670,3404.947333,2298.286494,8808.450710
20683.460994,1924.535449,3983.696590,11029.068536
20683.461317,1406.391290,2987.772442,9622.677246
20683.461640,2886.803174,1455.581446,7031.956449
20683.461964,1998.556043,1149.143247,8734.430116
20683.462287,222.061783,2757.943793,11621.233289
20683.462610,-1776.494261,2681.334243,9252.574275
20683.462933,-1554.432478,0.000000,7105.977043
20683.463257,-518.144159,229.828649,9696.697840
20683.463580,-3478.967927,1685.410096,12139.377449
20683.463903,-5551.544565,0.000000,8586.388927
20683.464227,-5477.523971,-1838.629195,7402.059420
20683.464550,-4293.194464,-2911.162892,7105.977043
20683.464873,-5477.523971,-229.828649,7031.956449
20683.465197,-4811.338623,-1455.581446,6365.771101
20683.465520,-2516.700203,-995.924147,6365.771101
20683.465843,-2368.659014,1378.971896,9252.574275
20683.466166,-2146.597232,1762.019645,8438.347739
20683.466490,0.000000,-766.095498,6809.894666
20683.466813,1480.411884,-2681.334243,7179.997637
20683.467136,1702.473667,-229.828649,9992.780217
20683.467460,1110.308913,0.000000,8808.450710
20683.467783,3478.967927,-1072.533697,8734.430116
20683.468106,6661.853478,0.000000,11399.171507
20683.468430,4885.359217,1455.581446,12953.603985
20683.468753,4071.132681,-612.876398,11399.171507
20683.469076,4737.318029,-1915.238745,11103.089130
20683.469399,5773.606348,-919.314598,12139.377449
20683.469723,2516.700203,-459.657299,11991.336260
20683.470046,1776.494261,-2451.505594,9104.533087
20683.470369,3701.029710,-2221.676944,9474.636058
20683.470693,2072.576638,-229.828649,11991.336260
20683.471016,-1406.391290,-153.219100,10584.944971
20683.471339,-1110.308913,-2451.505594,7105.977043
20683.471663,-518.144159,-2757.943793,5921.647536
20683.471986,-3108.864956,-1072.533697,8364.327145
20683.472309,-4219.173869,-2604.724693,7624.121203
20683.472632,-3997.112087,-3217.601092,5847.626942
20683.472956,-3182.885551,-2374.896044,8956.491898
20683.473279,-4589.276840,-689.485948,9770.718434
20683.473602,-4737.318029,-2068.457845,7846.182985
20683.473926,-3404.947333,-3753.867940,8438.347739
20683.474249,-2146.597232,-1991.848295,10362.883188
20683.474572,-296.082377,76.609550,9992.780217
20683.474896,888.247130,-612.876398,8142.265362
20683.475219,2368.659014,0.000000,7846.182985
20683.475542,3330.926739,3294.210641,10584.944971
20683.475866,2812.782580,4443.353888,10066.800811
20683.476189,3108.864956,2451.505594,8290.306550
20683.476512,3627.009116,842.705048,8216.285956
20683.476835,1110.308913,2298.286494,9548.656652
20683.477159,-962.267725,919.314598,9178.553681
20683.477482,0.000000,-1149.143247,7550.100608
20683.477805,296.082377,-153.219100,8660.409521
20683.478129,-3701.029710,1532.190996,11917.315666
20683.478452,-4441.235652,842.705048,10732.986159
20683.478775,-2442.679609,-1225.752797,8734.430116
20683.479098,-3034.844362,-2604.724693,8290.306550
20683.479422,-5625.565159,-2298.286494,9252.574275
20683.479745,-5477.523971,-2298.286494,7846.182985
20683.480068,-1924.535449,-1455.581446,8882.471304
20683.480391,-518.144159,153.219100,10436.903782
20683.480715,-2368.659014,229.828649,9104.533087
20683.481038,-2960.823768,-1225.752797,7476.080014
20683.481361,296.082377,-1838.629195,7550.100608
20683.481684,1110.308913,0.000000,10288.862594
20683.482008,592.164754,612.876398,9252.574275
20683.482331,296.082377,-229.828649,6661.853478
20683.482654,3552.988522,0.000000,7328.038826
20683.482977,2960.823768,1991.848295,9548.656652
20683.483301,1628.453072,1915.238745,10214.842000
20683.483624,2886.803174,0.000000,8956.491898
20683.483947,4959.379811,-689.485948,9918.759623
20683.484270,2368.659014,306.438199,12213.398043
20683.484594,888.247130,-1532.190996,10288.862594
20683.484917,740.205942,-1762.019645,10066.800811
20683.485240,962.267725,-842.705048,10584.944971
20683.485563,1406.391290,76.609550,9252.574275
20683.485887,148.041188,-306.438199,9104.533087
20683.486210,1702.473667,-2298.286494,8438.347739
20683.486533,1702.473667,-383.047749,9918.759623
20683.486856,-444.123565,-153.219100,8142.265362
20683.487180,-1554.432478,-229.828649,8068.244768
20683.487503,-1110.308913,-459.657299,7772.162391
20683.487826,-888.247130,-689.485948,7402.059420
20683.488149,-3256.906145,-1762.019645,7550.100608
20683.488473,-5255.462188,-2834.553343,7698.141797
20683.488796,-4293.194464,-2374.896044,9104.533087
20683.489119,-3923.091493,-2374.896044,10140.821405
20683.489442,-3330.926739,-3217.601092,9178.553681
20683.489766,-1924.535449,-2298.286494,9770.718434
20683.490089,-1332.370696,-995.924147,11621.233289
20683.490412,-444.123565,459.657299,11843.295072
20683.490735,1924.535449,306.438199,9104.533087
20683.491059,3849.070898,-153.219100,7402.059420
20683.491382,3775.050304,1838.629195,9400.615463
20683.491705,1480.411884,2604.724693,10436.903782
20683.492028,4219.173869,1991.848295,7772.162391
20683.492352,4737.318029,1608.800546,8438.347739
20683.492675,1332.370696,2145.067394,10436.903782
20683.492998,-1332.370696,1838.629195,9400.615463
20683.493321,-740.205942,-612.876398,7772.162391
20683.493645,-1184.329507,-2451.505594,9104.533087
20683.493968,-5403.503377,-612.876398,10436.903782
20683.494291,-5699.585753,-1838.629195,6661.853478
20683.494614,-2516.700203,-2911.162892,7254.018232
20683.494938,-1480.411884,-1378.971896,9474.636058
20683.495261,-3404.947333,1915.238745,10288.862594
20683.495584,-4589.276840,0.000000,7402.059420
20683.495907,-3627.009116,-2374.896044,6365.771101
20683.496231,-2590.720797,-1532.190996,8512.368333
20683.496554,-3108.864956,-1532.190996,8734.430116
20683.496877,-1850.514855,-3294.210641,8438.347739
20683.497200,-148.041188,-2298.286494,10066.800811
20683.497524,148.041188,306.438199,11251.130318
20683.497847,1554.432478,306.438199,8734.430116
20683.498170,2294.638420,-1149.143247,8660.409521
20683.498493,4367.215058,229.828649,10881.027347
20683.498817,3701.029710,1225.752797,11621.233289
20683.499140,4885.359217,-1149.143247,8586.388927
20683.499463,5995.668130,-153.219100,9622.677246
20683.499786,4589.276840,2221.676944,12065.356855
20683.500110,1702.473667,3064.381992,10732.986159
20683.500433,2146.597232,-995.924147,8364.327145
20683.500756,2886.803174,-1991.848295,9030.512492
20683.501080,-666.185348,-383.047749,11991.336260
20683.501403,-3330.926739,-1532.190996,8734.430116
20683.501726,-1850.514855,-3677.258390,6291.750507
20683.502049,-148.041188,-2451.505594,7550.100608
20683.502373,-2664.741391,1378.971896,10510.924376
20683.502696,-2812.782580,1302.362347,8956.491898
20683.503019,-666.185348,-1072.533697,6513.812290
20683.503342,-962.267725,-1915.238745,7031.956449
20683.503666,-3108.864956,-919.314598,8882.471304
20683.503989,-3404.947333,-2068.457845,7254.018232
20683.504312,-2072.576638,-2298.286494,7402.059420
20683.504635,-1702.473667,-689.485948,9622.677246
20683.504959,-3478.967927,1149.143247,11029.068536
20683.505282,-740.205942,-766.095498,9696.697840
20683.505605,740.205942,-2757.943793,9104.533087
20683.505928,222.061783,-842.705048,9770.718434
20683.506252,-296.082377,459.657299,10214.842000
20683.506575,1998.556043,229.828649,9400.615463
20683.506898,4441.235652,919.314598,8660.409521
20683.507221,3330.926739,2987.772442,10881.027347
20683.507545,370.102971,2145.067394,10214.842000
20683.507868,1110.308913,153.219100,9252.574275
20683.508191,2368.659014,-1225.752797,8142.265362
20683.508514,-1332.370696,-1149.143247,9844.739029
20683.508838,-2886.803174,-1762.019645,9474.636058
20683.509161,-1554.432478,-1225.752797,8882.471304
20683.509484,444.123565,-459.657299,10732.986159
20683.509807,-1110.308913,-153.219100,9992.780217
20683.510131,-4441.235652,-766.095498,7105.977043
20683.510454,-2738.761985,-2374.896044,8068.244768
20683.510777,-1184.329507,-766.095498,8364.327145
20683.511100,-3627.009116,-459.657299,8660.409521
20683.511424,-3478.967927,-2298.286494,6957.935855
20683.511747,-2664.741391,-1608.800546,6365.771101
20683.512070,-1702.473667,-229.828649,8512.368333
20683.512393,-2738.761985,0.000000,10140.821405
20683.512717,-1850.514855,-2451.505594,9474.636058
20683.513040,-444.123565,-1915.238745,9696.697840
20683.513363,-888.247130,-1378.971896,10362.883188
20683.513686,222.061783,-1991.848295,8290.306550
20683.514010,1998.556043,-1455.581446,9104.533087
20683.514333,3478.967927,0.000000,10140.821405
20683.514656,4219.173869,1608.800546,11547.212695
20683.514979,3478.967927,0.000000,9474.636058
20683.515303,3701.029710,-459.657299,10436.903782
20683.515626,4367.215058,1072.533697,11769.274478
20683.515949,2590.720797,0.000000,9992.780217
20683.516272,2368.659014,-2298.286494,8142.265362
20683.516596,3256.906145,-689.485948,9548.656652
20683.516919,1628.453072,2451.505594,11103.089130
20683.517242,-814.226536,1149.143247,8438.347739
20683.517565,-1110.308913,-2221.676944,5477.523971
20683.517889,-1184.329507,-1532.190996,6661.853478
20683.518212,-3182.885551,306.438199,9474.636058
20683.518535,-3108.864956,-536.266849,7846.182985
20683.518858,-1998.556043,-2145.067394,6735.874072
20683.519182,-2516.700203,-919.314598,9474.636058
20683.519505,-4219.173869,1225.752797,10214.842000
20683.519828,-3182.885551,-306.438199,7476.080014
20683.520151,-370.102971,-2451.505594,7846.182985
20683.520475,-370.102971,-383.047749,10510.924376
20683.520798,-1332.370696,1302.362347,11325.150913
20683.521121,148.041188,-153.219100,9104.533087
20683.521444,3775.050304,0.000000,7994.224174
20683.521768,3182.885551,3064.381992,11325.150913
20683.522091,222.061783,3370.820191,10288.862594
20683.522414,2220.617826,1532.190996,8068.244768
20683.522737,4589.276840,995.924147,8290.306550
20683.523061,2886.803174,2604.724693,10732.986159
20683.523384,-222.061783,1608.800546,9326.594869
20683.523707,-74.020594,536.266849,7476.080014
20683.524030,148.041188,306.438199,8882.471304
20683.524354,-2220.617826,1225.752797,10732.986159
20683.524677,-5033.400406,-229.828649,7698.141797
20683.525000,-5921.647536,-3217.601092,6217.729913
20683.525324,-4515.256246,-3907.087040,7846.182985
20683.525647,-5033.400406,-1838.629195,9474.636058
20683.525970,-5329.482782,-2374.896044,9326.594869
20683.526293,-3849.070898,-2451.505594,6661.853478
20683.526617,-2590.720797,-1072.533697,7772.162391
20683.526940,-3256.906145,-306.438199,9770.718434
20683.527263,-2664.741391,-1378.971896,9104.533087
20683.527586,0.000000,-2451.505594,8364.327145
20683.527910,-592.164754,-2374.896044,9474.636058
20683.528233,0.000000,-1762.019645,9400.615463
20683.528556,1702.473667,-1838.629195,9326.594869
20683.528879,3034.844362,-995.924147,10658.965565
20683.529203,1924.535449,76.609550,12213.398043
20683.529526,2072.576638,-612.876398,10436.903782
20683.529849,3627.009116,-2604.724693,9622.677246
20683.530172,4145.153275,-2298.286494,11621.233289
20683.530496,3182.885551,-1072.533697,11843.295072
20683.530819,2516.700203,-919.314598,9992.780217
20683.531142,4219.173869,-383.047749,10140.821405
20683.531465,4441.235652,919.314598,11029.068536
20683.531789,1110.308913,689.485948,9918.759623
20683.532112,74.020594,-1838.629195,6957.935855
20683.532435,1258.350101,-2451.505594,7550.100608
20683.532758,-666.185348,-842.705048,9474.636058
20683.533082,-3256.906145,-1072.533697,7698.141797
20683.533405,-2590.720797,-2528.115143,5921.647536
20683.533728,-1628.453072,-1915.238745,7846.182985
20683.534051,-3627.009116,0.000000,10658.965565
20683.534375,-3923.091493,-842.705048,7550.100608
20683.534698,-1776.494261,-2834.553343,5625.565159
20683.535021,-1702.473667,-2298.286494,8734.430116
20683.535344,-3478.967927,689.485948,10955.047942
20683.535668,-1924.535449,-689.485948,9030.512492
20683.535991,592.164754,-1838.629195,7624.121203
20683.536314,2368.659014,383.047749,10807.006753
20683.536637,1554.432478,2757.943793,12435.459826
20683.536961,1850.514855,1762.019645,10288.862594
20683.537284,4737.318029,306.438199,9474.636058
20683.537607,5033.400406,1762.019645,9844.739029
20683.537930,1554.432478,3524.039291,10510.924376
20683.538254,1554.432478,2298.286494,8586.388927
20683.538577,3404.947333,1608.800546,8364.327145
20683.538900,1924.535449,3140.991542,11103.089130
20683.539223,-1480.411884,2834.553343,9696.697840
20683.539547,-2590.720797,229.828649,7179.997637
20683.539870,-3404.947333,-1072.533697,8438.347739
20683.540193,-5255.462188,-766.095498,9252.574275
20683.540516,-6735.874072,-1378.971896,7254.018232
20683.540840,-5329.482782,-2834.553343,6143.709319
20683.541163,-5625.565159,-1685.410096,8142.265362
20683.541486,-5625.565159,766.095498,8438.347739
20683.541809,-4515.256246,-383.047749,6217.729913
20683.542133,-2812.782580,-1532.190996,7328.038826
20683.542456,-2368.659014,-383.047749,8216.285956
20683.542779,-1702.473667,-383.047749,6957.935855
20683.543102,444.123565,-1302.362347,8586.388927
20683.543426,4441.235652,-766.095498,10436.903782
20683.543749,4589.276840,2451.505594,12065.356855
20683.544072,3108.864956,1072.533697,11399.171507
20683.544395,4441.235652,-1225.752797,8660.409521
20683.544719,5255.462188,-612.876398,10510.924376
20683.545042,4293.194464,-689.485948,11399.171507
20683.545365,1924.535449,-1302.362347,10732.986159
20683.545688,3404.947333,-1991.848295,10584.944971
20683.546012,3775.050304,-689.485948,11695.253884
20683.546335,740.205942,-229.828649,11547.212695
20683.546658,-518.144159,-2298.286494,8512.368333
20683.546981,592.164754,-3447.429741,8882.471304
20683.547305,-296.082377,-1915.238745,10362.883188
20683.547628,-2072.576638,-2298.286494,8660.409521
20683.547951,-1554.432478,-2604.724693,5847.626942
20683.548274,296.082377,-2681.334243,7105.977043
20683.548598,-1184.329507,153.219100,11695.253884
20683.548921,-3404.947333,-383.047749,9918.759623
20683.549244,-2960.823768,-3447.429741,7254.018232
20683.549567,-1998.556043,-4519.963438,8808.450710
20683.549891,-2664.741391,-2528.115143,8734.430116
20683.550214,-2886.803174,-1915.238745,7476.080014
20683.550537,-592.164754,-2681.334243,8438.347739
20683.550861,1258.350101,766.095498,10955.047942
20683.551184,1332.370696,3907.087040,12509.480420
20683.551507,814.226536,1378.971896,8734.430116
20683.551830,2072.576638,-1455.581446,7772.162391
20683.552154,1998.556043,306.438199,9252.574275
20683.552477,518.144159,2374.896044,10510.924376
20683.552800,296.082377,459.657299,7550.100608
20683.553123,1036.288319,0.000000,6957.935855
20683.553447,296.082377,1915.238745,9474.636058
20683.553770,-1554.432478,2451.505594,10584.944971
20683.554093,-1850.514855,229.828649,9770.718434
20683.554416,-1184.329507,-842.705048,8882.471304
20683.554740,-2886.803174,-306.438199,9770.718434
20683.555063,-3923.091493,-1915.238745,7328.038826
20683.555386,-3256.906145,-1685.410096,6735.874072
20683.555709,-2442.679609,-536.266849,9252.574275
20683.556033,-3404.947333,1685.410096,10510.924376
20683.556356,-2738.761985,76.609550,8216.285956
20683.556679,-1628.453072,-1378.971896,6439.791695
20683.557002,-2886.803174,-1149.143247,8438.347739
20683.557326,-4071.132681,-1378.971896,8734.430116
20683.557649,-2368.659014,-1915.238745,8290.306550
20683.557972,518.144159,-1762.019645,7846.182985
20683.558295,-740.205942,766.095498,10658.965565
20683.558619,-740.205942,229.828649,10955.047942
20683.558942,1406.391290,0.000000,10807.006753
20683.559265,4071.132681,-766.095498,11029.068536
20683.559588,3256.906145,536.266849,10362.883188
20683.559912,2664.741391,-383.047749,9030.512492
20683.560235,4293.194464,-766.095498,7994.224174
20683.560558,5477.523971,2298.286494,10362.883188
20683.560881,3923.091493,2911.162892,10807.006753
20683.561205,2072.576638,612.876398,8438.347739
20683.561528,2442.679609,-1225.752797,6883.915261
20683.561851,1184.329507,0.000000,10955.047942
20683.562174,-370.102971,-612.876398,10510.924376
20683.562498,222.061783,-1762.019645,8660.409521
20683.562821,74.020594,-2757.943793,7772.162391
20683.563144,-1702.473667,-842.705048,9622.677246
20683.563467,-3552.988522,-1072.533697,9030.512492
20683.563791,-1924.535449,-2911.162892,5921.647536
20683.564114,-1776.494261,-2604.724693,9252.574275
20683.564437,-2812.782580,-1838.629195,10214.842000
20683.564760,-3182.885551,-2145.067394,8290.306550
20683.565084,-1184.329507,-3753.867940,6883.915261
20683.565407,666.185348,-1532.190996,10362.883188
20683.565730,-444.123565,919.314598,11843.295072
20683.566053,-1702.473667,-612.876398,8808.450710
20683.566377,1110.308913,-1838.629195,8512.368333
20683.566700,2442.679609,-612.876398,9400.615463
20683.567023,1110.308913,1532.190996,10584.944971
20683.567346,666.185348,536.266849,9474.636058
20683.567670,2516.700203,-612.876398,8956.491898
20683.567993,2294.638420,766.095498,10066.800811
20683.568316,-370.102971,1762.019645,10807.006753
20683.568639,-666.185348,0.000000,8882.471304
20683.568963,222.061783,-689.485948,7994.224174
20683.569286,-1110.308913,-536.266849,10066.800811
20683.569609,-1850.514855,-536.266849,7994.224174
20683.569932,-1554.432478,459.657299,7254.018232
20683.570256,-1702.473667,-153.219100,7994.224174
20683.570579,-4219.173869,1532.190996,9696.697840
20683.570902,-5033.400406,-229.828649,7624.121203
20683.571225,-4145.153275,-3064.381992,7402.059420
20683.571549,-4219.173869,-1991.848295,8216.285956
20683.571872,-3923.091493,-1685.410096,8142.265362
20683.572195,-5329.482782,-1302.362347,9104.533087
20683.572518,-2146.597232,-2451.505594,8364.327145
20683.572842,-2368.659014,0.000000,10066.800811
20683.573165,-3775.050304,-766.095498,9474.636058
20683.573488,-3182.885551,-1762.019645,7846.182985
20683.573811,-444.123565,-2068.457845,7624.121203
20683.574135,1702.473667,-1225.752797,10658.965565
20683.574458,1776.494261,0.000000,9622.677246
20683.574781,3478.967927,0.000000,8660.409521
20683.575105,6291.750507,995.924147,10288.862594
20683.575428,5403.503377,2528.115143,12065.356855
20683.575751,4811.338623,1685.410096,11029.068536
20683.576074,5995.668130,-536.266849,9918.759623
20683.576398,5329.482782,-1149.143247,10288.862594
20683.576721,3034.844362,153.219100,10807.006753
20683.577044,1924.535449,-995.924147,8142.265362
20683.577367,1554.432478,-1991.848295,7698.141797
20683.577691,1406.391290,-459.657299,10436.903782
20683.578014,-1480.411884,612.876398,10066.800811
20683.578338,-1480.411884,-1072.533697,6957.935855
20683.578661,-888.247130,-2757.943793,7105.977043
20683.578984,-2368.659014,-766.095498,9326.594869
20683.579307,-2368.659014,-995.924147,8216.285956
20683.579631,-2442.679609,-2145.067394,6513.812290
20683.579954,-1628.453072,-2451.505594,7476.080014
20683.580277,-2812.782580,0.000000,10436.903782
20683.580601,-3923.091493,-459.657299,9770.718434
20683.580924,-1406.391290,-2681.334243,7920.203579
20683.581247,0.000000,-2451.505594,10066.800811
20683.581571,-888.247130,-306.438199,11399.171507
20683.581894,-962.267725,-383.047749,9770.718434
20683.582217,2368.659014,-689.485948,7772.162391
20683.582540,4589.276840,2451.505594,10362.883188
20683.582864,3108.864956,3907.087040,11325.150913
20683.583187,2220.617826,2451.505594,8438.347739
20683.583510,4219.173869,1838.629195,6735.874072
20683.583834,1628.453072,2145.067394,8882.471304
20683.584157,-1406.391290,1532.190996,9474.636058
20683.584480,-1702.473667,-766.095498,7994.224174
20683.584803,-1258.350101,-1225.752797,10066.800811
20683.585127,-3775.050304,383.047749,11621.233289
20683.585450,-7476.080014,-459.657299,8438.347739
20683.585773,-5329.482782,-3983.696590,5699.585753
20683.586097,-4737.318029,-3140.991542,7772.162391
20683.586420,-5477.523971,-766.095498,9548.656652
20683.586743,-5033.400406,-766.095498,6661.853478
20683.587067,-3627.009116,-2068.457845,5847.626942
20683.587390,-2294.638420,-1149.143247,9030.512492
20683.587713,-3256.906145,2298.286494,9992.780217
20683.588036,-2590.720797,76.609550,8290.306550
20683.588360,-962.267725,-3753.867940,7476.080014
20683.588683,-740.205942,-2451.505594,9696.697840
20683.589006,-1036.288319,-1072.533697,10658.965565
20683.589330,444.123565,-1532.190996,10362.883188
20683.589653,3108.864956,-1762.019645,10140.821405
20683.589976,2368.659014,1072.533697,11695.253884
20683.590300,2294.638420,1455.581446,10807.006753
20683.590623,4663.297435,-995.924147,9030.512492
20683.590946,4737.318029,-1149.143247,11473.192101
20683.591269,3404.947333,0.000000,11473.192101
20683.591593,1702.473667,-612.876398,9252.574275
20683.591916,3627.009116,-1991.848295,7105.977043
20683.592239,3182.885551,536.266849,9770.718434
20683.592563,1258.350101,1378.971896,10658.965565
20683.592886,-370.102971,-689.485948,8290.306550
20683.593209,962.267725,-3294.210641,6291.750507
20683.593532,148.041188,-1991.848295,8364.327145
20683.593856,-1406.391290,-766.095498,9400.615463
20683.594179,-444.123565,-995.924147,7031.956449
20683.594502,1480.411884,0.000000,7624.121203
20683.594826,1258.350101,536.266849,10362.883188
20683.595149,-444.123565,-383.047749,8734.430116
20683.595472,518.144159,-1532.190996,8956.491898
20683.595796,296.082377,-2374.896044,10288.862594
20683.596119,-2220.617826,-612.876398,12213.398043
20683.596442,-1776.494261,-1915.238745,10436.903782
20683.596765,-296.082377,-1685.410096,8660.409521
20683.597089,-666.185348,766.095498,9474.636058
20683.597412,-2368.659014,2374.896044,9326.594869
20683.597735,-592.164754,229.828649,7550.100608
20683.598059,1850.514855,76.609550,7402.059420
20683.598382,222.061783,2451.505594,8956.491898
20683.598705,-1110.308913,2987.772442,8216.285956
20683.599028,-518.144159,1225.752797,6513.812290
20683.599352,444.123565,1532.190996,8438.347739
20683.599675,814.226536,2528.115143,11325.150913
20683.599998,0.000000,2068.457845,9030.512492
20683.600322,-1850.514855,-459.657299,8290.306550
20683.600645,-1184.329507,-1149.143247,9474.636058
20683.600968,-3108.864956,0.000000,9474.636058
20683.601292,-3701.029710,-2221.676944,8734.430116
20683.601615,-1702.473667,-2298.286494,6735.874072
20683.601938,-1628.453072,306.438199,8068.244768
20683.602261,-3923.091493,995.924147,9918.759623
20683.602585,-5255.462188,-766.095498,8364.327145
20683.602908,-2812.782580,-2528.115143,7105.977043
20683.603231,-3404.947333,-2834.553343,8660.409521
20683.603555,-5773.606348,-2374.896044,10362.883188
20683.603878,-5033.400406,-1915.238745,9696.697840
20683.604201,-2146.597232,-2757.943793,11177.109724
20683.604525,-2368.659014,-2528.115143,12065.356855
20683.604848,-2812.782580,-1991.848295,9622.677246
20683.605171,-1036.288319,-2834.553343,7402.059420
20683.605494,2664.741391,-3294.210641,9548.656652
20683.605818,3997.112087,0.000000,11991.336260
20683.606141,5477.523971,1455.581446,10584.944971
20683.606464,7624.121203,919.314598,9252.574275
20683.606788,8660.409521,919.314598,9474.636058
20683.607111,8290.306550,2987.772442,10510.924376
20683.607434,7476.080014,2068.457845,9770.718434
20683.607757,7550.100608,383.047749,8216.285956
20683.608081,6513.812290,995.924147,9992.780217
20683.608404,2738.761985,1302.362347,10140.821405
20683.608727,518.144159,-1072.533697,6587.832884
20683.609051,888.247130,-3294.210641,5033.400406
20683.609374,-1702.473667,0.000000,8882.471304
20683.609697,-4441.235652,76.609550,9252.574275
20683.610021,-5551.544565,-1608.800546,6439.791695
20683.610344,-5625.565159,-3983.696590,6291.750507
20683.610667,-6883.915261,-2987.772442,7772.162391
20683.610990,-7031.956449,-2451.505594,8364.327145
20683.611314,-4293.194464,-2681.334243,9030.512492
20683.611637,-1702.473667,-1455.581446,10066.800811
20683.611960,-1332.370696,1302.362347,11695.253884
20683.612284,-1184.329507,76.609550,10584.944971
20683.612607,1628.453072,-1302.362347,9474.636058
20683.612930,2886.803174,0.000000,11325.150913
20683.613253,3034.844362,1455.581446,11029.068536
20683.613577,4145.153275,842.705048,9104.533087
20683.613900,6143.709319,1838.629195,9326.594869
20683.614223,4515.256246,4290.134789,11251.130318
20683.614547,2516.700203,4443.353888,10140.821405
20683.614870,1850.514855,1915.238745,7698.141797
20683.615193,666.185348,0.000000,7624.121203
20683.615517,-2368.659014,0.000000,9326.594869
20683.615840,-4885.359217,-383.047749,9030.512492
20683.616163,-5255.462188,-1762.019645,7920.203579
20683.616486,-4663.297435,-1532.190996,7698.141797
20683.616810,-7328.038826,-536.266849,8364.327145
20683.617133,-9770.718434,-1838.629195,6883.915261
20683.617456,-8586.388927,-3830.477490,5995.668130
20683.617780,-7179.997637,-3447.429741,7402.059420
20683.618103,-8142.265362,-2681.334243,9474.636058
20683.618426,-7105.977043,-3447.429741,8438.347739
20683.618750,-2664.741391,-2681.334243,8068.244768
20683.619073,-222.061783,-842.705048,11473.192101
20683.619396,0.000000,76.609550,11325.150913
20683.619719,1554.432478,-766.095498,9252.574275
20683.620043,4663.297435,-1762.019645,10066.800811
20683.620366,4959.379811,306.438199,10955.047942
20683.620689,6291.750507,459.657299,9474.636058
20683.621013,8512.368333,-766.095498,8438.347739
20683.621336,7031.956449,76.609550,10288.862594
20683.621659,5551.544565,2834.553343,13619.789333
20683.621982,4515.256246,1838.629195,11473.192101
20683.622306,4441.235652,-2451.505594,8512.368333
20683.622629,3997.112087,-3217.601092,9326.594869
20683.622952,2294.638420,-612.876398,11103.089130
20683.623276,1850.514855,-919.314598,10288.862594
20683.623599,2812.782580,-1378.971896,8882.471304
20683.623922,1776.494261,-383.047749,7846.182985
20683.624246,-1702.473667,306.438199,8068.244768
20683.624569,-1924.535449,-995.924147,7328.038826
20683.624892,-1110.308913,-2068.457845,6809.894666
20683.625215,-2738.761985,-1302.362347,8882.471304
20683.625539,-5329.482782,-2221.676944,6809.894666
20683.625862,-4145.153275,-3140.991542,4737.318029
20683.626185,-1850.514855,-2451.505594,7772.162391
20683.626509,-2960.823768,306.438199,10807.006753
20683.626832,-3552.988522,919.314598,11621.233289
20683.627155,-1258.350101,-919.314598,9326.594869
20683.627479,518.144159,-689.485948,9474.636058
20683.627802,888.247130,536.266849,9548.656652
20683.628125,296.082377,306.438199,7105.977043
20683.628448,3478.967927,766.095498,7624.121203
20683.628772,3552.988522,3600.648841,11621.233289
20683.629095,814.226536,4979.620737,11991.336260
20683.629418,962.267725,1991.848295,9474.636058
20683.629742,1036.288319,-766.095498,8142.265362
20683.630065,-370.102971,-842.705048,9474.636058
20683.630388,-2664.741391,1455.581446,10955.047942
20683.630711,-1702.473667,842.705048,8660.409521
20683.631035,-1554.432478,-459.657299,8882.471304
20683.631358,-4367.215058,76.609550,9030.512492
20683.631681,-7179.997637,-842.705048,7624.121203
20683.632005,-6735.874072,-2451.505594,7920.203579
20683.632328,-5699.585753,-2681.334243,8290.306550
20683.632651,-5995.668130,-2221.676944,8364.327145
20683.632975,-6587.832884,-2911.162892,7105.977043
20683.633298,-5625.565159,-3294.210641,7624.121203
20683.633621,-3552.988522,-1072.533697,9252.574275
20683.633944,-3330.926739,-766.095498,9326.594869
20683.634268,-1258.350101,-2221.676944,7698.141797
20683.634591,2146.597232,-2451.505594,7550.100608
20683.634914,3627.009116,919.314598,10362.883188
20683.635238,4367.215058,1532.190996,12065.356855
20683.635561,5847.626942,76.609550,10140.821405
20683.635884,7994.224174,689.485948,9252.574275
20683.636207,6957.935855,1072.533697,11325.150913
20683.636531,5921.647536,1225.752797,12213.398043
20683.636854,6143.709319,766.095498,11177.109724
20683.637177,4811.338623,-383.047749,9992.780217
20683.637501,2664.741391,-842.705048,9030.512492
20683.637824,1776.494261,-2068.457845,7402.059420
20683.638147,1628.453072,-1225.752797,8734.430116
20683.638471,2294.638420,76.609550,11029.068536
20683.638794,666.185348,306.438199,10066.800811
20683.639117,-1998.556043,-1838.629195,8142.265362
20683.639440,-1776.494261,-2681.334243,7328.038826
20683.639764,-1480.411884,-1072.533697,8660.409521
20683.640087,-2294.638420,-1838.629195,8808.450710
20683.640410,-2294.638420,-2451.505594,7179.997637
20683.640734,-1036.288319,-1608.800546,8956.491898
20683.641057,-2220.617826,0.000000,10732.986159
20683.641380,-4293.194464,0.000000,8734.430116
20683.641704,-2664.741391,-1455.581446,6661.853478
20683.642027,296.082377,-1608.800546,7994.224174
20683.642350,-1480.411884,-459.657299,11103.089130
20683.642673,-1998.556043,536.266849,9104.533087
20683.642997,1554.432478,229.828649,6513.812290
20683.643320,2516.700203,1455.581446,9030.512492
20683.643643,518.144159,2987.772442,11103.089130
20683.643967,-888.247130,2374.896044,9178.553681
20683.644290,1406.391290,0.000000,8438.347739
20683.644613,962.267725,536.266849,10140.821405
20683.644936,-2072.576638,1838.629195,10140.821405
20683.645260,-2294.638420,-229.828649,8808.450710
20683.645583,-370.102971,-1991.848295,7402.059420
20683.645906,-2072.576638,153.219100,9474.636058
20683.646230,-4293.194464,536.266849,9104.533087
20683.646553,-5551.544565,-1608.800546,7994.224174
20683.646876,-3997.112087,-3524.039291,7476.080014
20683.647200,-3627.009116,-1915.238745,8512.368333
20683.647523,-4367.215058,-2451.505594,7476.080014
20683.647846,-3849.070898,-3600.648841,7402.059420
20683.648169,-4071.132681,-1762.019645,9622.677246
20683.648493,-4071.132681,-1225.752797,9474.636058
20683.648816,-3404.947333,-2757.943793,9622.677246
20683.649139,-2072.576638,-5898.935335,9104.533087
20683.649463,-2812.782580,-3600.648841,10436.903782
20683.649786,-2442.679609,-3753.867940,11251.130318
20683.650109,-370.102971,-3677.258390,10140.821405
20683.650432,2590.720797,-2757.943793,9548.656652
20683.650756,3034.844362,0.000000,11621.233289
20683.651079,3775.050304,1072.533697,11399.171507
20683.651402,6439.791695,0.000000,7994.224174
20683.651726,8512.368333,536.266849,8956.491898
20683.652049,8068.244768,689.485948,11177.109724
20683.652372,7402.059420,1608.800546,8660.409521
20683.652696,8142.265362,1072.533697,8364.327145
20683.653019,7328.038826,1455.581446,11621.233289
20683.653342,3627.009116,1991.848295,11103.089130
20683.653665,1702.473667,919.314598,9104.533087
20683.653989,2738.761985,-2451.505594,7846.182985
20683.654312,-962.267725,-1838.629195,8808.450710
20683.654635,-3627.009116,-995.924147,7550.100608
20683.654959,-3256.906145,-1455.581446,6365.771101
20683.655282,-2812.782580,-1762.019645,6735.874072
20683.655605,-4293.194464,1685.410096,10214.842000
20683.655929,-5921.647536,1762.019645,9918.759623
20683.656252,-5847.626942,-1762.019645,6587.832884
20683.656575,-5033.400406,-2604.724693,7105.977043
20683.656898,-5477.523971,-689.485948,8882.471304
20683.657222,-5107.421000,-229.828649,8290.306550
20683.657545,-3034.844362,-919.314598,7031.956449
20683.657868,222.061783,766.095498,8438.347739
20683.658192,1110.308913,3677.258390,11251.130318
20683.658515,1184.329507,2834.553343,9992.780217
20683.658838,3701.029710,2145.067394,8808.450710
20683.659161,5625.565159,3524.039291,10436.903782
20683.659485,4737.318029,4749.792088,10584.944971
20683.659808,4589.276840,2451.505594,7920.203579
20683.660131,4811.338623,1762.019645,7624.121203
20683.660455,2368.659014,3983.696590,11177.109724
20683.660778,296.082377,3830.477490,11325.150913
20683.661101,-1406.391290,76.609550,8142.265362
20683.661425,-2960.823768,-2757.943793,7105.977043
20683.661748,-5921.647536,-3064.381992,9326.594869
20683.662071,-7698.141797,-2374.896044,9252.574275
20683.662394,-6661.853478,-3983.696590,6957.935855
20683.662718,-5625.565159,-4060.306139,8882.471304
20683.663041,-7031.956449,-2681.334243,10436.903782
20683.663364,-8216.285956,-3524.039291,8068.244768
20683.663688,-5477.523971,-5515.887586,5995.668130
20683.664011,-3849.070898,-4749.792088,7846.182985
20683.664334,-4885.359217,-2221.676944,10732.986159
20683.664657,-1628.453072,-2604.724693,8438.347739
20683.664981,3404.947333,-3524.039291,7328.038826
20683.665304,4441.235652,-1455.581446,10510.924376
20683.665627,2664.741391,612.876398,12583.501014
20683.665951,5403.503377,0.000000,10214.842000
20683.666274,8068.244768,-1991.848295,9474.636058
20683.666597,8808.450710,-842.705048,10881.027347
20683.666921,6291.750507,689.485948,10807.006753
20683.667244,6587.832884,-842.705048,10510.924376
20683.667567,7994.224174,153.219100,11029.068536
20683.667890,6365.771101,2298.286494,11177.109724
20683.668214,2442.679609,766.095498,9474.636058
20683.668537,1258.350101,-2068.457845,7476.080014
20683.668860,0.000000,-2604.724693,8364.327145
20683.669184,-3552.988522,-1915.238745,10362.883188
20683.669507,-5699.585753,-3217.601092,7402.059420
20683.669830,-4589.276840,-4136.915689,6291.750507
20683.670154,-4367.215058,-2757.943793,8438.347739
20683.670477,-6069.688724,76.609550,8956.491898
20683.670800,-7105.977043,-1762.019645,7846.182985
20683.671123,-5477.523971,-3524.039291,8660.409521
20683.671447,-4663.297435,-2374.896044,8364.327145
20683.671770,-4219.173869,-1072.533697,8216.285956
20683.672093,-1850.514855,-1532.190996,8438.347739
20683.672417,148.041188,306.438199,9548.656652
20683.672740,1776.494261,3677.258390,12213.398043
20683.673063,1110.308913,2757.943793,9622.677246
20683.673386,2220.617826,2068.457845,9104.533087
20683.673710,4145.153275,2221.676944,9474.636058
20683.674033,3256.906145,3524.039291,9918.759623
20683.674356,2664.741391,2374.896044,8068.244768
20683.674680,2516.700203,2987.772442,7772.162391
20683.675003,2220.617826,4596.572988,9400.615463
20683.675326,2072.576638,4596.572988,9474.636058
20683.675650,-222.061783,2374.896044,7402.059420
20683.675973,-888.247130,-536.266849,8364.327145
20683.676296,-2590.720797,383.047749,10881.027347
20683.676619,-5107.421000,-306.438199,8808.450710
20683.676943,-5477.523971,-1838.629195,6069.688724
20683.677266,-4515.256246,-2834.553343,5921.647536
20683.677589,-5403.503377,-995.924147,8142.265362
20683.677913,-5995.668130,-995.924147,9400.615463
20683.678236,-3701.029710,-2068.457845,7550.100608
20683.678559,-2960.823768,-2145.067394,8660.409521
20683.678882,-4071.132681,-1378.971896,10140.821405
20683.679205,-2516.700203,-1915.238745,7920.203579
20683.679529,2072.576638,-2911.162892,6809.894666
20683.679852,2442.679609,-689.485948,10288.862594
20683.680175,666.185348,1302.362347,12361.439231
20683.680498,2220.617826,-306.438199,9548.656652
20683.680821,4885.359217,-2681.334243,9918.759623
20683.681145,5329.482782,-1762.019645,11843.295072
20683.681468,3330.926739,-306.438199,11769.274478
20683.681791,4515.256246,-1608.800546,9326.594869
20683.682114,6883.915261,-1608.800546,9252.574275
20683.682437,5847.626942,766.095498,11843.295072
20683.682761,3182.885551,1608.800546,11399.171507
20683.683084,3701.029710,-1378.971896,8586.388927
20683.683407,4441.235652,-2298.286494,8364.327145
20683.683730,1924.535449,-842.705048,10436.903782
20683.684053,-1110.308913,-689.485948,9770.718434
20683.684377,518.144159,-2604.724693,7550.100608
20683.684700,-592.164754,-1302.362347,9474.636058
20683.685023,-4959.379811,-1838.629195,9326.594869
20683.685346,-7031.956449,-3294.210641,7254.018232
20683.685669,-4441.235652,-4826.401637,7254.018232
20683.685993,-4737.318029,-2834.553343,9178.553681
20683.686316,-7402.059420,-1838.629195,9252.574275
20683.686639,-6143.709319,-3140.991542,5625.565159
20683.686962,-4145.153275,-1455.581446,6439.791695
20683.687286,-3182.885551,689.485948,9178.553681
20683.687609,-3182.885551,1838.629195,9252.574275
20683.687932,0.000000,-383.047749,6735.874072
20683.688255,1258.350101,0.000000,9252.574275
20683.688578,222.061783,2374.896044,10066.800811
20683.688902,370.102971,1072.533697,8956.491898
20683.689225,3701.029710,0.000000,8956.491898
20683.689548,4441.235652,2604.724693,11177.109724
20683.689871,2960.823768,3753.867940,12805.562797
20683.690194,2590.720797,2068.457845,9474.636058
20683.690518,3627.009116,536.266849,9474.636058
20683.690841,2220.617826,1532.190996,9770.718434
20683.691164,-1776.494261,1302.362347,9474.636058
20683.691487,-1036.288319,-995.924147,7179.997637
20683.691810,222.061783,1149.143247,9104.533087
20683.692134,-2368.659014,1838.629195,10066.800811
20683.692457,-6513.812290,536.266849,8216.285956
20683.692780,-5995.668130,-2757.943793,5403.503377
20683.693103,-5551.544565,-3524.039291,6587.832884
20683.693426,-7254.018232,-2451.505594,8660.409521
20683.693750,-7328.038826,-3064.381992,7105.977043
20683.694073,-4293.194464,-4060.306139,7624.121203
20683.694396,-3552.988522,-1838.629195,10436.903782
20683.694719,-2738.761985,-229.828649,9992.780217
20683.695042,-1480.411884,-1762.019645,7698.141797
20683.695366,2590.720797,-2911.162892,8290.306550
20683.695689,4145.153275,153.219100,11103.089130
20683.696012,4737.318029,1225.752797,11473.192101
20683.696335,6587.832884,-459.657299,9400.615463
20683.696658,8216.285956,-229.828649,8512.368333
20683.696982,7846.182985,2757.943793,10955.047942
20683.697305,5921.647536,2451.505594,11695.253884
20683.697628,6957.935855,0.000000,9400.615463
20683.697951,6291.750507,-1149.143247,9104.533087
20683.698274,2220.617826,-842.705048,11843.295072
20683.698598,-518.144159,-1762.019645,9770.718434
20683.698921,1332.370696,-2298.286494,6587.832884
20683.699244,1036.288319,-2221.676944,9400.615463
20683.699567,-2294.638420,-383.047749,10584.944971
20683.699890,-4885.359217,-919.314598,9770.718434
20683.700214,-4367.215058,-3600.648841,7772.162391
20683.700537,-4293.194464,-3677.258390,8216.285956
20683.700860,-4959.379811,-3064.381992,8438.347739
20683.701183,-6735.874072,-3907.087040,6957.935855
20683.701506,-3849.070898,-2528.115143,8660.409521
20683.701830,-2516.700203,153.219100,10732.986159
20683.702153,-2960.823768,842.705048,9622.677246
20683.702476,-2294.638420,-1378.971896,8290.306550
20683.702799,-296.082377,-1762.019645,6365.771101
20683.703122,1110.308913,459.657299,8956.491898
20683.703446,1406.391290,766.095498,9474.636058
20683.703769,3330.926739,2451.505594,8216.285956
20683.704092,5699.585753,2681.334243,9252.574275
20683.704415,2294.638420,3294.210641,11621.233289
20683.704738,518.144159,995.924147,9104.533087
20683.705062,666.185348,-919.314598,9030.512492
20683.705385,1406.391290,-1915.238745,9992.780217
20683.705708,-1332.370696,76.609550,10436.903782
20683.706031,-1628.453072,229.828649,9252.574275
20683.706355,814.226536,-842.705048,7624.121203
20683.706678,0.000000,766.095498,8586.388927
20683.707001,-3330.926739,1532.190996,9400.615463
20683.707324,-4367.215058,689.485948,8734.430116
20683.707647,-2072.576638,-1685.410096,7994.224174
20683.707971,-1998.556043,-1072.533697,9474.636058
20683.708294,-5995.668130,-995.924147,8586.388927
20683.708617,-6513.812290,-2681.334243,7105.977043
20683.708940,-4071.132681,-2757.943793,8512.368333
20683.709263,-4367.215058,-1762.019645,10066.800811
20683.709587,-5477.523971,-1838.629195,9770.718434
20683.709910,-2590.720797,-3217.601092,7772.162391
20683.710233,-962.267725,-3064.381992,9030.512492
20683.710556,-74.020594,-229.828649,10066.800811
20683.710879,1184.329507,76.609550,8068.244768
20683.711203,5773.606348,306.438199,7402.059420
20683.711526,8512.368333,2681.334243,9622.677246
20683.711849,6365.771101,4749.792088,11547.212695
20683.712172,6365.771101,2451.505594,9326.594869
20683.712495,7476.080014,536.266849,9474.636058
20683.712819,7105.977043,842.705048,11769.274478
20683.713142,4145.153275,766.095498,11177.109724
20683.713465,2886.803174,-995.924147,9252.574275
20683.713788,1998.556043,-1302.362347,10362.883188
20683.714111,74.020594,383.047749,11547.212695
20683.714435,-2590.720797,-766.095498,8586.388927
20683.714758,-3404.947333,-4366.744339,5699.585753
20683.715081,-4663.297435,-3370.820191,7402.059420
20683.715404,-5255.462188,-1532.190996,9474.636058
20683.715727,-5181.441594,-1762.019645,8808.450710
20683.716051,-3849.070898,-3753.867940,6587.832884
20683.716374,-4589.276840,-1455.581446,9178.553681
20683.716697,-5107.421000,-612.876398,8660.409521
20683.717020,-2886.803174,-2451.505594,7846.182985
20683.717343,592.164754,-2757.943793,9030.512492
20683.717667,-74.020594,-229.828649,11473.192101
20683.717990,-888.247130,0.000000,10955.047942
20683.718313,2368.659014,-612.876398,7772.162391
20683.718636,5847.626942,459.657299,8142.265362
20683.718959,4737.318029,3524.039291,10955.047942
20683.719283,3108.864956,4213.525239,9548.656652
20683.719606,5329.482782,3217.601092,8734.430116
20683.719929,5699.585753,1685.410096,8142.265362
20683.720252,2516.700203,2451.505594,9548.656652
20683.720575,-222.061783,1225.752797,8734.430116
20683.720899,74.020594,0.000000,8216.285956
20683.721222,0.000000,612.876398,9918.759623
20683.721545,-3997.112087,0.000000,9770.718434
20683.721868,-6883.915261,-2374.896044,8068.244768
20683.722191,-6513.812290,-3600.648841,7402.059420
20683.722515,-6069.688724,-3830.477490,8142.265362
20683.722838,-6735.874072,-2834.553343,9992.780217
20683.723161,-5921.647536,-2145.067394,8364.327145
20683.723484,-3034.844362,-689.485948,8216.285956
20683.723808,-2516.700203,153.219100,8882.471304
20683.724131,-4515.256246,459.657299,8956.491898
20683.724454,-2294.638420,-689.485948,8142.265362
20683.724777,-296.082377,-1225.752797,8660.409521
20683.725100,-962.267725,-1378.971896,8808.450710
20683.725424,-1924.535449,-1225.752797,9104.533087
20683.725747,296.082377,-1225.752797,9474.636058
20683.726070,2960.823768,-689.485948,9622.677246
20683.726393,2516.700203,842.705048,11177.109724
20683.726716,2812.782580,0.000000,10362.883188
20683.727040,4589.276840,-995.924147,8142.265362
20683.727363,5181.441594,-229.828649,10066.800811
20683.727686,5033.400406,1072.533697,10807.006753
20683.728009,5033.400406,1149.143247,8290.306550
20683.728332,4663.297435,536.266849,8660.409521
20683.728656,3330.926739,1378.971896,10140.821405
20683.728979,962.267725,0.000000,9178.553681
20683.729302,296.082377,-2451.505594,9178.553681
20683.729625,-370.102971,-3753.867940,10288.862594
20683.729948,-2960.823768,-2374.896044,12435.459826
20683.730272,-4515.256246,-3140.991542,10362.883188
20683.730595,-4145.153275,-4443.353888,7105.977043
20683.730918,-3404.947333,-2911.162892,7254.018232
20683.731241,-4811.338623,-229.828649,9474.636058
20683.731564,-4219.173869,-766.095498,7105.977043
20683.731888,-962.267725,-1225.752797,6809.894666
20683.732211,-444.123565,-612.876398,9474.636058
20683.732534,-2442.679609,-459.657299,9622.677246
20683.732857,-1776.494261,-2221.676944,7476.080014
20683.733180,1628.453072,-2374.896044,7994.224174
20683.733504,2368.659014,995.924147,11991.336260
20683.733827,1480.411884,2374.896044,11843.295072
20683.734150,3182.885551,919.314598,8734.430116
20683.734473,5995.668130,-766.095498,7994.224174
20683.734796,5107.421000,1915.238745,10140.821405
20683.735120,4515.256246,3064.381992,10955.047942
20683.735443,6957.935855,2451.505594,9326.594869
20683.735766,5847.626942,3524.039291,9622.677246
20683.736089,1332.370696,3753.867940,10362.883188
20683.736412,-2072.576638,2068.457845,8734.430116
20683.736736,-2294.638420,-1608.800546,6661.853478
20683.737059,-4589.276840,-1685.410096,8808.450710
20683.737382,-7994.224174,-1685.410096,9326.594869
20683.737705,-8882.471304,-3447.429741,6439.791695
20683.738028,-7920.203579,-3983.696590,7476.080014
20683.738352,-8734.430116,-1991.848295,9030.512492
20683.738675,-10288.862594,-995.924147,8364.327145
20683.738998,-8068.244768,-3064.381992,5995.668130
20683.739321,-4219.173869,-2757.943793,6883.915261
20683.739644,-1776.494261,-536.266849,8956.491898
20683.739968,-2220.617826,995.924147,8882.471304
20683.740291,518.144159,-229.828649,7846.182985
20683.740614,3775.050304,1991.848295,8808.450710
20683.740937,4441.235652,3140.991542,11399.171507
20683.741260,5773.606348,2528.115143,11695.253884
20683.741584,6957.935855,842.705048,10436.903782
20683.741907,7105.977043,76.609550,9844.739029
20683.742230,5477.523971,1225.752797,9696.697840
20683.742553,5403.503377,1378.971896,8808.450710
20683.742877,6143.709319,1225.752797,8364.327145
20683.743200,4515.256246,1991.848295,9178.553681
20683.743523,444.123565,1455.581446,9400.615463
20683.743846,-666.185348,-1302.362347,9178.553681
20683.744169,0.000000,-2528.115143,9622.677246
20683.744493,-1924.535449,-2298.286494,10807.006753
20683.744816,-4885.359217,-3217.601092,9770.718434
20683.745139,-3775.050304,-4596.572988,5921.647536
20683.745462,-2294.638420,-3064.381992,8068.244768
20683.745785,-3552.988522,-1762.019645,11473.192101
20683.746109,-4885.359217,-1915.238745,9326.594869
20683.746432,-1628.453072,-3370.820191,8216.285956
20683.746755,-1184.329507,-3370.820191,10807.006753
20683.747078,-2368.659014,-1762.019645,10214.842000
20683.747401,-370.102971,-2298.286494,6661.853478
20683.747725,2368.659014,-2221.676944,7698.141797
20683.748048,2516.700203,919.314598,11473.192101
20683.748371,1998.556043,2911.162892,10955.047942
20683.748694,2590.720797,76.609550,7179.997637
20683.749017,3627.009116,-995.924147,7698.141797
20683.749341,2886.803174,1149.143247,9622.677246
20683.749664,1406.391290,1532.190996,9252.574275
20683.749987,2072.576638,-536.266849,7846.182985
20683.750310,2960.823768,306.438199,10214.842000
20683.750633,0.000000,1915.238745,11103.089130
20683.750957,-2812.782580,0.000000,9400.615463
20683.751280,-888.247130,-2604.724693,7031.956449
20683.751603,-518.144159,-842.705048,10881.027347
20683.751926,-3256.906145,229.828649,12139.377449
20683.752249,-4367.215058,-612.876398,8364.327145
20683.752573,-2960.823768,-2374.896044,6809.894666
20683.752896,-5181.441594,-842.705048,9474.636058
20683.753219,-8142.265362,-153.219100,9622.677246
20683.753542,-6883.915261,-2528.115143,7476.080014
20683.753865,-5107.421000,-4136.915689,7031.956449
20683.754189,-5921.647536,-1915.238745,8882.471304
20683.754512,-7254.018232,-766.095498,9474.636058
20683.754835,-5255.462188,-2528.115143,7550.100608
20683.755158,-1998.556043,-1915.238745,7772.162391
20683.755481,-296.082377,0.000000,10066.800811
20683.755805,-296.082377,766.095498,9252.574275
20683.756128,2146.597232,0.000000,7254.018232
20683.756451,5329.482782,229.828649,8142.265362
20683.756774,5107.421000,2298.286494,9918.759623
20683.757097,5921.647536,1762.019645,9918.759623
20683.757421,8142.265362,1072.533697,8808.450710
20683.757744,7105.977043,1685.410096,10955.047942
20683.758067,4663.297435,1838.629195,11843.295072
20683.758390,3997.112087,306.438199,9104.533087
20683.758713,4663.297435,-1532.190996,9474.636058
20683.759037,1702.473667,-995.924147,11621.233289
20683.759360,-962.267725,0.000000,9104.533087
20683.759683,370.102971,-2221.676944,7031.956449
20683.760006,148.041188,-1762.019645,8660.409521
20683.760329,-3182.885551,536.266849,10955.047942
20683.760653,-5625.565159,-766.095498,9548.656652
20683.760976,-4885.359217,-4519.963438,6291.750507
20683.761299,-4145.153275,-5209.449386,7624.121203
20683.761622,-5625.565159,-3677.258390,10362.883188
20683.761946,-5477.523971,-2834.553343,9030.512492
20683.762269,0.000000,-3447.429741,8660.409521
20683.762592,2812.782580,-1225.752797,9770.718434
20683.762915,1184.329507,1762.019645,13027.624579
20683.763238,2738.761985,1685.410096,10214.842000
20683.763562,6143.709319,842.705048,7402.059420
20683.763885,6143.709319,612.876398,8438.347739
20683.764208,4219.173869,1991.848295,8142.265362
20683.764531,4441.235652,2757.943793,8438.347739
20683.764854,6217.729913,2681.334243,8734.430116
20683.765178,2664.741391,4366.744339,11621.233289
20683.765501,-592.164754,1915.238745,8142.265362
20683.765824,-1998.556043,-1378.971896,6957.935855
20683.766147,-3034.844362,-2451.505594,8586.388927
20683.766470,-5551.544565,-306.438199,10732.986159
20683.766794,-6587.832884,-1762.019645,7994.224174
20683.767117,-5773.606348,-3140.991542,6735.874072
20683.767440,-5329.482782,-919.314598,7994.224174
20683.767763,-6439.791695,1455.581446,9622.677246
20683.768086,-5921.647536,-229.828649,7624.121203
20683.768410,-3997.112087,-1608.800546,6883.915261
20683.768733,-2738.761985,0.000000,9326.594869
20683.769056,-3627.009116,919.314598,10584.944971
20683.769379,-1702.473667,-919.314598,8734.430116
20683.769702,74.020594,-1072.533697,7550.100608
20683.770026,-1924.535449,919.314598,10658.965565
20683.770349,-3182.885551,306.438199,9770.718434
20683.770672,0.000000,-1991.848295,7476.080014
20683.770995,1184.329507,-2528.115143,9918.759623
20683.771318,-518.144159,-383.047749,10955.047942
20683.771642,-148.041188,612.876398,9622.677246
20683.771965,3775.050304,-2068.457845,8438.347739
20683.772288,4959.379811,306.438199,9770.718434
20683.772611,3701.029710,2221.676944,10066.800811
20683.772934,4145.153275,1532.190996,7402.059420
20683.773258,4885.359217,76.609550,8438.347739
20683.773581,4737.318029,459.657299,9918.759623
20683.773904,2146.597232,919.314598,9252.574275
20683.774227,1628.453072,-1838.629195,7105.977043
20683.774550,1480.411884,-2221.676944,8956.491898
20683.774874,814.226536,-842.705048,11917.315666
20683.775197,-1036.288319,-1608.800546,11621.233289
20683.775520,-666.185348,-4749.792088,8364.327145
20683.775843,-1184.329507,-4596.572988,9844.739029
20683.776166,-3478.967927,-2604.724693,12287.418637
20683.776490,-3330.926739,-2604.724693,9548.656652
20683.776813,-1036.288319,-4213.525239,7402.059420
20683.777136,0.000000,-2374.896044,8364.327145
20683.777459,-2220.617826,919.314598,11251.130318
20683.777782,-2368.659014,0.000000,9474.636058
20683.778106,0.000000,-2604.724693,6883.915261
20683.778429,-370.102971,-2757.943793,8068.244768
20683.778752,-2072.576638,-612.876398,10066.800811
20683.779075,-148.041188,-919.314598,8956.491898
20683.779398,3627.009116,-919.314598,9178.553681
20683.779722,3775.050304,536.266849,11029.068536
20683.780045,1406.391290,2374.896044,10881.027347
20683.780368,2664.741391,1532.190996,7846.182985
20683.780691,3701.029710,-229.828649,8364.327145
20683.781015,1554.432478,1149.143247,11103.089130
20683.781338,0.000000,1915.238745,9400.615463
20683.781661,222.061783,153.219100,8364.327145
20683.781984,148.041188,0.000000,7624.121203
20683.782307,-3627.009116,1838.629195,9030.512492
20683.782631,-5181.441594,766.095498,8438.347739
20683.782954,-4293.194464,-1455.581446,6291.750507
20683.783277,-4737.318029,-1455.581446,7772.162391
20683.783600,-6365.771101,-612.876398,8882.471304
20683.783923,-6735.874072,-842.705048,7846.182985
20683.784247,-3849.070898,-1302.362347,7105.977043
20683.784570,-4071.132681,536.266849,9770.718434
20683.784893,-5921.647536,0.000000,9844.739029
20683.785216,-4663.297435,-1685.410096,7328.038826
20683.785539,-2072.576638,-2298.286494,8512.368333
20683.785863,-1850.514855,-1225.752797,10732.986159
20683.786186,-1850.514855,0.000000,10066.800811
20683.786509,1924.535449,-1762.019645,7772.162391
20683.786832,5033.400406,919.314598,10584.944971
20683.787155,2812.782580,3217.601092,11843.295072
20683.787479,2516.700203,2604.724693,9474.636058
20683.787802,7031.956449,76.609550,6957.935855
20683.788125,6809.894666,689.485948,8586.388927
20683.788448,5255.462188,2221.676944,9918.759623
20683.788771,2516.700203,1838.629195,8586.388927
20683.789095,4293.194464,-536.266849,9548.656652
20683.789418,2960.823768,0.000000,10584.944971
20683.789741,-1184.329507,-459.657299,10881.027347
20683.790064,-1258.350101,-3217.601092,9548.656652
20683.790387,0.000000,-4903.011187,7846.182985
20683.790711,148.041188,-2834.553343,10066.800811
20683.791034,-1554.432478,-1991.848295,10140.821405
20683.791357,-1184.329507,-2298.286494,6809.894666
20683.791680,962.267725,-1378.971896,7698.141797
20683.792003,148.041188,383.047749,11399.171507
20683.792327,-1036.288319,306.438199,10436.903782
20683.792650,-592.164754,-1838.629195,8660.409521
20683.792973,-148.041188,-3064.381992,7476.080014
20683.793296,-1036.288319,-842.705048,9622.677246
20683.793619,-1924.535449,-1072.533697,9326.594869
20683.793943,-444.123565,-2145.067394,8956.491898
20683.794266,148.041188,-1455.581446,9770.718434
20683.794589,-1776.494261,0.000000,10584.944971
20683.794912,-962.267725,-919.314598,8660.409521
20683.795235,1036.288319,-1532.190996,7550.100608
20683.795559,1110.308913,229.828649,10288.862594
20683.795882,-444.123565,1302.362347,9178.553681
20683.796205,888.247130,1072.533697,7550.100608
20683.796528,3404.947333,306.438199,7402.059420
20683.796851,222.061783,2604.724693,11917.315666
20683.797175,-1406.391290,2451.505594,11399.171507
20683.797498,-370.102971,-689.485948,7846.182985
20683.797821,-962.267725,-2681.334243,8364.327145
20683.798144,-4145.153275,-919.314598,9548.656652
20683.798467,-5921.647536,-153.219100,8216.285956
20683.798791,-4145.153275,-1991.848295,7698.141797
20683.799114,-2442.679609,-1455.581446,9104.533087
20683.799437,-4885.359217,536.266849,9992.780217
20683.799760,-5107.421000,0.000000,7698.141797
20683.800083,-3701.029710,-1991.848295,7179.997637
20683.800407,-3849.070898,-1225.752797,9400.615463
20683.800730,-4885.359217,-459.657299,9400.615463
20683.801053,-3775.050304,-2451.505594,7031.956449
20683.801376,-962.267725,-2757.943793,7550.100608
20683.801699,-148.041188,76.609550,10658.965565
20683.802023,-1258.350101,1915.238745,11103.089130
20683.802346,814.226536,-1072.533697,9770.718434
20683.802669,4219.173869,-2374.896044,9178.553681
20683.802992,3108.864956,-153.219100,10955.047942
20683.803316,3108.864956,459.657299,10362.883188
20683.803639,6217.729913,0.000000,7476.080014
20683.803962,8734.430116,1302.362347,9696.697840
20683.804285,7105.977043,3064.381992,11769.274478
20683.804608,4737.318029,3294.210641,9400.615463
20683.804932,5181.441594,306.438199,8808.450710
20683.805255,3775.050304,-689.485948,9474.636058
20683.805578,962.267725,-766.095498,9474.636058
20683.805901,-222.061783,-2068.457845,8068.244768
20683.806224,0.000000,-2757.943793,7698.141797
20683.806548,-1850.514855,-1225.752797,9548.656652
20683.806871,-4441.235652,-1378.971896,9696.697840
20683.807194,-4367.215058,-2987.772442,8364.327145
20683.807517,-2738.761985,-3524.039291,9992.780217
20683.807840,-2368.659014,-1991.848295,10362.883188
20683.808164,-2738.761985,-1762.019645,7846.182985
20683.808487,-2146.597232,-2451.505594,6957.935855
20683.808810,-296.082377,0.000000,8808.450710
20683.809133,148.041188,2604.724693,10658.965565
20683.809456,1184.329507,1532.190996,8216.285956
20683.809780,2146.597232,0.000000,8734.430116
20683.810103,2368.659014,612.876398,9622.677246
20683.810426,2368.659014,2451.505594,10510.924376
20683.810749,3849.070898,1149.143247,9104.533087
20683.811072,6513.812290,766.095498,8216.285956
20683.811396,4071.132681,3753.867940,11769.274478
20683.811719,-296.082377,3677.258390,10362.883188
20683.812042,592.164754,995.924147,7550.100608
20683.812365,1628.453072,0.000000,10214.842000
20683.812688,-1628.453072,766.095498,9844.739029
20683.813012,-5551.544565,689.485948,7698.141797
20683.813335,-5255.462188,-2604.724693,5699.585753
20683.813658,-6439.791695,-2604.724693,7846.182985
20683.813981,-8586.388927,-383.047749,10140.821405
20683.814304,-9992.780217,-2068.457845,7624.121203
20683.814628,-7772.162391,-5669.106685,6809.894666
20683.814951,-6883.915261,-4060.306139,9104.533087
20683.815274,-6661.853478,-459.657299,10807.006753
20683.815597,-5551.544565,-1991.848295,8142.265362
20683.815920,-3256.906145,-3064.381992,6587.832884
20683.816244,-1332.370696,-306.438199,8956.491898
20683.816567,222.061783,689.485948,9326.594869
20683.816890,2442.679609,-1072.533697,7624.121203
20683.817213,4441.235652,-1685.410096,9992.780217
20683.817536,3478.967927,0.000000,12879.583391
20683.817860,3034.844362,0.000000,12361.439231
20683.818183,5329.482782,-2068.457845,9474.636058
20683.818506,7031.956449,-2068.457845,10066.800811
20683.818829,7179.997637,1149.143247,11547.212695
20683.819152,5995.668130,1378.971896,11547.212695
20683.819476,6291.750507,-459.657299,8068.244768
20683.819799,5033.400406,383.047749,8586.388927
20683.820122,3034.844362,612.876398,9622.677246
20683.820445,518.144159,-842.705048,8364.327145
20683.820768,814.226536,-1838.629195,8808.450710
20683.821092,-1036.288319,-1225.752797,10881.027347
20683.821415,-4293.194464,-1532.190996,10955.047942
20683.821738,-5847.626942,-4290.134789,7105.977043
20683.822061,-4663.297435,-6511.811733,6291.750507
20683.822384,-5699.585753,-5209.449386,10214.842000
20683.822708,-6513.812290,-2757.943793,12213.398043
20683.823031,-2812.782580,-2528.115143,9622.677246
20683.823354,-888.247130,-1991.848295,8142.265362
20683.823677,-1776.494261,0.000000,9030.512492
20683.824000,-518.144159,1149.143247,8512.368333
20683.824324,2886.803174,383.047749,7254.018232
20683.824647,5625.565159,1302.362347,8438.347739
20683.824970,4441.235652,3830.477490,10658.965565
20683.825293,3330.926739,5132.839837,8956.491898
20683.825616,5329.482782,3140.991542,7846.182985
20683.825940,6439.791695,2528.115143,9178.553681
20683.826263,3552.988522,3600.648841,9770.718434
20683.826586,888.247130,2681.334243,9030.512492
20683.826909,1480.411884,766.095498,9104.533087
20683.827233,0.000000,766.095498,9400.615463
20683.827556,-3182.885551,1302.362347,8808.450710
20683.827879,-2368.659014,-459.657299,7476.080014
20683.828202,-2072.576638,1608.800546,9992.780217
20683.828525,-3923.091493,2528.115143,11029.068536
20683.828849,-5477.523971,1072.533697,7254.018232
20683.829172,-5847.626942,-1532.190996,6069.688724
20683.829495,-5847.626942,-1608.800546,7550.100608
20683.829818,-6883.915261,536.266849,9474.636058
20683.830141,-6661.853478,-766.095498,8142.265362
20683.830465,-4441.235652,-1302.362347,8068.244768
20683.830788,-4071.132681,-459.657299,9992.780217
20683.831111,-4885.359217,-153.219100,10658.965565
20683.831434,-3849.070898,-2374.896044,8808.450710
20683.831757,-962.267725,-2604.724693,8068.244768
20683.832081,1554.432478,-1225.752797,8882.471304
20683.832404,2664.741391,-306.438199,7846.182985
20683.832727,3404.947333,153.219100,7920.203579
20683.833050,6069.688724,1532.190996,9400.615463
20683.833373,6365.771101,3217.601092,10066.800811
20683.833697,5995.668130,2145.067394,9770.718434
20683.834020,6291.750507,-689.485948,7772.162391
20683.834343,5255.462188,-1608.800546,8808.450710
20683.834666,4293.194464,-1149.143247,11177.109724
20683.834989,2368.659014,-1608.800546,11177.109724
20683.835313,3034.844362,-2298.286494,10288.862594
20683.835636,1406.391290,-3830.477490,11695.253884
20683.835959,-1628.453072,-3064.381992,11547.212695
20683.836282,-1924.535449,-3983.696590,10584.944971
20683.836605,-1036.288319,-4979.620737,9548.656652
20683.836929,-3034.844362,-4443.353888,9696.697840
20683.837252,-3478.967927,-3294.210641,8882.471304
20683.837575,-1554.432478,-3370.820191,8438.347739
20683.837898,-1258.350101,-2911.162892,10955.047942
20683.838221,-2368.659014,-1762.019645,11695.253884
20683.838545,-3182.885551,-1915.238745,9474.636058
20683.838868,-2812.782580,-4290.134789,8068.244768
20683.839191,-2516.700203,-3217.601092,7994.224174
20683.839514,-2368.659014,-1685.410096,9918.759623
20683.839837,-1332.370696,-766.095498,8438.347739
20683.840161,74.020594,-306.438199,7179.997637
20683.840484,2072.576638,1072.533697,7179.997637
20683.840807,1480.411884,2528.115143,8512.368333
20683.841130,2368.659014,1302.362347,7402.059420
20683.841453,2590.720797,1225.752797,8142.265362
20683.841777,2664.741391,1302.362347,9844.739029
20683.842100,518.144159,1685.410096,8068.244768
20683.842423,666.185348,383.047749,6735.874072
20683.842746,1850.514855,842.705048,9178.553681
20683.843069,888.247130,2834.553343,11325.150913
20683.843393,-1480.411884,2451.505594,11177.109724
20683.843716,-2368.659014,76.609550,8586.388927
20683.844039,-2368.659014,-459.657299,8882.471304
20683.844362,-4293.194464,766.095498,10214.842000
20683.844685,-5699.585753,0.000000,7698.141797
20683.845009,-4071.132681,-995.924147,7105.977043
20683.845332,-2886.803174,1225.752797,9992.780217
20683.845655,-4737.318029,2528.115143,11251.130318
20683.845978,-5995.668130,689.485948,9474.636058
20683.846301,-5033.400406,-2681.334243,6957.935855
20683.846625,-4811.338623,-3140.991542,9326.594869
20683.846948,-4515.256246,-1762.019645,9770.718434
20683.847271,-1628.453072,-383.047749,7550.100608
20683.847594,2516.700203,0.000000,8364.327145
20683.847917,3256.906145,3064.381992,10584.944971
20683.848241,3775.050304,3907.087040,9400.615463
20683.848564,6513.812290,1991.848295,6735.874072
20683.848887,7402.059420,1302.362347,8068.244768
20683.849210,6217.729913,2681.334243,10066.800811
20683.849533,4737.318029,2068.457845,8364.327145
20683.849857,5995.668130,-229.828649,7994.224174
20683.850180,4663.297435,229.828649,9696.697840
20683.850503,1258.350101,612.876398,9770.718434
20683.850826,-814.226536,-1685.410096,8660.409521
20683.851150,-962.267725,-5362.668486,8586.388927
20683.851473,-962.267725,-3753.867940,10140.821405
20683.851796,-3849.070898,-2221.676944,12657.521608
20683.852119,-3775.050304,-4443.353888,8290.306550
20683.852442,-1850.514855,-4060.306139,6883.915261
20683.852766,-1554.432478,-2834.553343,9030.512492
20683.853089,-4589.276840,-2145.067394,11621.233289
20683.853412,-2812.782580,-3447.429741,10658.965565
20683.853735,74.020594,-3677.258390,9474.636058
20683.854058,-1332.370696,-3370.820191,11399.171507
20683.854382,-3478.967927,-3140.991542,9400.615463
20683.854705,592.164754,-3677.258390,8512.368333
20683.855028,3108.864956,-1608.800546,10807.006753
20683.855351,1776.494261,1378.971896,11991.336260
20683.855674,1850.514855,766.095498,9696.697840
20683.855998,3330.926739,-612.876398,7476.080014
20683.856321,3404.947333,383.047749,9622.677246
20683.856644,2368.659014,2221.676944,9548.656652
20683.856967,2812.782580,1455.581446,6587.832884
20683.857290,2590.720797,612.876398,5995.668130
20683.857614,370.102971,2451.505594,9178.553681
20683.857937,-2072.576638,2528.115143,9474.636058
20683.858260,-3404.947333,-689.485948,7254.018232
20683.858583,-2960.823768,-3600.648841,7254.018232
20683.858906,-4737.318029,-1991.848295,9474.636058
20683.859230,-6735.874072,-1455.581446,9104.533087
20683.859553,-5181.441594,-1915.238745,7328.038826
20683.859876,-2886.803174,-1455.581446,7920.203579
20683.860199,-4737.318029,153.219100,9474.636058
20683.860522,-4811.338623,-919.314598,7772.162391
20683.860846,-2738.761985,-2068.457845,8068.244768
20683.861169,-1776.494261,-1225.752797,10288.862594
20683.861492,-3256.906145,459.657299,11251.130318
20683.861815,-2220.617826,-919.314598,8660.409521
20683.862138,0.000000,-2145.067394,8586.388927
20683.862462,-1184.329507,76.609550,10510.924376
20683.862785,-814.226536,459.657299,10732.986159
20683.863108,1110.308913,-995.924147,9252.574275
20683.863431,3404.947333,-2681.334243,8364.327145
20683.863754,1998.556043,-153.219100,9622.677246
20683.864078,1110.308913,995.924147,9770.718434
20683.864401,3552.988522,0.000000,8512.368333
20683.864724,5403.503377,1072.533697,9770.718434
20683.865047,4293.194464,1455.581446,10881.027347
20683.865370,1110.308913,766.095498,9178.553681
20683.865694,2072.576638,-1302.362347,7402.059420
20683.866017,3034.844362,-1072.533697,8512.368333
20683.866340,-370.102971,-536.266849,10510.924376
20683.866663,-3849.070898,-842.705048,9770.718434
20683.866986,-2664.741391,-3140.991542,7772.162391
20683.867310,-2960.823768,-3600.648841,7550.100608
20683.867633,-4885.359217,-2987.772442,9844.739029
20683.867956,-4071.132681,-2834.553343,9844.739029
20683.868279,-3552.988522,-2681.334243,10066.800811
20683.868602,-2664.741391,-3370.820191,9622.677246
20683.868926,-5847.626942,-2374.896044,8734.430116
20683.869249,-4959.379811,-3600.648841,6587.832884
20683.869572,-1628.453072,-3524.039291,8290.306550
20683.869895,74.020594,-919.314598,11177.109724
20683.870218,-592.164754,536.266849,12139.377449
20683.870542,296.082377,-536.266849,8586.388927
20683.870865,814.226536,-2374.896044,7105.977043
20683.871188,-962.267725,-1225.752797,9474.636058
20683.871511,-1776.494261,-1149.143247,9252.574275
20683.871834,-740.205942,-842.705048,10288.862594
20683.872158,1924.535449,-1762.019645,9474.636058
20683.872481,-296.082377,229.828649,7772.162391
20683.872804,-2516.700203,-995.924147,9326.594869
20683.873127,-3034.844362,-1838.629195,8438.347739
20683.873451,-1628.453072,-842.705048,9622.677246
20683.873774,-1036.288319,-1378.971896,8808.450710
20683.874097,-4367.215058,-2451.505594,8216.285956
20683.874420,-6587.832884,-3600.648841,7846.182985
20683.874743,-7105.977043,-3600.648841,8216.285956
20683.875067,-6883.915261,-2987.772442,8512.368333
20683.875390,-6069.688724,-4060.306139,8512.368333
20683.875713,-6365.771101,-3753.867940,9326.594869
20683.876036,-7550.100608,-4826.401637,9770.718434
20683.876359,-5921.647536,-4903.011187,8808.450710
20683.876683,-5107.421000,-4903.011187,9252.574275
20683.877006,-6143.709319,-4749.792088,9400.615463
20683.877329,-5403.503377,-4060.306139,9696.697840
20683.877652,-2146.597232,-4749.792088,6809.894666
20683.877975,-814.226536,-3217.601092,8660.409521
20683.878299,-888.247130,-2987.772442,11399.171507
20683.878622,-1406.391290,-2604.724693,10881.027347
20683.878945,-296.082377,-4290.134789,9252.574275
20683.879268,222.061783,-5592.497135,7994.224174
20683.879592,-518.144159,-4903.011187,8956.491898
20683.879915,-1406.391290,-4673.182538,10658.965565
20683.880238,-1628.453072,-4443.353888,10140.821405
20683.880561,962.267725,-4903.011187,9030.512492
20683.880885,2146.597232,-3983.696590,8882.471304
20683.881208,1702.473667,-2834.553343,9696.697840
20683.881531,-666.185348,-1838.629195,12287.418637
20683.881855,-148.041188,-3140.991542,11029.068536
20683.882178,-1480.411884,-4443.353888,9992.780217
20683.882501,-2146.597232,-4596.572988,9400.615463
20683.882824,-3256.906145,-5132.839837,9992.780217
20683.883148,-4737.318029,-5669.106685,10436.903782
20683.883471,-4515.256246,-5286.058936,10140.821405
20683.883794,-3775.050304,-2911.162892,10881.027347
20683.884117,-2960.823768,-2221.676944,9992.780217
20683.884441,-2516.700203,-1455.581446,8882.471304
20683.884764,-740.205942,-1685.410096,6883.915261
20683.885087,-666.185348,-229.828649,7328.038826
20683.885410,-444.123565,612.876398,8438.347739
20683.885734,-1480.411884,1149.143247,7105.977043
20683.886057,-2368.659014,229.828649,6809.894666
20683.886380,-2368.659014,-1302.362347,6439.791695
20683.886704,-1776.494261,-766.095498,7550.100608
20683.887027,-1184.329507,0.000000,10732.986159
20683.887350,-592.164754,536.266849,10658.965565
20683.887673,-1406.391290,1302.362347,8290.306550
20683.887997,-222.061783,1225.752797,8142.265362
20683.888320,0.000000,1302.362347,9030.512492
20683.888643,-962.267725,1838.629195,10288.862594
20683.888966,-1554.432478,766.095498,9992.780217
20683.889290,-2886.803174,-459.657299,7846.182985
20683.889613,-3849.070898,-1455.581446,7994.224174
20683.889936,-4589.276840,-1532.190996,9918.759623
20683.890260,-5255.462188,-1915.238745,10140.821405
20683.890583,-6365.771101,-2757.943793,9326.594869
20683.890906,-5847.626942,-2987.772442,7476.080014
20683.891229,-4811.338623,-2221.676944,7105.977043
20683.891553,-4145.153275,-459.657299,9326.594869
20683.891876,-1628.453072,383.047749,10658.965565
20683.892199,-666.185348,536.266849,11103.089130
20683.892522,-1406.391290,-766.095498,9696.697840
20683.892846,-3330.926739,-2528.115143,7254.018232
20683.893169,-3034.844362,-4366.744339,7698.141797
20683.893492,-2886.803174,-4596.572988,9178.553681
20683.893816,-2664.741391,-4136.915689,10510.924376
20683.894139,-1850.514855,-3983.696590,10140.821405
20683.894462,-2664.741391,-4673.182538,8956.491898
20683.894785,-3330.926739,-4749.792088,8142.265362
20683.895109,-1850.514855,-3524.039291,7920.203579
20683.895432,518.144159,-2604.724693,8216.285956
20683.895755,666.185348,-2145.067394,9548.656652
20683.896078,296.082377,-1225.752797,8808.450710
20683.896402,-222.061783,-1838.629195,7624.121203
20683.896725,-1776.494261,-3140.991542,9474.636058
20683.897048,-2812.782580,-4979.620737,11473.192101
20683.897372,-4589.276840,-7660.954980,11843.295072
20683.897695,-5477.523971,-9652.803275,11843.295072
20683.898018,-5329.482782,-9652.803275,12435.459826
20683.898341,-4589.276840,-7890.783629,12583.501014
20683.898665,-4959.379811,-7124.688131,10140.821405
20683.898988,-3256.906145,-5592.497135,7920.203579
20683.899311,-296.082377,-3524.039291,8290.306550
20683.899634,0.000000,-383.047749,9030.512492
20683.899958,0.000000,0.000000,8438.347739
20683.900281,814.226536,-153.219100,7846.182985
20683.900604,1036.288319,0.000000,7994.224174
20683.900927,-518.144159,229.828649,9104.533087
20683.901251,-1554.432478,-1762.019645,9326.594869
20683.901574,-2590.720797,-3753.867940,9474.636058
20683.901897,-4071.132681,-5439.278036,10288.862594
20683.902221,-6291.750507,-7431.126331,10807.006753
20683.902544,-7105.977043,-9193.145976,9622.677246
20683.902867,-6735.874072,-8580.269578,8808.450710
20683.903190,-5033.400406,-5362.668486,9548.656652
20683.903514,-3923.091493,-2834.553343,8438.347739
20683.903837,-1554.432478,0.000000,6957.935855
20683.904160,1332.370696,1455.581446,6661.853478
20683.904483,2886.803174,4213.525239,6735.874072
20683.904807,2220.617826,5209.449386,6661.853478
20683.905130,518.144159,3830.477490,6809.894666
20683.905453,-1406.391290,1685.410096,7698.141797
20683.905777,-2368.659014,-1455.581446,8216.285956
20683.906100,-5107.421000,-3524.039291,9252.574275
20683.906423,-7254.018232,-6052.154434,10288.862594
20683.906746,-7402.059420,-7584.345430,11251.130318
20683.907070,-5255.462188,-7967.393179,12657.521608
20683.907393,-3552.988522,-7124.688131,13101.645173
20683.907716,-2368.659014,-4443.353888,12435.459826
20683.908039,-1332.370696,-3217.601092,11177.109724
20683.908363,888.247130,-1455.581446,9770.718434
20683.908686,4219.173869,689.485948,9030.512492
20683.909009,4811.338623,3140.991542,8882.471304
20683.909333,3404.947333,4443.353888,8068.244768
20683.909656,1480.411884,4903.011187,6809.894666
20683.909979,666.185348,3217.601092,6069.688724
20683.910302,-962.267725,1762.019645,7105.977043
20683.910626,-4589.276840,-1302.362347,7105.977043
20683.910949,-8586.388927,-3447.429741,7105.977043
20683.911272,-10584.944971,-6588.421283,7328.038826
20683.911595,-10881.027347,-8120.612279,8364.327145
20683.911919,-10510.924376,-8580.269578,9622.677246
20683.912242,-9770.718434,-8580.269578,9992.780217
20683.912565,-7772.162391,-8120.612279,9992.780217
20683.912889,-4589.276840,-6435.202183,9622.677246
20683.913212,-740.205942,-3907.087040,9992.780217
20683.913535,2812.782580,-1378.971896,10214.842000
20683.913858,5107.421000,919.314598,10140.821405
20683.914182,6809.894666,3064.381992,8956.491898
20683.914505,7328.038826,3524.039291,8216.285956
20683.914828,6661.853478,2681.334243,8660.409521
20683.915151,4145.153275,2298.286494,9252.574275
20683.915475,1554.432478,0.000000,9474.636058
20683.915798,-1332.370696,-3600.648841,10510.924376
20683.916121,-4219.173869,-5669.106685,10732.986159
20683.916444,-6513.812290,-7277.907231,11177.109724
20683.916768,-7772.162391,-8427.050478,11325.150913
20683.917091,-8956.491898,-9039.926876,10732.986159
20683.917414,-8586.388927,-8580.269578,10807.006753
20683.917738,-5551.544565,-7814.174080,10584.944971
20683.918061,-4219.173869,-5745.716235,8216.285956
20683.918384,-4145.153275,-3753.867940,6957.935855
20683.918707,-3034.844362,-1072.533697,5773.606348
20683.919031,-1406.391290,689.485948,5625.565159
20683.919354,74.020594,1915.238745,5995.668130
20683.919677,0.000000,2528.115143,6587.832884
20683.920000,-1036.288319,1378.971896,6809.894666
20683.920324,-3478.967927,0.000000,7550.100608
20683.920647,-4145.153275,-2987.772442,8882.471304
20683.920970,-4145.153275,-4596.572988,10362.883188
20683.921294,-5699.585753,-6435.202183,11251.130318
20683.921617,-7179.997637,-7890.783629,11473.192101
20683.921940,-6439.791695,-8733.488677,11769.274478
20683.922263,-4663.297435,-8733.488677,12065.356855
20683.922587,-4219.173869,-7124.688131,11695.253884
20683.922910,-1924.535449,-4519.963438,10584.944971
20683.923233,-74.020594,-2374.896044,10288.862594
20683.923556,888.247130,-536.266849,9548.656652
20683.923880,2664.741391,1455.581446,8734.430116
20683.924203,3256.906145,2987.772442,8660.409521
20683.924526,2368.659014,2221.676944,7476.080014
20683.924850,1036.288319,2451.505594,7254.018232
20683.925173,-370.102971,995.924147,7550.100608
20683.925496,-2368.659014,-1532.190996,8216.285956
20683.925819,-4293.194464,-3447.429741,9474.636058
20683.926143,-5921.647536,-4903.011187,9770.718434
20683.926466,-6883.915261,-6435.202183,9844.739029
20683.926789,-7105.977043,-6894.859482,9400.615463
20683.927112,-4737.318029,-6435.202183,9252.574275
20683.927436,-4145.153275,-4826.401637,9326.594869
20683.927759,-2590.720797,-2298.286494,9548.656652
20683.928082,740.205942,0.000000,8364.327145
20683.928406,3627.009116,1685.410096,7328.038826
20683.928729,4515.256246,2911.162892,7402.059420
20683.929052,4219.173869,3753.867940,7994.224174
20683.929375,2442.679609,3447.429741,7920.203579
20683.929699,666.185348,2221.676944,7698.141797
20683.930022,0.000000,306.438199,8808.450710
20683.930345,-888.247130,0.000000,11103.089130
20683.930668,-2516.700203,-1455.581446,11695.253884
20683.930992,-4145.153275,-2528.115143,10510.924376
20683.931315,-4219.173869,-3294.210641,10436.903782
20683.931638,-3256.906145,-4290.134789,10510.924376
20683.931961,-2368.659014,-2757.943793,9622.677246
20683.932285,-3034.844362,-2068.457845,9844.739029
20683.932608,-3701.029710,-2298.286494,9548.656652
20683.932931,-2960.823768,-1302.362347,8142.265362
20683.933255,-2294.638420,-689.485948,7994.224174
20683.933578,-2590.720797,-612.876398,8290.306550
20683.933901,-3478.967927,-612.876398,7624.121203
20683.934224,-2220.617826,-689.485948,7105.977043
20683.934548,-2294.638420,-1378.971896,7254.018232
20683.934871,-3627.009116,-1378.971896,7254.018232
20683.935194,-4737.318029,-2068.457845,6735.874072
20683.935517,-5033.400406,-3370.820191,6883.915261
20683.935841,-4071.132681,-4519.963438,8882.471304
20683.936164,-3404.947333,-4443.353888,9696.697840
20683.936487,-3775.050304,-4366.744339,9844.739029
20683.936811,-3478.967927,-5209.449386,9992.780217
20683.937134,-2960.823768,-4596.572988,9844.739029
20683.937457,-2146.597232,-4443.353888,10066.800811
20683.937780,-1036.288319,-4290.134789,11251.130318
20683.938104,-1184.329507,-3983.696590,10955.047942
20683.938427,-2664.741391,-3600.648841,10214.842000
20683.938750,-4071.132681,-4443.353888,8882.471304
20683.939073,-4219.173869,-5669.106685,9770.718434
20683.939397,-4663.297435,-5975.544884,9548.656652
20683.939720,-5329.482782,-6052.154434,9474.636058
20683.940043,-5255.462188,-6588.421283,9844.739029
20683.940367,-5181.441594,-6052.154434,10362.883188
20683.940690,-3997.112087,-6818.249932,10066.800811
20683.941013,-2072.576638,-6281.983084,10510.924376
20683.941336,-814.226536,-6128.763984,10362.883188
20683.941660,-1258.350101,-5056.230287,10584.944971
20683.941983,-296.082377,-4519.963438,10066.800811
20683.942306,444.123565,-4673.182538,9844.739029
20683.942629,148.041188,-3907.087040,9474.636058
20683.942953,-1036.288319,-3600.648841,8216.285956
20683.943276,-1406.391290,-2757.943793,8364.327145
20683.943599,-1776.494261,-2911.162892,8364.327145
20683.943923,-2516.700203,-1302.362347,7624.121203
20683.944246,-3182.885551,-1149.143247,7179.997637
20683.944569,-3775.050304,-1378.971896,6513.812290
20683.944892,-3849.070898,-1455.581446,6735.874072
20683.945216,-3923.091493,-1532.190996,6439.791695
20683.945539,-4515.256246,-2451.505594,7624.121203
20683.945862,-4737.318029,-2604.724693,8364.327145
20683.946185,-4737.318029,-3524.039291,9178.553681
20683.946509,-3701.029710,-4213.525239,10881.027347
20683.946832,-3627.009116,-4673.182538,11473.192101
20683.947155,-2442.679609,-4290.134789,11843.295072
20683.947478,-1110.308913,-3447.429741,12509.480420
20683.947802,518.144159,-2221.676944,12065.356855
20683.948125,1480.411884,-229.828649,11621.233289
20683.948448,2812.782580,1915.238745,11029.068536
20683.948772,3923.091493,3524.039291,10214.842000
20683.949095,4145.153275,4290.134789,9252.574275
20683.949418,3256.906145,5056.230287,8364.327145
20683.949741,1924.535449,4596.572988,7031.956449
20683.950065,740.205942,3140.991542,6883.915261
20683.950388,-2442.679609,1532.190996,6291.750507
20683.950711,-5477.523971,-153.219100,6365.771101
20683.951034,-8660.409521,-2911.162892,6365.771101
20683.951358,-9770.718434,-5362.668486,6735.874072
20683.951681,-9622.677246,-6281.983084,7402.059420
20683.952004,-9770.718434,-5822.325785,8142.265362
20683.952328,-8734.430116,-5056.230287,7994.224174
20683.952651,-4959.379811,-3370.820191,7402.059420
20683.952974,-1998.556043,-1378.971896,7550.100608
20683.953297,1036.288319,383.047749,8808.450710
20683.953621,2442.679609,3294.210641,8660.409521
20683.953944,3108.864956,3830.477490,8956.491898
20683.954267,3478.967927,2911.162892,8808.450710
20683.954590,2442.679609,1302.362347,9548.656652
20683.954914,-296.082377,-995.924147,10288.862594
20683.955237,-3330.926739,-3370.820191,11473.192101
20683.955560,-4441.235652,-6588.421283,11547.212695
20683.955884,-4441.235652,-7967.393179,13175.665768
20683.956207,-5255.462188,-8273.831378,14211.954086
20683.956530,-5477.523971,-8503.660028,13175.665768
20683.956853,-4737.318029,-8733.488677,12287.418637
20683.957177,-3256.906145,-7890.783629,11325.150913
20683.957500,-2368.659014,-5439.278036,10066.800811
20683.957823,-888.247130,-3370.820191,9918.759623
20683.958146,-1036.288319,-2681.334243,8438.347739
20683.958470,-1184.329507,-1532.190996,6069.688724
20683.958793,-814.226536,-919.314598,4737.318029
20683.959116,-1258.350101,-995.924147,5329.482782
20683.959440,-3182.885551,-995.924147,6069.688724
20683.959763,-3775.050304,-2911.162892,5921.647536
20683.960086,-4959.379811,-4979.620737,6365.771101
20683.960409,-6069.688724,-6511.811733,7031.956449
20683.960733,-5699.585753,-7737.564530,8660.409521
20683.961056,-4515.256246,-8503.660028,10436.903782
20683.961379,-3404.947333,-8503.660028,10881.027347
20683.961702,-2368.659014,-7048.078582,12213.398043
20683.962026,518.144159,-6894.859482,12139.377449
20683.962349,1776.494261,-5209.449386,11991.336260
20683.962672,2738.761985,-2987.772442,12213.398043
20683.962995,3182.885551,-919.314598,12213.398043
20683.963319,2960.823768,383.047749,10732.986159
20683.963642,2442.679609,1302.362347,8956.491898
20683.963965,1258.350101,2451.505594,8512.368333
20683.964289,-1850.514855,1762.019645,7772.162391
20683.964612,-4515.256246,995.924147,6809.894666
20683.964935,-6217.729913,-766.095498,6661.853478
20683.965258,-7624.121203,-2987.772442,7846.182985
20683.965582,-9918.759623,-4213.525239,9030.512492
20683.965905,-12139.377449,-5822.325785,9400.615463
20683.966228,-11843.295072,-8044.002729,9252.574275
20683.966551,-10362.883188,-8963.317327,9252.574275
20683.966875,-8586.388927,-7967.393179,10066.800811
20683.967198,-5403.503377,-5669.106685,9992.780217
20683.967521,-1332.370696,-3217.601092,9844.739029
20683.967845,2368.659014,153.219100,8290.306550
20683.968168,5329.482782,4136.915689,7920.203579
20683.968491,7105.977043,6894.859482,8586.388927
20683.968814,8364.327145,8273.831378,6957.935855
20683.969138,6957.935855,8273.831378,5329.482782
20683.969461,4811.338623,6358.592633,5625.565159
20683.969784,518.144159,4290.134789,6957.935855
20683.970107,-4441.235652,76.609550,8512.368333
20683.970431,-8882.471304,-4596.572988,8660.409521
20683.970754,-13249.686362,-8350.440928,9474.636058
20683.971077,-14582.057057,-11108.384721,9992.780217
20683.971401,-12731.542202,-12947.013916,10584.944971
20683.971724,-10140.821405,-11721.261119,12065.356855
20683.972047,-8068.244768,-7737.564530,11843.295072
20683.972370,-2960.823768,-4443.353888,10732.986159
20683.972694,2664.741391,-1455.581446,9548.656652
20683.973017,6809.894666,2451.505594,9918.759623
20683.973340,9474.636058,5515.887586,10288.862594
20683.973663,9548.656652,6971.469032,10214.842000
20683.973987,7772.162391,5745.716235,7920.203579
20683.974310,5995.668130,2528.115143,7476.080014
20683.974633,2960.823768,0.000000,7994.224174
20683.974956,-2812.782580,-3294.210641,9474.636058
20683.975280,-6883.915261,-6052.154434,10066.800811
20683.975603,-7920.203579,-8197.221829,9770.718434
20683.975926,-7846.182985,-9806.022374,9844.739029
20683.976250,-8438.347739,-8350.440928,10658.965565
20683.976573,-7846.182985,-7277.907231,8216.285956
20683.976896,-5847.626942,-6971.469032,7105.977043
20683.977219,-3478.967927,-5745.716235,7476.080014
20683.977543,-1924.535449,-3064.381992,7328.038826
20683.977866,-592.164754,-1302.362347,7772.162391
20683.978189,888.247130,-1455.581446,6513.812290
20683.978512,1036.288319,0.000000,6735.874072
20683.978836,2738.761985,153.219100,9474.636058
20683.979159,3552.988522,-229.828649,9400.615463
20683.979482,2072.576638,-306.438199,9918.759623
20683.979806,-1036.288319,-1072.533697,10732.986159
20683.980129,-3478.967927,-3064.381992,11177.109724
20683.980452,-4293.194464,-5898.935335,9770.718434
20683.980776,-5107.421000,-7354.516781,10066.800811
20683.981099,-7402.059420,-6971.469032,13471.748144
20683.981422,-10288.862594,-7277.907231,12509.480420
20683.981745,-9548.656652,-8044.002729,10584.944971
20683.982069,-4737.318029,-7660.954980,10658.965565
20683.982392,-3034.844362,-4826.401637,10881.027347
20683.982715,-4293.194464,-1532.190996,9178.553681
20683.983039,-2516.700203,-612.876398,7328.038826
20683.983362,-592.164754,-919.314598,6069.688724
20683.983685,-444.123565,229.828649,5625.565159
20683.984009,-1184.329507,1072.533697,6291.750507
20683.984332,-1998.556043,229.828649,8364.327145
20683.984655,-1924.535449,-536.266849,7105.977043
20683.984978,-592.164754,-1225.752797,7920.203579
20683.985302,-1184.329507,-2068.457845,9548.656652
20683.985625,-3627.009116,-2757.943793,9474.636058
20683.985948,-4367.215058,-3753.867940,8364.327145
20683.986272,-2886.803174,-5209.449386,7846.182985
20683.986595,-2072.576638,-5592.497135,9844.739029
20683.986918,-2664.741391,-3217.601092,10881.027347
20683.987242,-1702.473667,-2757.943793,10362.883188
20683.987565,-148.041188,-2451.505594,9548.656652
20683.987888,-518.144159,-1302.362347,10436.903782
20683.988211,0.000000,-153.219100,11251.130318
20683.988535,74.020594,-689.485948,10955.047942
20683.988858,-1554.432478,-766.095498,9474.636058
20683.989181,-1850.514855,-1838.629195,7846.182985
20683.989505,-2368.659014,-995.924147,7698.141797
20683.989828,-2072.576638,-1149.143247,9696.697840
20683.990151,0.000000,0.000000,12435.459826
20683.990474,0.000000,-383.047749,10066.800811
20683.990798,-2664.741391,-1915.238745,10214.842000
20683.991121,-4737.318029,-2757.943793,9918.759623
20683.991444,-2220.617826,-3600.648841,8290.306550
20683.991768,444.123565,-3447.429741,7624.121203
20683.992091,-1406.391290,-1915.238745,9474.636058
20683.992414,-962.267725,383.047749,9770.718434
20683.992738,2368.659014,919.314598,8068.244768
20683.993061,3849.070898,689.485948,7476.080014
20683.993384,3404.947333,1072.533697,8956.491898
20683.993707,2590.720797,1838.629195,8068.244768
20683.994031,3108.864956,1915.238745,8068.244768
20683.994354,4071.132681,2451.505594,8438.347739
20683.994677,2294.638420,2834.553343,6661.853478
20683.995001,592.164754,0.000000,4145.153275
20683.995324,-592.164754,-153.219100,6069.688724
20683.995647,-1702.473667,-153.219100,11621.233289
20683.995971,-2368.659014,-1455.581446,12213.398043
20683.996294,-3256.906145,-4596.572988,10658.965565
20683.996617,-4589.276840,-5515.887586,10362.883188
20683.996940,-5921.647536,-4443.353888,11177.109724
20683.997264,-3478.967927,-3983.696590,10214.842000
20683.997587,1110.308913,-3217.601092,9992.780217
20683.997910,1628.453072,153.219100,11695.253884
20683.998234,-740.205942,3064.381992,12731.542202
20683.998557,-296.082377,1302.362347,8142.265362
20683.998880,1480.411884,-919.314598,6513.812290
20683.999204,1480.411884,0.000000,8068.244768
20683.999527,-2146.597232,1685.410096,8142.265362
20683.999850,-2368.659014,1149.143247,7476.080014
20684.000173,444.123565,-306.438199,7402.059420
20684.000497,-1184.329507,0.000000,7994.224174
20684.000820,-3997.112087,-1455.581446,8142.265362
20684.001143,-2590.720797,-2834.553343,7698.141797
20684.001467,444.123565,-2451.505594,8660.409521
20684.001790,-1554.432478,-459.657299,11695.253884
20684.002113,-1702.473667,-1072.533697,9104.533087
20684.002436,814.226536,-1378.971896,6069.688724
20684.002760,1850.514855,-1149.143247,8142.265362
20684.003083,0.000000,1455.581446,10436.903782
20684.003406,0.000000,1302.362347,10288.862594
20684.003730,1850.514855,-995.924147,8512.368333
20684.004053,1184.329507,-1149.143247,9844.739029
20684.004376,-1628.453072,0.000000,10881.027347
20684.004700,-2368.659014,-1455.581446,8882.471304
20684.005023,-1406.391290,-2451.505594,8290.306550
20684.005346,-740.205942,-1532.190996,10214.842000
20684.005669,-2738.761985,-689.485948,9770.718434
20684.005993,-3404.947333,-2987.772442,8808.450710
20684.006316,-2960.823768,-3983.696590,9400.615463
20684.006639,-2590.720797,-3294.210641,9770.718434
20684.006963,-2294.638420,-1762.019645,9252.574275
20684.007286,-296.082377,-2221.676944,9326.594869
20684.007609,1628.453072,-612.876398,10436.903782
20684.007933,740.205942,306.438199,10140.821405
20684.008256,1110.308913,-153.219100,8882.471304
20684.008579,5329.482782,-919.314598,8364.327145
20684.008902,6513.812290,1225.752797,9770.718434
20684.009226,2590.720797,2911.162892,10658.965565
20684.009549,3775.050304,1455.581446,7031.956449
20684.009872,5403.503377,2068.457845,9696.697840
20684.010196,4811.338623,2757.943793,11399.171507
20684.010519,1406.391290,2757.943793,8216.285956
20684.010842,1924.535449,-153.219100,5551.544565
20684.011166,0.000000,-1072.533697,8290.306550
20684.011489,-3404.947333,536.266849,8808.450710
20684.011812,-2812.782580,-306.438199,7772.162391
20684.012135,-2960.823768,-3294.210641,7920.203579
20684.012459,-3108.864956,-2298.286494,9622.677246
20684.012782,-4589.276840,0.000000,12139.377449
20684.013105,-3478.967927,-1915.238745,9696.697840
20684.013429,-1406.391290,-3907.087040,7846.182985
20684.013752,0.000000,-1378.971896,9474.636058
20684.014075,-1628.453072,1072.533697,9844.739029
20684.014398,-444.123565,1302.362347,8438.347739
20684.014722,4293.194464,1072.533697,9474.636058
20684.015045,3182.885551,2757.943793,11991.336260
20684.015368,-1184.329507,3524.039291,10881.027347
20684.015692,-296.082377,612.876398,6809.894666
20684.016015,2812.782580,-1608.800546,5477.523971
20684.016338,370.102971,-306.438199,9474.636058
20684.016662,-3552.988522,1685.410096,10955.047942
20684.016985,-1998.556043,689.485948,8364.327145
20684.017308,0.000000,-612.876398,9252.574275
20684.017631,-1850.514855,-766.095498,8438.347739
20684.017955,-4219.173869,-766.095498,8068.244768
20684.018278,-3627.009116,-2451.505594,7772.162391
20684.018601,-3330.926739,-2681.334243,7698.141797
20684.018925,-4663.297435,459.657299,8882.471304
20684.019248,-3849.070898,-536.266849,7624.121203
20684.019571,-1850.514855,-1378.971896,5847.626942
20684.019895,-814.226536,-536.266849,8882.471304
20684.020218,-444.123565,536.266849,10436.903782
20684.020541,370.102971,306.438199,9992.780217
20684.020864,1850.514855,-1378.971896,9918.759623
20684.021188,1628.453072,-1302.362347,10288.862594
20684.021511,0.000000,-842.705048,9992.780217
20684.021834,1110.308913,-1915.238745,9992.780217
20684.022158,3034.844362,-2068.457845,10510.924376
20684.022481,1850.514855,-1378.971896,11843.295072
20684.022804,74.020594,-1915.238745,10510.924376
20684.023128,1184.329507,-3370.820191,9104.533087
20684.023451,2294.638420,-3140.991542,9844.739029
20684.023774,1776.494261,-1838.629195,9326.594869
20684.024097,1554.432478,-1532.190996,8068.244768
20684.024421,4367.215058,-459.657299,8142.265362
20684.024744,4663.297435,1762.019645,10807.006753
20684.025067,2146.597232,2374.896044,9770.718434
20684.025391,2812.782580,153.219100,7105.977043
20684.025714,4737.318029,-76.609550,7550.100608
20684.026037,2590.720797,1149.143247,9918.759623
20684.026360,-888.247130,1225.752797,9252.574275
20684.026684,222.061783,-842.705048,7105.977043
20684.027007,518.144159,-766.095498,9696.697840
20684.027330,-2516.700203,612.876398,10510.924376
20684.027654,-4885.359217,-153.219100,8290.306550
20684.027977,-3849.070898,-3524.039291,5995.668130
20684.028300,-3182.885551,-2298.286494,8956.491898
20684.028624,-4589.276840,229.828649,10732.986159
20684.028947,-4145.153275,306.438199,9474.636058
20684.029270,-2072.576638,-229.828649,7476.080014
20684.029593,-1258.350101,1455.581446,9622.677246
20684.029917,-2738.761985,3140.991542,9104.533087
20684.030240,-2294.638420,689.485948,7179.997637
20684.030563,222.061783,0.000000,7254.018232
20684.030887,-444.123565,1378.971896,9992.780217
20684.031210,-1702.473667,2145.067394,9696.697840
20684.031533,-962.267725,0.000000,7846.182985
20684.031857,814.226536,0.000000,9622.677246
20684.032180,-1480.411884,2374.896044,12435.459826
20684.032503,-2146.597232,995.924147,10214.842000
20684.032826,74.020594,-1608.800546,7179.997637
20684.033150,1776.494261,-1762.019645,9030.512492
20684.033473,-1184.329507,1455.581446,11769.274478
20684.033796,-2072.576638,1225.752797,9696.697840
20684.034120,0.000000,-766.095498,6365.771101
20684.034443,-296.082377,153.219100,8660.409521
20684.034766,-3108.864956,1378.971896,10288.862594
20684.035090,-3775.050304,-612.876398,7624.121203
20684.035413,-518.144159,-2757.943793,6735.874072
20684.035736,-2220.617826,-2221.676944,8364.327145
20684.036059,-5107.421000,-1302.362347,7994.224174
20684.036383,-3330.926739,-2911.162892,7402.059420
20684.036706,-740.205942,-3524.039291,9030.512492
20684.037029,-1628.453072,-2068.457845,11991.336260
20684.037353,-1110.308913,-1838.629195,11251.130318
20684.037676,1850.514855,-3370.820191,7772.162391
20684.037999,4219.173869,-3294.210641,8364.327145
20684.038322,1480.411884,-689.485948,10584.944971
20684.038646,2368.659014,-229.828649,9326.594869
20684.038969,6217.729913,-766.095498,8290.306550
20684.039292,7105.977043,1072.533697,11991.336260
20684.039616,4737.318029,1378.971896,12065.356855
20684.039939,3034.844362,-536.266849,8882.471304
20684.040262,5477.523971,-2757.943793,8438.347739
20684.040586,4885.359217,-1149.143247,10362.883188
20684.040909,1702.473667,0.000000,9770.718434
20684.041232,1110.308913,-1378.971896,8808.450710
20684.041555,2960.823768,-1302.362347,9252.574275
20684.041879,1554.432478,536.266849,11103.089130
20684.042202,-2220.617826,-919.314598,10214.842000
20684.042525,-2516.700203,-2681.334243,7328.038826
20684.042849,-888.247130,-2221.676944,7994.224174
20684.043172,-2886.803174,-536.266849,9178.553681
20684.043495,-5329.482782,-1149.143247,8734.430116
20684.043819,-4293.194464,-1915.238745,6809.894666
20684.044142,-2368.659014,-766.095498,8660.409521
20684.044465,-4293.194464,459.657299,9104.533087
20684.044788,-4811.338623,536.266849,8068.244768
20684.045112,-1850.514855,0.000000,8512.368333
20684.045435,-740.205942,459.657299,8512.368333
20684.045758,-3404.947333,1532.190996,6957.935855
20684.046082,-3404.947333,536.266849,5995.668130
20684.046405,-296.082377,1072.533697,8438.347739
20684.046728,0.000000,3064.381992,11547.212695
20684.047052,-1332.370696,1532.190996,10955.047942
20684.047375,-370.102971,-536.266849,6587.832884
20684.047698,740.205942,-1072.533697,8808.450710
20684.048021,0.000000,1532.190996,11695.253884
20684.048345,-296.082377,2145.067394,11177.109724
20684.048668,1924.535449,-306.438199,7624.121203
20684.048991,1776.494261,383.047749,9326.594869
20684.049315,-1332.370696,2145.067394,10584.944971
20684.049638,-2220.617826,1532.190996,8660.409521
20684.049961,518.144159,-1991.848295,8512.368333
20684.050284,-518.144159,-1072.533697,10066.800811
20684.050608,-3256.906145,-383.047749,9252.574275
20684.050931,-3849.070898,-2374.896044,6809.894666
20684.051254,-2516.700203,-3524.039291,7698.141797
20684.051578,-2812.782580,-1532.190996,11695.253884
20684.051901,-5033.400406,-1378.971896,11325.150913
20684.052224,-2960.823768,-4903.011187,7698.141797
20684.052548,0.000000,-5745.716235,7920.203579
20684.052871,-888.247130,-2528.115143,9474.636058
20684.053194,-888.247130,-1685.410096,9696.697840
20684.053517,2738.761985,-2834.553343,7254.018232
20684.053841,6587.832884,-842.705048,9696.697840
20684.054164,4441.235652,1455.581446,11991.336260
20684.054487,3923.091493,536.266849,8956.491898
20684.054811,6069.688724,-2298.286494,7624.121203
20684.055134,6291.750507,-1225.752797,10881.027347
20684.055457,4515.256246,1072.533697,11103.089130
20684.055781,3627.009116,612.876398,8660.409521
20684.056104,4589.276840,-1762.019645,7031.956449
20684.056427,3034.844362,-689.485948,10288.862594
20684.056750,-222.061783,383.047749,11695.253884
20684.057074,-444.123565,-2068.457845,9252.574275
20684.057397,888.247130,-3447.429741,9178.553681
20684.057720,-592.164754,-2145.067394,10510.924376
20684.058044,-3182.885551,-995.924147,10066.800811
20684.058367,-2072.576638,-1991.848295,8216.285956
20684.058690,-1036.288319,-1378.971896,10288.862594
20684.059014,-3256.906145,459.657299,11695.253884
20684.059337,-4737.318029,-459.657299,9030.512492
20684.059660,-3330.926739,-2681.334243,6587.832884
20684.059983,-2590.720797,-1915.238745,8882.471304
20684.060307,-4219.173869,1072.533697,10362.883188
20684.060630,-3404.947333,1455.581446,7846.182985
20684.060953,-1850.514855,76.609550,6217.729913
20684.061277,-1110.308913,1762.019645,7550.100608
20684.061600,-2442.679609,2681.334243,8808.450710
20684.061923,-2442.679609,1532.190996,7476.080014
20684.062246,74.020594,459.657299,7179.997637
20684.062570,-370.102971,1685.410096,9104.533087
20684.062893,-1850.514855,2451.505594,8660.409521
20684.063216,444.123565,536.266849,6883.915261
20684.063540,2516.700203,1915.238745,9178.553681
20684.063863,-296.082377,2221.676944,12435.459826
20684.064186,-4219.173869,919.314598,10955.047942
20684.064510,-296.082377,-2374.896044,5107.421000
20684.064833,74.020594,-1302.362347,8808.450710
20684.065156,-2442.679609,153.219100,12213.398043
20684.065479,-2738.761985,766.095498,8882.471304
20684.065803,1258.350101,-1302.362347,7772.162391
20684.066126,222.061783,-306.438199,10732.986159
20684.066449,-3923.091493,1149.143247,9918.759623
20684.066773,-2960.823768,-2145.067394,6661.853478
20684.067096,-1258.350101,-4673.182538,7476.080014
20684.067419,-2368.659014,-2681.334243,11325.150913
20684.067743,-3182.885551,-1149.143247,8882.471304
20684.068066,-1850.514855,-3217.601092,7254.018232
20684.068389,888.247130,-3677.258390,9400.615463
20684.068712,962.267725,383.047749,12139.377449
20684.069036,1776.494261,-1302.362347,9844.739029
20684.069359,4145.153275,-3677.258390,8216.285956
20684.069682,6291.750507,-1225.752797,9548.656652
20684.070006,5477.523971,1608.800546,10658.965565
20684.070329,5329.482782,536.266849,9770.718434
20684.070652,7624.121203,-459.657299,8956.491898
20684.070976,7328.038826,1532.190996,10362.883188
20684.071299,3775.050304,1302.362347,11399.171507
20684.071622,2294.638420,-995.924147,7476.080014
20684.071945,2368.659014,-1762.019645,8216.285956
20684.072269,1184.329507,-1608.800546,10584.944971
20684.072592,-2812.782580,-689.485948,9178.553681
20684.072915,-3330.926739,-2604.724693,7550.100608
20684.073239,-3034.844362,-2451.505594,8882.471304
20684.073562,-5551.544565,-2221.676944,9622.677246
20684.073885,-6069.688724,-3294.210641,9030.512492
20684.074208,-4367.215058,-4903.011187,8068.244768
20684.074532,-3627.009116,-3294.210641,9622.677246
20684.074855,-5329.482782,-766.095498,9622.677246
20684.075178,-3701.029710,-1072.533697,8216.285956
20684.075502,-148.041188,-1225.752797,8142.265362
20684.075825,962.267725,1915.238745,9844.739029
20684.076148,-1258.350101,3600.648841,10362.883188
20684.076472,0.000000,306.438199,6143.709319
20684.076795,1036.288319,0.000000,6069.688724
20684.077118,1110.308913,1532.190996,10510.924376
20684.077441,0.000000,3294.210641,10807.006753
20684.077765,1406.391290,842.705048,7920.203579
20684.078088,1776.494261,766.095498,8364.327145
20684.078411,-1332.370696,2451.505594,11769.274478
20684.078735,-2146.597232,1532.190996,9992.780217
20684.079058,-1110.308913,-842.705048,7105.977043
20684.079381,-888.247130,-1915.238745,8512.368333
20684.079704,-3849.070898,383.047749,9918.759623
20684.080028,-4589.276840,-306.438199,6587.832884
20684.080351,-2072.576638,-612.876398,6809.894666
20684.080674,-1850.514855,0.000000,10436.903782
20684.080997,-4811.338623,1225.752797,9104.533087
20684.081321,-3256.906145,-995.924147,7254.018232
20684.081644,-740.205942,-3447.429741,7550.100608
20684.081967,-1628.453072,-612.876398,11029.068536
20684.082290,-2738.761985,0.000000,10214.842000
20684.082614,-888.247130,-1991.848295,7550.100608
20684.082937,1998.556043,-2528.115143,8290.306550
20684.083260,888.247130,0.000000,11177.109724
20684.083583,296.082377,-842.705048,10436.903782
20684.083907,3034.844362,-2911.162892,8586.388927
20684.084230,5181.441594,-1455.581446,11029.068536
20684.084553,4959.379811,0.000000,11695.253884
20684.084876,3997.112087,76.609550,8586.388927
20684.085199,5625.565159,-536.266849,6587.832884
20684.085523,6587.832884,1302.362347,9400.615463
20684.085846,3552.988522,2604.724693,11029.068536
20684.086169,3404.947333,-306.438199,7846.182985
20684.086492,3849.070898,-1991.848295,7476.080014
20684.086816,1776.494261,-1072.533697,9918.759623
20684.087139,-1554.432478,-459.657299,10510.924376
20684.087462,-1924.535449,-2757.943793,8586.388927
20684.087785,-888.247130,-3600.648841,8956.491898
20684.088109,-3552.988522,-2221.676944,11473.192101
20684.088432,-5107.421000,-2068.457845,10214.842000
20684.088755,-3256.906145,-3983.696590,7402.059420
20684.089078,-2220.617826,-3753.867940,8956.491898
20684.089402,-3330.926739,-1455.581446,10140.821405
20684.089725,-3627.009116,0.000000,8290.306550
20684.090048,-296.082377,-766.095498,7031.956449
20684.090371,962.267725,1149.143247,9104.533087
20684.090695,-1554.432478,2221.676944,10584.944971
20684.091018,-1628.453072,459.657299,7624.121203
20684.091341,370.102971,-306.438199,8808.450710
20684.091664,518.144159,383.047749,10436.903782
20684.091988,-2442.679609,1991.848295,8956.491898
20684.092311,-592.164754,-1225.752797,6661.853478
20684.092634,518.144159,229.828649,7846.182985
20684.092957,-1332.370696,1838.629195,10510.924376
20684.093281,-3330.926739,1532.190996,9400.615463
20684.093604,-1776.494261,-612.876398,7476.080014
20684.093927,-1184.329507,-689.485948,9326.594869
20684.094250,-2294.638420,1072.533697,10510.924376
20684.094573,-1702.473667,536.266849,5921.647536
20684.094897,74.020594,-766.095498,5847.626942
20684.095220,1036.288319,1072.533697,8364.327145
20684.095543,-2072.576638,3294.210641,10584.944971
20684.095866,-2072.576638,919.314598,10881.027347
20684.096190,0.000000,-1838.629195,8364.327145
20684.096513,-1036.288319,-1608.800546,8882.471304
20684.096836,-3627.009116,-2451.505594,9474.636058
20684.097159,-3330.926739,-2221.676944,8660.409521
20684.097483,1184.329507,-2757.943793,10288.862594
20684.097806,888.247130,0.000000,12509.480420
20684.098129,-1480.411884,-1072.533697,12213.398043
20684.098452,518.144159,-2911.162892,8734.430116
20684.098776,2516.700203,-1762.019645,9918.759623
20684.099099,3552.988522,-689.485948,11399.171507
20684.099422,4737.318029,612.876398,9622.677246
20684.099745,5847.626942,459.657299,7179.997637
20684.100069,5329.482782,1302.362347,7476.080014
20684.100392,3552.988522,2374.896044,8290.306550
20684.100715,2886.803174,0.000000,7031.956449
20684.101038,3923.091493,-1072.533697,7920.203579
20684.101362,3182.885551,-459.657299,9696.697840
20684.101685,0.000000,-919.314598,9030.512492
20684.102008,0.000000,-2068.457845,8438.347739
20684.102331,1110.308913,-2221.676944,9252.574275
20684.102655,-444.123565,-459.657299,11769.274478
20684.102978,-3034.844362,-1915.238745,9474.636058
20684.103301,-2368.659014,-3524.039291,8290.306550
20684.103624,-370.102971,-2911.162892,9178.553681
20684.103947,-2442.679609,-306.438199,10214.842000
20684.104271,-2664.741391,-919.314598,8882.471304
20684.104594,-1702.473667,-1762.019645,8142.265362
20684.104917,-888.247130,383.047749,10955.047942
20684.105240,-1924.535449,1991.848295,11843.295072
20684.105564,-1702.473667,-766.095498,7846.182985
20684.105887,-740.205942,-2221.676944,7328.038826
20684.106210,-1702.473667,229.828649,10510.924376
20684.106533,-2590.720797,2298.286494,10066.800811
20684.106857,-888.247130,612.876398,6883.915261
20684.107180,148.041188,0.000000,7698.141797
20684.107503,-2072.576638,1532.190996,10732.986159
20684.107826,-4219.173869,1149.143247,9030.512492
20684.108150,-2738.761985,-1685.410096,6439.791695
20684.108473,-814.226536,-1302.362347,8216.285956
20684.108796,-3108.864956,612.876398,9918.759623
20684.109119,-4589.276840,0.000000,7402.059420
20684.109443,-2516.700203,-1302.362347,7920.203579
20684.109766,222.061783,-536.266849,9252.574275
20684.110089,-1702.473667,1762.019645,10807.006753
20684.110412,-2590.720797,-306.438199,7328.038826
20684.110736,-1110.308913,-2528.115143,6365.771101
20684.111059,-444.123565,-1608.800546,8956.491898
20684.111382,-2072.576638,-306.438199,10510.924376
20684.111705,-1480.411884,-995.924147,8660.409521
20684.112029,-222.061783,-2681.334243,8512.368333
20684.112352,-740.205942,-1072.533697,12139.377449
20684.112675,-1258.350101,-1378.971896,11325.150913
20684.112998,148.041188,-3600.648841,9030.512492
20684.113321,1628.453072,-4443.353888,9474.636058
20684.113645,814.226536,-689.485948,12583.501014
20684.113968,2368.659014,-153.219100,10362.883188
20684.114291,5329.482782,-1685.410096,8290.306550
20684.114614,6217.729913,-689.485948,9474.636058
20684.114938,2294.638420,2451.505594,12361.439231
20684.115261,1332.370696,612.876398,9474.636058
20684.115584,4589.276840,-1378.971896,6587.832884
20684.115907,4737.318029,-1225.752797,8216.285956
20684.116231,1480.411884,229.828649,10807.006753
20684.116554,1332.370696,76.609550,9104.533087
20684.116877,3478.967927,-766.095498,6883.915261
20684.117200,2368.659014,76.609550,9696.697840
20684.117524,-1036.288319,1072.533697,8956.491898
20684.117847,-74.020594,-842.705048,6365.771101
20684.118170,2368.659014,-1838.629195,7846.182985
20684.118493,148.041188,689.485948,10658.965565
20684.118817,-1702.473667,1302.362347,9030.512492
20684.119140,-814.226536,-612.876398,7476.080014
20684.119463,518.144159,-919.314598,8734.430116
20684.119786,-1480.411884,995.924147,9696.697840
20684.120110,-4293.194464,229.828649,8216.285956
20684.120433,-3034.844362,-1838.629195,7254.018232
20684.120756,-2886.803174,-383.047749,7550.100608
20684.121079,-3997.112087,383.047749,10881.027347
20684.121403,-3701.029710,-153.219100,9622.677246
20684.121726,-518.144159,-229.828649,8068.244768
20684.122049,0.000000,1608.800546,10436.903782
20684.122372,-1776.494261,2451.505594,10584.944971
20684.122695,-1406.391290,1838.629195,7994.224174
20684.123019,888.247130,612.876398,8438.347739
20684.123342,0.000000,-229.828649,7476.080014
20684.123665,-2368.659014,766.095498,8586.388927
20684.123988,-2960.823768,153.219100,8882.471304
20684.124312,-1702.473667,1072.533697,11177.109724
20684.124635,-2960.823768,1149.143247,11695.253884
20684.124958,-4219.173869,-2298.286494,7920.203579
20684.125281,-4219.173869,-4290.134789,8438.347739
20684.125605,-2812.782580,-2681.334243,8956.491898
20684.125928,-2738.761985,-919.314598,9474.636058
20684.126251,-1480.411884,-2451.505594,7920.203579
20684.126574,0.000000,-1149.143247,7846.182985
20684.126898,0.000000,1149.143247,11177.109724
20684.127221,-1702.473667,153.219100,9474.636058
20684.127544,0.000000,-3294.210641,7328.038826
20684.127867,2072.576638,-3983.696590,7698.141797
20684.128191,-666.185348,-1991.848295,11695.253884
20684.128514,-1184.329507,-1838.629195,10584.944971
20684.128837,1850.514855,-3983.696590,7105.977043
20684.129160,3182.885551,-2604.724693,9548.656652
20684.129484,592.164754,-612.876398,12583.501014
20684.129807,1850.514855,-1991.848295,10288.862594
20684.130130,4293.194464,-4366.744339,8438.347739
20684.130453,4811.338623,-2604.724693,9696.697840
20684.130777,3034.844362,0.000000,10436.903782
20684.131100,3404.947333,-229.828649,8734.430116
20684.131423,5181.441594,-919.314598,8956.491898
20684.131746,6217.729913,1378.971896,10881.027347
20684.132069,3404.947333,1685.410096,10066.800811
20684.132393,962.267725,-612.876398,8364.327145
20684.132716,1850.514855,-1762.019645,9474.636058
20684.133039,666.185348,-383.047749,10066.800811
20684.133362,-2368.659014,-995.924147,9326.594869
20684.133686,-1554.432478,-2451.505594,7105.977043
20684.134009,0.000000,-229.828649,9178.553681
20684.134332,-2738.761985,1072.533697,11325.150913
20684.134655,-3923.091493,0.000000,8660.409521
20684.134979,-3256.906145,-1149.143247,7031.956449
20684.135302,-2294.638420,-995.924147,8364.327145
20684.135625,-4293.194464,1072.533697,9548.656652
20684.135948,-3034.844362,-612.876398,6587.832884
20684.136272,-1998.556043,0.000000,6809.894666
20684.136595,-1702.473667,1838.629195,9844.739029
20684.136918,-2738.761985,3907.087040,9548.656652
20684.137241,-2960.823768,842.705048,7105.977043
20684.137565,-1776.494261,0.000000,7772.162391
20684.137888,-1036.288319,1455.581446,9844.739029
20684.138211,-1406.391290,1838.629195,9030.512492
20684.138534,0.000000,0.000000,7772.162391
20684.138858,0.000000,1838.629195,9770.718434
20684.139181,-1036.288319,2911.162892,11843.295072
20684.139504,-2516.700203,995.924147,8438.347739
20684.139827,-2146.597232,-2451.505594,6661.853478
20684.140151,-1258.350101,-2451.505594,9030.512492
20684.140474,-3256.906145,76.609550,12065.356855
20684.140797,-1924.535449,-689.485948,9030.512492
20684.141120,-148.041188,-1455.581446,7846.182985
20684.141443,-222.061783,-689.485948,9178.553681
20684.141767,-2368.659014,1685.410096,10658.965565
20684.142090,-1480.411884,-1991.848295,7402.059420
20684.142413,1184.329507,-3447.429741,5699.585753
20684.142736,666.185348,-2451.505594,10732.986159
20684.143060,-1184.329507,-1455.581446,9474.636058
20684.143383,-222.061783,-2298.286494,7698.141797
20684.143706,1036.288319,-3140.991542,9474.636058
20684.144029,-222.061783,-1149.143247,12139.377449
20684.144353,-518.144159,-1991.848295,9992.780217
20684.144676,2886.803174,-5209.449386,8068.244768
20684.144999,5625.565159,-4060.306139,10140.821405
20684.145322,2516.700203,0.000000,11399.171507
20684.145646,2516.700203,229.828649,9696.697840
20684.145969,5921.647536,-1149.143247,6883.915261
20684.146292,7328.038826,76.609550,7994.224174
20684.146615,3923.091493,2068.457845,11251.130318
20684.146939,2146.597232,153.219100,10214.842000
20684.147262,3701.029710,-2221.676944,8956.491898
20684.147585,3552.988522,-2068.457845,9992.780217
20684.147908,0.000000,-995.924147,10732.986159
20684.148232,-2146.597232,-1838.629195,10362.883188
20684.148555,-1554.432478,-1302.362347,9252.574275
20684.148878,-1110.308913,-1072.533697,9992.780217
20684.149201,-4145.153275,-1378.971896,9474.636058
20684.149525,-4515.256246,-2834.553343,8290.306550
20684.149848,-1628.453072,-1608.800546,9400.615463
20684.150171,-1332.370696,612.876398,9474.636058
20684.150494,-3478.967927,0.000000,7328.038826
20684.150817,-3775.050304,1072.533697,5995.668130
20684.151141,-1850.514855,2834.553343,8734.430116
20684.151464,-3108.864956,2451.505594,8734.430116
20684.151787,-3701.029710,1302.362347,8068.244768
20684.152110,-2368.659014,76.609550,6883.915261
20684.152434,-1702.473667,842.705048,7698.141797
20684.152757,-2812.782580,1532.190996,7328.038826
20684.153080,-2516.700203,1378.971896,7402.059420
20684.153403,-74.020594,2298.286494,8808.450710
20684.153727,-148.041188,3753.867940,12657.521608
20684.154050,-1184.329507,3064.381992,11029.068536
20684.154373,-296.082377,-306.438199,8068.244768
20684.154696,74.020594,-612.876398,8290.306550
20684.155020,-962.267725,842.705048,9622.677246
20684.155343,-296.082377,1149.143247,7772.162391
20684.155666,370.102971,76.609550,7179.997637
20684.155989,592.164754,1455.581446,10436.903782
20684.156313,-888.247130,1532.190996,10288.862594
20684.156636,-2294.638420,-995.924147,8290.306550
20684.156959,-962.267725,-3677.258390,9400.615463
20684.157282,-1258.350101,-2068.457845,10807.006753
20684.157606,-2442.679609,-1762.019645,9474.636058
20684.157929,-1554.432478,-3983.696590,6809.894666
20684.158252,740.205942,-3064.381992,8290.306550
20684.158575,814.226536,-1302.362347,11177.109724
20684.158899,-814.226536,-919.314598,10362.883188
20684.159222,444.123565,-3753.867940,8660.409521
20684.159545,3552.988522,-3753.867940,8068.244768
20684.159868,2664.741391,-842.705048,11103.089130
20684.160191,2664.741391,-1685.410096,9844.739029
20684.160515,4663.297435,-3447.429741,7772.162391
20684.160838,5403.503377,-1378.971896,9770.718434
20684.161161,4367.215058,842.705048,11991.336260
20684.161484,3552.988522,-76.609550,10214.842000
20684.161808,4515.256246,-2528.115143,8734.430116
20684.162131,3775.050304,-1991.848295,9474.636058
20684.162454,2516.700203,0.000000,9844.739029
20684.162777,1110.308913,-1608.800546,8956.491898
20684.163101,1110.308913,-1378.971896,8956.491898
20684.163424,-1036.288319,-536.266849,10881.027347
20684.163747,-3404.947333,-995.924147,10288.862594
20684.164070,-3701.029710,-3140.991542,9326.594869
20684.164394,-3478.967927,-3677.258390,8438.347739
20684.164717,-4367.215058,-2757.943793,9252.574275
20684.165040,-4885.359217,-1685.410096,8882.471304
20684.165363,-3627.009116,-1302.362347,7550.100608
20684.165687,-1924.535449,76.609550,9474.636058
20684.166010,-3404.947333,1838.629195,11473.192101
20684.166333,-3330.926739,612.876398,8660.409521
20684.166656,-1628.453072,-766.095498,6069.688724
20684.166980,-444.123565,153.219100,8586.388927
20684.167303,-1480.411884,2528.115143,9696.697840
20684.167626,-1036.288319,1915.238745,7031.956449
20684.167949,222.061783,1302.362347,4959.379811
20684.168273,-962.267725,2834.553343,8882.471304
20684.168596,-2738.761985,3677.258390,9622.677246
20684.168919,-1332.370696,1532.190996,7994.224174
20684.169242,0.000000,0.000000,7772.162391
20684.169565,-1332.370696,689.485948,9622.677246
20684.169889,-2590.720797,1685.410096,9474.636058
20684.170212,-1036.288319,229.828649,7920.203579
20684.170535,296.082377,536.266849,9252.574275
20684.170858,-2072.576638,2068.457845,10510.924376
20684.171182,-4515.256246,995.924147,9474.636058
20684.171505,-888.247130,-2604.724693,6365.771101
20684.171828,814.226536,-1455.581446,9548.656652
20684.172151,-740.205942,-459.657299,11621.233289
20684.172475,-3404.947333,-383.047749,8438.347739
20684.172798,-666.185348,-2221.676944,7624.121203
20684.173121,1110.308913,-1532.190996,9770.718434
20684.173444,0.000000,-612.876398,10807.006753
20684.173768,-518.144159,-1838.629195,9770.718434
20684.174091,2368.659014,-2757.943793,9474.636058
20684.174414,4293.194464,-1532.190996,10807.006753
20684.174737,3404.947333,-306.438199,10214.842000
20684.175061,2886.803174,-1149.143247,8512.368333
20684.175384,5033.400406,-306.438199,8438.347739
20684.175707,5033.400406,459.657299,9918.759623
20684.176030,3182.885551,0.000000,9252.574275
20684.176354,4219.173869,-1608.800546,7402.059420
20684.176677,5551.544565,-383.047749,8882.471304
20684.177000,3552.988522,0.000000,10288.862594
20684.177323,1258.350101,-842.705048,9474.636058
20684.177647,2146.597232,-1302.362347,7105.977043
20684.177970,1332.370696,-689.485948,11029.068536
20684.178293,-1480.411884,-536.266849,11843.295072
20684.178616,-1702.473667,-2145.067394,8660.409521
20684.178939,-592.164754,-4213.525239,8290.306550
20684.179263,-962.267725,-2374.896044,9104.533087
20684.179586,-2664.741391,-306.438199,9400.615463
20684.179909,-2812.782580,-842.705048,8734.430116
20684.180232,-2960.823768,-689.485948,10214.842000
20684.180556,-4219.173869,306.438199,10510.924376
20684.180879,-5699.585753,-1302.362347,8660.409521
20684.181202,-4737.318029,-4060.306139,6587.832884
20684.181525,-4515.256246,-2068.457845,9252.574275
20684.181848,-4071.132681,76.609550,9252.574275
20684.182172,-2960.823768,0.000000,9326.594869
20684.182495,-888.247130,153.219100,8956.491898
20684.182818,-1110.308913,3064.381992,11843.295072
20684.183141,-1628.453072,3370.820191,11029.068536
20684.183464,-222.061783,0.000000,5773.606348
20684.183788,1480.411884,-995.924147,5329.482782
20684.184111,1036.288319,2145.067394,8660.409521
20684.184434,-814.226536,4060.306139,9696.697840
20684.184757,0.000000,1915.238745,7624.121203
20684.185081,2146.597232,1915.238745,7179.997637
20684.185404,0.000000,1838.629195,9474.636058
20684.185727,-2960.823768,995.924147,8956.491898
20684.186050,-2072.576638,-612.876398,8660.409521
20684.186373,-222.061783,-1455.581446,9030.512492
20684.186697,-3182.885551,-842.705048,8586.388927
20684.187020,-4589.276840,-2145.067394,7698.141797
20684.187343,-3849.070898,-2604.724693,7105.977043
20684.187666,-2516.700203,-2068.457845,9696.697840
20684.187989,-3404.947333,-1378.971896,11769.274478
20684.188313,-3404.947333,-2834.553343,10807.006753
20684.188636,-1554.432478,-4826.401637,9474.636058
20684.188959,-444.123565,-2911.162892,10436.903782
20684.189282,222.061783,-2068.457845,9548.656652
20684.189606,2072.576638,-2221.676944,8660.409521
20684.189929,5033.400406,-612.876398,10362.883188
20684.190252,5625.565159,919.314598,11917.315666
20684.190575,4811.338623,919.314598,10214.842000
20684.190898,6735.874072,-1455.581446,7328.038826
20684.191222,7328.038826,-1991.848295,9326.594869
20684.191545,4293.194464,-459.657299,11251.130318
20684.191868,4145.153275,-459.657299,10807.006753
20684.192191,6365.771101,-1225.752797,9104.533087
20684.192514,5181.441594,-306.438199,9918.759623
20684.192838,592.164754,0.000000,10658.965565
20684.193161,-518.144159,-1149.143247,8290.306550
20684.193484,1554.432478,-2451.505594,7476.080014
20684.193807,444.123565,-689.485948,7846.182985
20684.194130,-3478.967927,689.485948,8290.306550
20684.194454,-2812.782580,-1608.800546,6513.812290
20684.194777,-1332.370696,-766.095498,7920.203579
20684.195100,-2738.761985,612.876398,11029.068536
20684.195423,-5477.523971,0.000000,9326.594869
20684.195747,-5625.565159,-1991.848295,7402.059420
20684.196070,-4071.132681,-2298.286494,9326.594869
20684.196393,-4367.215058,612.876398,10881.027347
20684.196716,-4219.173869,-842.705048,8364.327145
20684.197039,-3034.844362,-1455.581446,7772.162391
20684.197363,-2368.659014,842.705048,9178.553681
20684.197686,-3108.864956,3370.820191,10288.862594
20684.198009,-2812.782580,1532.190996,8882.471304
20684.198332,-814.226536,306.438199,8586.388927
20684.198655,0.000000,1762.019645,9104.533087
20684.198979,-1258.350101,2374.896044,9844.739029
20684.199302,296.082377,1225.752797,8660.409521
20684.199625,2220.617826,1455.581446,7179.997637
20684.199948,0.000000,2451.505594,10140.821405
20684.200272,-2516.700203,1915.238745,9400.615463
20684.200595,-1850.514855,153.219100,7254.018232
20684.200918,222.061783,-2068.457845,7105.977043
20684.201241,-1998.556043,-612.876398,9326.594869
20684.201564,-2590.720797,-612.876398,8882.471304
20684.201888,-1258.350101,-842.705048,7105.977043
20684.202211,-444.123565,-536.266849,9474.636058
20684.202534,-2146.597232,-383.047749,8734.430116
20684.202857,-2516.700203,-2374.896044,7476.080014
20684.203180,-370.102971,-3830.477490,6735.874072
20684.203504,-1406.391290,-2145.067394,11843.295072
20684.203827,-592.164754,-3600.648841,10066.800811
20684.204150,-148.041188,-3983.696590,6809.894666
20684.204473,444.123565,-4060.306139,9696.697840
20684.204797,-666.185348,-919.314598,11991.336260
20684.205120,666.185348,-766.095498,11325.150913
20684.205443,5033.400406,-4826.401637,8290.306550
20684.205766,5699.585753,-3140.991542,9992.780217
20684.206089,4737.318029,-995.924147,11843.295072
20684.206413,5699.585753,229.828649,10732.986159
20684.206736,8586.388927,-766.095498,10140.821405
20684.207059,8586.388927,1302.362347,13841.851115
20684.207382,4293.194464,1991.848295,12361.439231
20684.207705,3108.864956,-1685.410096,7772.162391
20684.208029,4589.276840,-2911.162892,8068.244768
20684.208352,2590.720797,-1378.971896,10881.027347
20684.208675,-1998.556043,0.000000,10288.862594
20684.208998,-2738.761985,-2145.067394,6883.915261
20684.209321,-2590.720797,-1762.019645,7476.080014
20684.209645,-4885.359217,0.000000,8734.430116
20684.209968,-6957.935855,-306.438199,7920.203579
20684.210291,-4145.153275,-3447.429741,6883.915261
20684.210614,-2220.617826,-2374.896044,7624.121203
20684.210938,-4885.359217,842.705048,9400.615463
20684.211261,-5255.462188,689.485948,7179.997637
20684.211584,-2664.741391,-612.876398,5477.523971
20684.211907,-518.144159,842.705048,9104.533087
20684.212230,-1998.556043,2451.505594,10658.965565
20684.212554,-2960.823768,2068.457845,8808.450710
20684.212877,-296.082377,-459.657299,7254.018232
20684.213200,148.041188,612.876398,8734.430116
20684.213523,-1628.453072,1762.019645,9844.739029
20684.213846,-1702.473667,1991.848295,8956.491898
20684.214170,1480.411884,1685.410096,9548.656652
20684.214493,1850.514855,2681.334243,10436.903782
20684.214816,-2516.700203,2451.505594,9992.780217
20684.215139,-1554.432478,-919.314598,6439.791695
20684.215463,-1332.370696,-1072.533697,9178.553681
20684.215786,-2368.659014,-612.876398,11547.212695
20684.216109,-2960.823768,-536.266849,9474.636058
20684.216432,-2072.576638,-2451.505594,8586.388927
20684.216755,-2516.700203,-1455.581446,9622.677246
20684.217079,-3552.988522,0.000000,10732.986159
20684.217402,-2146.597232,-1838.629195,7179.997637
20684.217725,-1110.308913,-4136.915689,6587.832884
20684.218048,-1628.453072,-1991.848295,8956.491898
20684.218371,-2368.659014,153.219100,10955.047942
20684.218695,-148.041188,-1685.410096,9474.636058
20684.219018,1184.329507,-2834.553343,8956.491898
20684.219341,1184.329507,-842.705048,10807.006753
20684.219664,-592.164754,-766.095498,9622.677246
20684.219987,1110.308913,-2604.724693,7920.203579
20684.220311,3849.070898,-2681.334243,8808.450710
20684.220634,3034.844362,-766.095498,10214.842000
20684.220957,1924.535449,-612.876398,8808.450710
20684.221280,5255.462188,-1532.190996,7254.018232
20684.221604,7254.018232,383.047749,10584.944971
20684.221927,4145.153275,2528.115143,11843.295072
20684.222250,2960.823768,536.266849,9918.759623
20684.222573,4293.194464,-2374.896044,7994.224174
20684.222896,4441.235652,-2374.896044,8660.409521
20684.223220,1036.288319,-306.438199,10955.047942
20684.223543,518.144159,-689.485948,9844.739029
20684.223866,1702.473667,-1685.410096,9548.656652
20684.224189,74.020594,-1225.752797,11103.089130
20684.224512,-4071.132681,-1225.752797,9770.718434
20684.224836,-4589.276840,-3064.381992,7994.224174
20684.225159,-2886.803174,-3677.258390,8142.265362
20684.225482,-2738.761985,-1991.848295,9474.636058
20684.225805,-4663.297435,-995.924147,9326.594869
20684.226129,-3478.967927,-919.314598,7031.956449
20684.226452,-1850.514855,0.000000,7328.038826
20684.226775,-1480.411884,1991.848295,9474.636058
20684.227098,-2516.700203,766.095498,7772.162391
20684.227421,-1702.473667,0.000000,8660.409521
20684.227745,888.247130,0.000000,9178.553681
20684.228068,518.144159,1915.238745,8586.388927
20684.228391,222.061783,919.314598,7698.141797
20684.228714,1258.350101,1072.533697,8364.327145
20684.229037,1480.411884,3447.429741,11399.171507
20684.229361,1554.432478,2604.724693,9770.718434
20684.229684,0.000000,766.095498,7920.203579
20684.230007,-296.082377,-612.876398,7550.100608
20684.230330,-1110.308913,1532.190996,9770.718434
20684.230654,-296.082377,1378.971896,9252.574275
20684.230977,-1554.432478,536.266849,9178.553681
20684.231300,-3330.926739,-306.438199,9030.512492
20684.231623,-4811.338623,842.705048,8290.306550
20684.231946,-5551.544565,-1532.190996,7624.121203
20684.232270,-4737.318029,-3907.087040,6587.832884
20684.232593,-4737.318029,-2681.334243,7179.997637
20684.232916,-5107.421000,-1915.238745,9844.739029
20684.233239,-4885.359217,-1762.019645,9696.697840
20684.233562,-1998.556043,-2374.896044,8956.491898
20684.233886,222.061783,-2068.457845,10066.800811
20684.234209,-296.082377,-1532.190996,11695.253884
20684.234532,2072.576638,-1915.238745,10214.842000
20684.234855,5181.441594,-1915.238745,10140.821405
20684.235178,4959.379811,-919.314598,10807.006753
20684.235502,3108.864956,383.047749,11547.212695
20684.235825,4589.276840,-612.876398,9252.574275
20684.236148,6661.853478,-919.314598,9474.636058
20684.236471,6217.729913,766.095498,11621.233289
20684.236795,3404.947333,1225.752797,9696.697840
20684.237118,3182.885551,-1378.971896,6439.791695
20684.237441,3034.844362,-2298.286494,7920.203579
20684.237764,2072.576638,-766.095498,9474.636058
20684.238087,370.102971,459.657299,8586.388927
20684.238411,1406.391290,-1455.581446,7994.224174
20684.238734,1480.411884,-1608.800546,9178.553681
20684.239057,-1480.411884,383.047749,10955.047942
20684.239380,-2294.638420,-1532.190996,8808.450710
20684.239703,-814.226536,-3524.039291,6735.874072
20684.240027,-666.185348,-2987.772442,8216.285956
20684.240350,-3478.967927,0.000000,10955.047942
20684.240673,-2886.803174,-536.266849,10214.842000
20684.240996,-1036.288319,-1302.362347,9548.656652
20684.241320,-1998.556043,0.000000,10732.986159
20684.241643,-4515.256246,-306.438199,8512.368333
20684.241966,-3627.009116,-1532.190996,6587.832884
20684.242289,-1110.308913,-1149.143247,8808.450710
20684.242612,-1110.308913,1072.533697,11325.150913
20684.242936,-2146.597232,2451.505594,9696.697840
20684.243259,-222.061783,1225.752797,8586.388927
20684.243582,814.226536,766.095498,8808.450710
20684.243905,-370.102971,2757.943793,9844.739029
20684.244228,-296.082377,2374.896044,9474.636058
20684.244552,1036.288319,1455.581446,8142.265362
20684.244875,740.205942,1532.190996,8068.244768
20684.245198,-1184.329507,1378.971896,7476.080014
20684.245521,-740.205942,1608.800546,6587.832884
20684.245845,370.102971,995.924147,8142.265362
20684.246168,-1554.432478,2221.676944,11177.109724
20684.246491,-3923.091493,612.876398,9548.656652
20684.246814,-3330.926739,-2145.067394,7254.018232
20684.247137,-2960.823768,-2987.772442,7402.059420
20684.247461,-5107.421000,-1608.800546,8882.471304
20684.247784,-4885.359217,-1532.190996,8882.471304
20684.248107,-3182.885551,-1532.190996,7846.182985
20684.248430,-1554.432478,-1685.410096,9178.553681
20684.248753,-4071.132681,-842.705048,8808.450710
20684.249077,-5551.544565,-2221.676944,8882.471304
20684.249400,-1850.514855,-3830.477490,8438.347739
20684.249723,592.164754,-2374.896044,9400.615463
20684.250046,1036.288319,-2451.505594,10807.006753
20684.250369,1184.329507,-1455.581446,10881.027347
20684.250693,4515.256246,-1072.533697,11103.089130
20684.251016,6291.750507,0.000000,11769.274478
20684.251339,4959.379811,-536.266849,11695.253884
20684.251662,6143.709319,-1149.143247,9474.636058
20684.251986,7920.203579,-612.876398,10584.944971
20684.252309,6809.894666,153.219100,11547.212695
20684.252632,5477.523971,766.095498,9918.759623
20684.252955,4589.276840,-536.266849,7179.997637
20684.253278,3775.050304,-383.047749,8512.368333
20684.253602,1850.514855,842.705048,10362.883188
20684.253925,592.164754,-306.438199,7846.182985
20684.254248,-814.226536,-2221.676944,7179.997637
20684.254571,-2368.659014,-1915.238745,9252.574275
20684.254894,-3108.864956,-1378.971896,8586.388927
20684.255218,-3997.112087,-1838.629195,6809.894666
20684.255541,-3108.864956,-2834.553343,6735.874072
20684.255864,-3627.009116,-229.828649,9696.697840
20684.256187,-3923.091493,229.828649,10140.821405
20684.256511,-3182.885551,-1302.362347,8068.244768
20684.256834,-1924.535449,-1302.362347,7920.203579
20684.257157,-1184.329507,0.000000,9844.739029
20684.257480,-1480.411884,459.657299,8364.327145
20684.257803,148.041188,0.000000,8068.244768
20684.258127,962.267725,2374.896044,11177.109724
20684.258450,-296.082377,4443.353888,12583.501014
20684.258773,0.000000,2451.505594,9252.574275
20684.259096,1554.432478,-1225.752797,6439.791695
20684.259419,-370.102971,0.000000,9104.533087
20684.259743,-1332.370696,1608.800546,9474.636058
20684.260066,-888.247130,1532.190996,8068.244768
20684.260389,370.102971,995.924147,8956.491898
20684.260712,-2072.576638,2221.676944,10288.862594
20684.261036,-5551.544565,1838.629195,9770.718434
20684.261359,-3182.885551,-2834.553343,4811.338623
20684.261682,-2738.761985,-2145.067394,6291.750507
20684.262005,-2368.659014,-1762.019645,8882.471304
20684.262328,-4441.235652,76.609550,8734.430116
20684.262652,-2590.720797,-995.924147,8660.409521
20684.262975,0.000000,-689.485948,11251.130318
20684.263298,-1924.535449,229.828649,11251.130318
20684.263621,-2960.823768,-1762.019645,9770.718434
20684.263944,-1036.288319,-4519.963438,7624.121203
20684.264268,1258.350101,-2451.505594,9844.739029
20684.264591,148.041188,-1608.800546,9474.636058
20684.264914,-296.082377,-1608.800546,7476.080014
20684.265237,1924.535449,-1378.971896,8068.244768
20684.265560,2738.761985,766.095498,11103.089130
20684.265884,2664.741391,995.924147,11473.192101
20684.266207,4737.318029,-1608.800546,9474.636058
20684.266530,4441.235652,-2604.724693,10362.883188
20684.266853,2886.803174,-306.438199,11103.089130
20684.267177,2960.823768,0.000000,9770.718434
20684.267500,4663.297435,-2757.943793,6957.935855
20684.267823,5033.400406,-1378.971896,8808.450710
20684.268146,2590.720797,689.485948,11843.295072
20684.268469,1184.329507,383.047749,10955.047942
20684.268793,962.267725,-2298.286494,9474.636058
20684.269116,962.267725,-2374.896044,9252.574275
20684.269439,-1258.350101,-1532.190996,8512.368333
20684.269762,-1554.432478,-2221.676944,7476.080014
20684.270085,-814.226536,-1838.629195,7402.059420
20684.270409,-1184.329507,1149.143247,9326.594869
20684.270732,-2738.761985,1072.533697,9770.718434
20684.271055,-2960.823768,-1302.362347,6291.750507
20684.271378,-2220.617826,-2221.676944,7105.977043
20684.271702,-2516.700203,153.219100,11399.171507
20684.272025,-3701.029710,1302.362347,10881.027347
20684.272348,-2220.617826,-766.095498,7624.121203
20684.272671,-1036.288319,-842.705048,8290.306550
20684.272994,-2812.782580,1378.971896,9696.697840
20684.273318,-3330.926739,995.924147,9252.574275
20684.273641,-1110.308913,-536.266849,6513.812290
20684.273964,0.000000,1225.752797,9326.594869
20684.274287,-2368.659014,2528.115143,10436.903782
20684.274610,-2146.597232,1378.971896,7994.224174
20684.274934,1406.391290,153.219100,7402.059420
20684.275257,1332.370696,2145.067394,10436.903782
20684.275580,-1924.535449,3140.991542,10584.944971
20684.275903,-2146.597232,612.876398,7698.141797
20684.276226,74.020594,-1225.752797,6513.812290
20684.276550,-296.082377,459.657299,9178.553681
20684.276873,-3182.885551,1455.581446,9252.574275
20684.277196,-2590.720797,-1149.143247,6957.935855
20684.277519,-370.102971,-1302.362347,8290.306550
20684.277843,-1554.432478,459.657299,10436.903782
20684.278166,-3923.091493,-229.828649,9992.780217
20684.278489,-3627.009116,-3600.648841,7846.182985
20684.278812,-1702.473667,-4290.134789,9030.512492
20684.279135,-888.247130,-1838.629195,10881.027347
20684.279459,296.082377,-2221.676944,8956.491898
20684.279782,1480.411884,-2757.943793,9178.553681
20684.280105,962.267725,-1762.019645,11325.150913
20684.280428,814.226536,-842.705048,11251.130318
20684.280752,1776.494261,-3217.601092,8512.368333
20684.281075,2072.576638,-3753.867940,9918.759623
20684.281398,2220.617826,-2145.067394,10881.027347
20684.281721,1628.453072,-1991.848295,9030.512492
20684.282045,3330.926739,-3524.039291,7994.224174
20684.282368,4737.318029,-995.924147,10066.800811
20684.282691,2960.823768,1838.629195,11769.274478
20684.283014,2368.659014,459.657299,10807.006753
20684.283338,4367.215058,-2604.724693,7105.977043
20684.283661,3997.112087,-1378.971896,8438.347739
20684.283984,1480.411884,-229.828649,10214.842000
20684.284307,740.205942,-459.657299,8956.491898
20684.284631,2146.597232,-995.924147,8660.409521
20684.284954,444.123565,76.609550,11103.089130
20684.285277,-3627.009116,-919.314598,10288.862594
20684.285601,-4145.153275,-2834.553343,6291.750507
20684.285924,-2294.638420,-3217.601092,7550.100608
20684.286247,-2294.638420,-689.485948,11103.089130
20684.286570,-3404.947333,1225.752797,9474.636058
20684.286894,-1776.494261,-1149.143247,6291.750507
20684.287217,-814.226536,0.000000,7254.018232
20684.287540,-2664.741391,3370.820191,9844.739029
20684.287863,-3404.947333,2757.943793,10214.842000
20684.288187,-370.102971,-842.705048,7624.121203
20684.288510,1258.350101,-842.705048,7179.997637
20684.288833,-2590.720797,842.705048,9252.574275
20684.289156,-4737.318029,1455.581446,8808.450710
20684.289480,-814.226536,459.657299,7031.956449
20684.289803,666.185348,2374.896044,9474.636058
20684.290126,0.000000,2528.115143,10288.862594
20684.290449,-1184.329507,2757.943793,6957.935855
20684.290773,-592.164754,689.485948,8290.306550
20684.291096,296.082377,1225.752797,9918.759623
20684.291419,-1776.494261,2068.457845,9178.553681
20684.291742,-1036.288319,-383.047749,8290.306550
20684.292066,370.102971,-995.924147,7920.203579
20684.292389,222.061783,1532.190996,10955.047942
20684.292712,-2072.576638,1302.362347,11325.150913
20684.293035,-2960.823768,-689.485948,9104.533087
20684.293359,-1406.391290,-2604.724693,8068.244768
20684.293682,-2738.761985,-2298.286494,7698.141797
20684.294005,-3627.009116,-2451.505594,8068.244768
20684.294328,-1110.308913,-2528.115143,9178.553681
20684.294652,74.020594,0.000000,11769.274478
20684.294975,-1184.329507,0.000000,10288.862594
20684.295298,-1110.308913,-2528.115143,7920.203579
20684.295621,1480.411884,-4213.525239,7550.100608
20684.295945,2220.617826,-2528.115143,10140.821405
20684.296268,1628.453072,-536.266849,12361.439231
20684.296591,3330.926739,-1532.190996,10510.924376
20684.296914,4811.338623,-1378.971896,9474.636058
20684.297238,4663.297435,0.000000,9548.656652
20684.297561,3478.967927,-459.657299,8956.491898
20684.297884,3552.988522,-2834.553343,8142.265362
20684.298207,4219.173869,-1838.629195,10436.903782
20684.298531,3478.967927,-689.485948,10510.924376
20684.298854,2072.576638,0.000000,9696.697840
20684.299177,2886.803174,-1608.800546,8512.368333
20684.299500,2960.823768,536.266849,9400.615463
20684.299824,-444.123565,612.876398,10214.842000
20684.300147,-1554.432478,-1532.190996,8216.285956
20684.300470,-888.247130,-2221.676944,7254.018232
20684.300794,-1184.329507,-1455.581446,9030.512492
20684.301117,-4515.256246,-766.095498,8586.388927
20684.301440,-3182.885551,-2298.286494,6513.812290
20684.301763,-1554.432478,-1532.190996,7624.121203
20684.302087,-2146.597232,1072.533697,10436.903782
20684.302410,-3552.988522,1685.410096,10881.027347
20684.302733,-3108.864956,-1225.752797,8364.327145
20684.303056,-1776.494261,-2221.676944,9030.512492
20684.303380,-1110.308913,-383.047749,9770.718434
20684.303703,-1776.494261,536.266849,9030.512492
20684.304026,-2812.782580,153.219100,8512.368333
20684.304349,-740.205942,1378.971896,9326.594869
20684.304673,-962.267725,2451.505594,10066.800811
20684.304996,-2664.741391,689.485948,9622.677246
20684.305319,-1998.556043,-536.266849,7772.162391
20684.305642,-962.267725,306.438199,7772.162391
20684.305966,-2294.638420,0.000000,7402.059420
20684.306289,-2072.576638,0.000000,7179.997637
20684.306612,0.000000,995.924147,8956.491898
20684.306935,-1850.514855,1149.143247,10214.842000
20684.307259,-3404.947333,0.000000,9622.677246
20684.307582,-1850.514855,-1991.848295,7624.121203
20684.307905,0.000000,-2298.286494,9474.636058
20684.308228,-1110.308913,-689.485948,11769.274478
20684.308552,-1850.514855,-689.485948,10362.883188
20684.308875,-592.164754,-2145.067394,7550.100608
20684.309198,-518.144159,-459.657299,9104.533087
20684.309521,-1332.370696,-306.438199,9474.636058
20684.309845,-1332.370696,-1608.800546,8660.409521
20684.310168,518.144159,-3524.039291,7550.100608
20684.310491,1184.329507,-842.705048,11029.068536
20684.310814,740.205942,76.609550,11251.130318
20684.311138,666.185348,-1149.143247,8586.388927
20684.311461,3182.885551,-2374.896044,7772.162391
20684.311784,3330.926739,306.438199,9844.739029
20684.312107,1776.494261,1072.533697,11473.192101
20684.312431,2738.761985,-1378.971896,8068.244768
20684.312754,4811.338623,-2145.067394,8068.244768
20684.313077,3034.844362,-689.485948,10955.047942
20684.313400,1110.308913,153.219100,10140.821405
20684.313724,3701.029710,-1378.971896,9178.553681
20684.314047,4737.318029,-1685.410096,9770.718434
20684.314370,1850.514855,1225.752797,11843.295072
20684.314693,666.185348,842.705048,10066.800811
20684.315017,2812.782580,-1991.848295,6883.915261
20684.315340,2886.803174,-1608.800546,7698.141797
20684.315663,-296.082377,0.000000,9474.636058
20684.315987,-1776.494261,459.657299,9178.553681
20684.316310,666.185348,0.000000,7179.997637
20684.316633,814.226536,612.876398,9326.594869
20684.316956,-2664.741391,919.314598,9474.636058
20684.317280,-4959.379811,-1149.143247,6809.894666
20684.317603,-3701.029710,-1302.362347,7402.059420
20684.317926,-2886.803174,-1378.971896,8364.327145
20684.318249,-5551.544565,0.000000,9400.615463
20684.318573,-4219.173869,-306.438199,9474.636058
20684.318896,-1702.473667,76.609550,9474.636058
20684.319219,-1998.556043,1455.581446,10732.986159
20684.319542,-2812.782580,153.219100,9474.636058
20684.319866,-962.267725,306.438199,8808.450710
20684.320189,0.000000,612.876398,10362.883188
20684.320512,-592.164754,1762.019645,10881.027347
20684.320835,-370.102971,1149.143247,8586.388927
20684.321159,0.000000,766.095498,7550.100608
20684.321482,518.144159,2451.505594,9400.615463
20684.321805,-1998.556043,1838.629195,9474.636058
20684.322128,-2960.823768,-536.266849,7105.977043
20684.322452,-2368.659014,-1685.410096,7105.977043
20684.322775,-2368.659014,-306.438199,8734.430116
20684.323098,-4219.173869,-1225.752797,8956.491898
20684.323421,-3182.885551,-2604.724693,8586.388927
20684.323745,-1184.329507,-1455.581446,10510.924376
20684.324068,-2146.597232,-766.095498,11325.150913
20684.324391,-3478.967927,-3140.991542,8438.347739
20684.324714,-1776.494261,-4749.792088,7550.100608
20684.325038,222.061783,-3677.258390,9696.697840
20684.325361,-222.061783,-2298.286494,9400.615463
20684.325684,740.205942,-1915.238745,8734.430116
20684.326007,3034.844362,-1915.238745,8808.450710
20684.326331,3627.009116,0.000000,10510.924376
20684.326654,2442.679609,689.485948,10881.027347
20684.326977,3997.112087,-842.705048,9326.594869
20684.327300,5773.606348,-1378.971896,8216.285956
20684.327624,5773.606348,153.219100,9474.636058
20684.327947,3552.988522,0.000000,9844.739029
20684.328270,3627.009116,-459.657299,8956.491898
20684.328593,5107.421000,0.000000,9992.780217
20684.328917,3256.906145,689.485948,12287.418637
20684.329240,1110.308913,-766.095498,10955.047942
20684.329563,666.185348,-3064.381992,8956.491898
20684.329886,1036.288319,-1762.019645,10807.006753
20684.330210,-370.102971,-1072.533697,10955.047942
20684.330533,-518.144159,-383.047749,8660.409521
20684.330856,222.061783,-153.219100,7772.162391
20684.331180,-370.102971,2298.286494,10362.883188
20684.331503,-592.164754,2681.334243,8808.450710
20684.331826,-740.205942,995.924147,5625.565159
20684.332149,-962.267725,-1608.800546,5329.482782
20684.332473,-2664.741391,229.828649,7328.038826
20684.332796,-3627.009116,995.924147,8586.388927
20684.333119,-3552.988522,0.000000,8364.327145
20684.333442,-4071.132681,0.000000,8586.388927
20684.333766,-5403.503377,536.266849,9474.636058
20684.334089,-5625.565159,-306.438199,9178.553681
20684.334412,-3108.864956,-612.876398,7105.977043
20684.334735,-370.102971,0.000000,8882.471304
20684.335059,-1554.432478,2528.115143,9030.512492
20684.335382,-1554.432478,2528.115143,9030.512492
20684.335705,1554.432478,2451.505594,7624.121203
20684.336028,2294.638420,4136.915689,9474.636058
20684.336352,1036.288319,3447.429741,9844.739029
20684.336675,592.164754,1532.190996,8734.430116
20684.336998,1036.288319,76.609550,8734.430116
20684.337321,-1258.350101,0.000000,10066.800811
20684.337645,-3182.885551,-1225.752797,8216.285956
20684.337968,-3034.844362,-2604.724693,7698.141797
20684.338291,-2368.659014,-2374.896044,10214.842000
20684.338614,-4145.153275,-766.095498,11843.295072
20684.338938,-5477.523971,-2451.505594,9474.636058
20684.339261,-3997.112087,-5592.497135,6957.935855
20684.339584,-2960.823768,-5056.230287,7402.059420
20684.339907,-4737.318029,-3140.991542,9770.718434
20684.340231,-4589.276840,-2528.115143,10066.800811
20684.340554,814.226536,-3753.867940,7994.224174
20684.340877,3552.988522,-2374.896044,9104.533087
20684.341200,814.226536,-1302.362347,11473.192101
20684.341524,1332.370696,-1225.752797,9696.697840
20684.341847,5847.626942,-3524.039291,7624.121203
20684.342170,7994.224174,-3524.039291,9178.553681
20684.342493,4737.318029,-689.485948,13027.624579
20684.342817,3923.091493,0.000000,11917.315666
20684.343140,7031.956449,-1072.533697,10436.903782
20684.343463,7254.018232,-1378.971896,11325.150913
20684.343786,3404.947333,-689.485948,10362.883188
20684.344110,2442.679609,-2374.896044,8660.409521
20684.344433,2960.823768,-1991.848295,9178.553681
20684.344756,962.267725,-1149.143247,10955.047942
20684.345080,-1776.494261,-689.485948,8808.450710
20684.345403,-2146.597232,-1302.362347,6513.812290
20684.345726,-2146.597232,-995.924147,7994.224174
20684.346049,-4293.194464,459.657299,7920.203579
20684.346373,-6143.709319,-383.047749,6883.915261
20684.346696,-4441.235652,-1608.800546,7179.997637
20684.347019,-2664.741391,-306.438199,8216.285956
20684.347342,-2368.659014,612.876398,9178.553681
20684.347666,-2368.659014,-76.609550,8512.368333
20684.347989,-888.247130,1685.410096,10214.842000
20684.348312,1406.391290,4979.620737,13249.686362
20684.348635,148.041188,4290.134789,12287.418637
20684.348959,-592.164754,1455.581446,9030.512492
20684.349282,592.164754,766.095498,6661.853478
20684.349605,0.000000,2757.943793,8290.306550
20684.349928,-444.123565,3677.258390,8142.265362
20684.350252,0.000000,3677.258390,6513.812290
20684.350575,-814.226536,4903.011187,7772.162391
20684.350898,-2812.782580,4979.620737,8660.409521
20684.351221,-3478.967927,2528.115143,6957.935855
20684.351545,-2146.597232,-842.705048,5847.626942
20684.351868,-2886.803174,0.000000,8068.244768
20684.352191,-4219.173869,1149.143247,7624.121203
20684.352514,-3330.926739,0.000000,5921.647536
20684.352838,-888.247130,-229.828649,7179.997637
20684.353161,0.000000,1378.971896,10807.006753
20684.353484,-1554.432478,1225.752797,10288.862594
20684.353807,-2146.597232,-2298.286494,8216.285956
20684.354131,1406.391290,-4443.353888,9400.615463
20684.354454,1850.514855,-1991.848295,11621.233289
20684.354777,222.061783,-1302.362347,11991.336260
20684.355100,1554.432478,-2987.772442,9548.656652
20684.355424,3182.885551,-2221.676944,10881.027347
20684.355747,2368.659014,-1608.800546,13545.768739
20684.356070,1110.308913,-1608.800546,11103.089130
20684.356393,1628.453072,-4596.572988,7994.224174
20684.356717,1554.432478,-5669.106685,8808.450710
20684.357040,296.082377,-3677.258390,9992.780217
20684.357363,370.102971,-2911.162892,9770.718434
20684.357686,2368.659014,-3447.429741,10066.800811
20684.358010,888.247130,-2374.896044,10955.047942
20684.358333,-148.041188,-2604.724693,10510.924376
20684.358656,666.185348,-5362.668486,8068.244768
20684.358979,1332.370696,-4979.620737,8586.388927
20684.359303,1554.432478,-2911.162892,10140.821405
20684.359626,814.226536,-2604.724693,8290.306550
20684.359949,2072.576638,-3064.381992,7476.080014
20684.360273,2738.761985,-459.657299,10214.842000
20684.360596,666.185348,1072.533697,10658.965565
20684.360919,-518.144159,-1685.410096,8512.368333
20684.361242,-1184.329507,-4443.353888,6291.750507
20684.361566,-1702.473667,-3217.601092,7846.182985
20684.361889,-2812.782580,-1225.752797,9918.759623
20684.362212,-3701.029710,-1378.971896,8438.347739
20684.362535,-2368.659014,-229.828649,8216.285956
20684.362859,-1998.556043,1685.410096,9992.780217
20684.363182,-3552.988522,1302.362347,10436.903782
20684.363505,-2516.700203,-536.266849,8364.327145
20684.363828,-666.185348,-612.876398,8290.306550
20684.364152,-1406.391290,689.485948,10066.800811
20684.364475,-3552.988522,1302.362347,9548.656652
20684.364798,-1850.514855,612.876398,8068.244768
20684.365121,888.247130,1455.581446,8956.491898
20684.365445,-2368.659014,2451.505594,10955.047942
20684.365768,-3775.050304,2145.067394,9844.739029
20684.366091,-962.267725,459.657299,8438.347739
20684.366414,-370.102971,842.705048,8512.368333
20684.366738,-1332.370696,1378.971896,7550.100608
20684.367061,-1924.535449,2068.457845,6217.729913
20684.367384,962.267725,2451.505594,7179.997637
20684.367707,1924.535449,4903.011187,10066.800811
20684.368031,740.205942,4903.011187,9400.615463
20684.368354,-296.082377,2374.896044,6365.771101
20684.368677,-444.123565,536.266849,6365.771101
20684.369000,0.000000,1455.581446,9474.636058
20684.369324,-888.247130,2221.676944,10510.924376
20684.369647,148.041188,153.219100,8586.388927
20684.369970,1776.494261,459.657299,9992.780217
20684.370293,1036.288319,995.924147,10955.047942
20684.370617,-1110.308913,306.438199,10807.006753
20684.370940,814.226536,-2298.286494,8068.244768
20684.371263,2072.576638,-1838.629195,9474.636058
20684.371586,1480.411884,-383.047749,10362.883188
20684.371910,0.000000,-689.485948,9178.553681
20684.372233,1480.411884,-2145.067394,7624.121203
20684.372556,1628.453072,0.000000,8882.471304
20684.372879,666.185348,-306.438199,8882.471304
20684.373203,0.000000,-1532.190996,8438.347739
20684.373526,962.267725,-2374.896044,8660.409521
20684.373849,1702.473667,-1532.190996,9622.677246
20684.374172,296.082377,-1685.410096,7994.224174
20684.374496,-444.123565,-2757.943793,7476.080014
20684.374819,2072.576638,-842.705048,9326.594869
20684.375142,3108.864956,0.000000,10881.027347
20684.375466,2590.720797,-766.095498,11621.233289
20684.375789,3701.029710,-2528.115143,9844.739029
20684.376112,4589.276840,-1302.362347,10955.047942
20684.376435,3849.070898,-1072.533697,11399.171507
20684.376759,1998.556043,-1378.971896,10066.800811
20684.377082,2072.576638,-1302.362347,8882.471304
20684.377405,1332.370696,-1149.143247,10066.800811
20684.377728,-2442.679609,-995.924147,9326.594869
20684.378052,-3849.070898,-3064.381992,7105.977043
20684.378375,-4293.194464,-4673.182538,6883.915261
20684.378698,-4885.359217,-3064.381992,9178.553681
20684.379021,-7105.977043,-1685.410096,8808.450710
20684.379345,-7105.977043,-2145.067394,7031.956449
20684.379668,-4959.379811,-2528.115143,8438.347739
20684.379991,-5329.482782,-536.266849,9178.553681
20684.380314,-6439.791695,-689.485948,8882.471304
20684.380638,-4811.338623,-2834.553343,6809.894666
20684.380961,-2664.741391,-2528.115143,8216.285956
20684.381284,-2442.679609,-612.876398,9992.780217
20684.381608,-2442.679609,-229.828649,9770.718434
20684.381931,-222.061783,-1455.581446,8660.409521
20684.382254,814.226536,-229.828649,11917.315666
20684.382578,-370.102971,536.266849,12953.603985
20684.382901,-370.102971,-536.266849,10140.821405
20684.383224,1110.308913,-2298.286494,8364.327145
20684.383548,222.061783,-766.095498,10807.006753
20684.383871,-740.205942,153.219100,8956.491898
20684.384194,-592.164754,-459.657299,6957.935855
20684.384518,518.144159,-995.924147,7920.203579
20684.384841,-888.247130,1455.581446,9696.697840
20684.385164,-2146.597232,612.876398,8660.409521
20684.385487,-2146.597232,-2451.505594,7031.956449
20684.385811,-1924.535449,-2528.115143,8438.347739
20684.386134,-1554.432478,-1532.190996,9474.636058
20684.386457,-1332.370696,-2221.676944,8660.409521
20684.386781,1110.308913,-2757.943793,7920.203579
20684.387104,2294.638420,0.000000,9992.780217
20684.387427,2072.576638,1302.362347,11547.212695
20684.387751,3923.091493,153.219100,9178.553681
20684.388074,6217.729913,-306.438199,8290.306550
20684.388397,5699.585753,1149.143247,10362.883188
20684.388721,4441.235652,2681.334243,10881.027347
20684.389044,6365.771101,1072.533697,8734.430116
20684.389367,7031.956449,1455.581446,9030.512492
20684.389690,4293.194464,3217.601092,11029.068536
20684.390014,962.267725,3217.601092,9918.759623
20684.390337,1776.494261,153.219100,7402.059420
20684.390660,2590.720797,-306.438199,8216.285956
20684.390984,296.082377,1685.410096,10362.883188
20684.391307,-1850.514855,1225.752797,9030.512492
20684.391630,0.000000,76.609550,7105.977043
20684.391954,1628.453072,995.924147,8512.368333
20684.392277,-962.267725,2374.896044,10140.821405
20684.392600,-3108.864956,1225.752797,9178.553681
20684.392924,-962.267725,229.828649,7105.977043
20684.393247,1036.288319,-1149.143247,8068.244768
20684.393570,-1998.556043,383.047749,9178.553681
20684.393893,-4219.173869,229.828649,9474.636058
20684.394217,-1406.391290,76.609550,9030.512492
20684.394540,-148.041188,1225.752797,9696.697840
20684.394863,-3627.009116,1149.143247,9844.739029
20684.395187,-4293.194464,0.000000,7550.100608
20684.395510,-2442.679609,-229.828649,6883.915261
20684.395833,-1702.473667,229.828649,9030.512492
20684.396157,-3478.967927,229.828649,9252.574275
20684.396480,-3775.050304,153.219100,7476.080014
20684.396803,-2960.823768,0.000000,8512.368333
20684.397127,-2960.823768,0.000000,9178.553681
20684.397450,-3923.091493,-689.485948,9474.636058
20684.397773,-3997.112087,-2374.896044,8512.368333
20684.398096,-3108.864956,-1915.238745,9622.677246
20684.398420,-2886.803174,-2145.067394,10658.965565
20684.398743,-2664.741391,-2451.505594,9474.636058
20684.399066,-518.144159,-2298.286494,9622.677246
20684.399390,370.102971,-1302.362347,10881.027347
20684.399713,-740.205942,-1762.019645,9992.780217
20684.400036,-444.123565,-2757.943793,8512.368333
20684.400360,1628.453072,-2451.505594,9030.512492
20684.400683,1332.370696,-2604.724693,8882.471304
20684.401006,-2368.659014,-2834.553343,9770.718434
20684.401330,-222.061783,-5286.058936,7698.141797
20684.401653,0.000000,-2528.115143,9474.636058
20684.401976,888.247130,-1685.410096,11843.295072
20684.402299,-296.082377,-2528.115143,10436.903782
20684.402623,814.226536,-4979.620737,6217.729913
20684.402946,2442.679609,-4826.401637,8586.388927
20684.403269,2516.700203,-2834.553343,9326.594869
20684.403593,2590.720797,-1685.410096,9474.636058
20684.403916,4811.338623,-1991.848295,8808.450710
20684.404239,5403.503377,-383.047749,11177.109724
20684.404563,3627.009116,-306.438199,12435.459826
20684.404886,3108.864956,-1762.019645,9770.718434
20684.405209,3775.050304,-2528.115143,10066.800811
20684.405533,3627.009116,-1915.238745,12583.501014
20684.405856,814.226536,-995.924147,11029.068536
20684.406179,2368.659014,-2451.505594,8068.244768
20684.406502,2590.720797,-612.876398,8364.327145
20684.406826,-592.164754,2068.457845,9992.780217
20684.407149,-2146.597232,2145.067394,8586.388927
20684.407472,-1554.432478,-995.924147,5921.647536
20684.407796,-1036.288319,0.000000,8660.409521
20684.408119,-3256.906145,1915.238745,10881.027347
20684.408442,-5699.585753,995.924147,7920.203579
20684.408766,-4663.297435,-1072.533697,7105.977043
20684.409089,-3552.988522,459.657299,9474.636058
20684.409412,-4663.297435,2604.724693,10288.862594
20684.409736,-4145.153275,612.876398,7624.121203
20684.410059,-2368.659014,-229.828649,7550.100608
20684.410382,-1628.453072,2528.115143,9622.677246
20684.410706,-1776.494261,3064.381992,9104.533087
20684.411029,-444.123565,2604.724693,5699.585753
20684.411352,2146.597232,4213.525239,7624.121203
20684.411675,1776.494261,6588.421283,9474.636058
20684.411999,0.000000,5056.230287,7772.162391
20684.412322,1184.329507,1838.629195,5625.565159
20684.412645,0.000000,2145.067394,8364.327145
20684.412969,-1332.370696,2681.334243,10214.842000
20684.413292,-3108.864956,919.314598,8660.409521
20684.413615,-2738.761985,-1378.971896,9104.533087
20684.413939,-2516.700203,-306.438199,10362.883188
20684.414262,-4071.132681,536.266849,10584.944971
20684.414585,-3923.091493,-1991.848295,9030.512492
20684.414909,-1480.411884,-2834.553343,7920.203579
20684.415232,-740.205942,-1072.533697,9178.553681
20684.415555,-888.247130,-306.438199,10214.842000
20684.415878,0.000000,-306.438199,8956.491898
20684.416202,2516.700203,0.000000,8364.327145
20684.416525,1406.391290,459.657299,11695.253884
20684.416848,0.000000,-1225.752797,10362.883188
20684.417172,1628.453072,-3370.820191,7698.141797
20684.417495,2664.741391,-4136.915689,9548.656652
20684.417818,1184.329507,-3447.429741,11103.089130
20684.418142,-222.061783,-2757.943793,9474.636058
20684.418465,2072.576638,-4136.915689,8216.285956
20684.418788,3849.070898,-2298.286494,12065.356855
20684.419112,2442.679609,-1149.143247,10362.883188
20684.419435,2220.617826,-2451.505594,7994.224174
20684.419758,3552.988522,-3677.258390,7328.038826
20684.420081,3552.988522,-1915.238745,10066.800811
20684.420405,3182.885551,0.000000,9326.594869
20684.420728,3034.844362,-1532.190996,7698.141797
20684.421051,4959.379811,-1532.190996,9178.553681
20684.421375,3552.988522,0.000000,11177.109724
20684.421698,814.226536,-1072.533697,10362.883188
20684.422021,0.000000,-3600.648841,8512.368333
20684.422345,74.020594,-3907.087040,9474.636058
20684.422668,-1406.391290,-2298.286494,11473.192101
20684.422991,-3330.926739,-2451.505594,9622.677246
20684.423315,-2220.617826,-2221.676944,8068.244768
20684.423638,-740.205942,-459.657299,10510.924376
20684.423961,-3404.947333,1072.533697,10436.903782
20684.424284,-5847.626942,-1608.800546,6883.915261
20684.424608,-4737.318029,-3064.381992,6143.709319
20684.424931,-4071.132681,-612.876398,9844.739029
20684.425254,-4885.359217,1608.800546,10658.965565
20684.425578,-4737.318029,229.828649,7994.224174
20684.425901,-2664.741391,0.000000,7254.018232
20684.426224,-2664.741391,1608.800546,9622.677246
20684.426548,-3701.029710,2374.896044,8882.471304
20684.426871,-2294.638420,766.095498,7550.100608
20684.427194,-962.267725,1302.362347,9844.739029
20684.427518,-814.226536,2834.553343,11399.171507
20684.427841,-148.041188,2451.505594,8364.327145
20684.428164,1184.329507,842.705048,5699.585753
20684.428487,148.041188,2987.772442,10732.986159
20684.428811,296.082377,2834.553343,9474.636058
20684.429134,-1628.453072,1915.238745,7550.100608
20684.429457,0.000000,-1225.752797,4959.379811
20684.429781,-2146.597232,842.705048,7846.182985
20684.430104,-4293.194464,306.438199,7550.100608
20684.430427,-3478.967927,-1225.752797,7031.956449
20684.430751,0.000000,-1225.752797,8438.347739
20684.431074,0.000000,995.924147,11177.109724
20684.431397,-2664.741391,536.266849,11991.336260
20684.431721,-444.123565,-2757.943793,8068.244768
20684.432044,2294.638420,-2757.943793,8586.388927
20684.432367,888.247130,-1455.581446,11399.171507
20684.432690,888.247130,-536.266849,10510.924376
20684.433014,2960.823768,-919.314598,10140.821405
20684.433337,5403.503377,-1991.848295,10807.006753
20684.433660,4145.153275,612.876398,11621.233289
20684.433984,3182.885551,0.000000,10214.842000
20684.434307,4589.276840,-995.924147,8142.265362
20684.434630,5995.668130,-689.485948,9622.677246
20684.434954,4515.256246,153.219100,9252.574275
20684.435277,2886.803174,612.876398,8586.388927
20684.435600,4071.132681,0.000000,9548.656652
20684.435924,3849.070898,612.876398,9252.574275
20684.436247,1184.329507,-459.657299,8956.491898
20684.436570,0.000000,-2068.457845,8586.388927
20684.436894,1258.350101,-1685.410096,9474.636058
20684.437217,-296.082377,-1991.848295,9474.636058
20684.437540,-2146.597232,-2374.896044,8438.347739
20684.437863,-2368.659014,-3294.210641,6513.812290
20684.438187,-1776.494261,-1149.143247,7254.018232
20684.438510,-2220.617826,-306.438199,9770.718434
20684.438833,-3701.029710,-1378.971896,8586.388927
20684.439157,-4219.173869,-2451.505594,9178.553681
20684.439480,-3849.070898,-2221.676944,9918.759623
20684.439803,-3404.947333,-1915.238745,8956.491898
20684.440127,-2886.803174,-2451.505594,8216.285956
20684.440450,-1628.453072,-995.924147,9474.636058
20684.440773,-1480.411884,1685.410096,10955.047942
20684.441097,-2886.803174,689.485948,9474.636058
20684.441420,-2368.659014,-1608.800546,7920.203579
20684.441743,-1406.391290,-383.047749,9622.677246
20684.442066,-2072.576638,612.876398,10288.862594
20684.442390,-3256.906145,0.000000,9030.512492
20684.442713,-1036.288319,-459.657299,8142.265362
20684.443036,740.205942,1608.800546,9622.677246
20684.443360,-1776.494261,2298.286494,10881.027347
20684.443683,-3256.906145,0.000000,9622.677246
20684.444006,-1850.514855,-1532.190996,8142.265362
20684.444330,-518.144159,-612.876398,8882.471304
20684.444653,-2072.576638,0.000000,8882.471304
20684.444976,-3478.967927,-383.047749,7772.162391
20684.445300,-1406.391290,-1455.581446,6957.935855
20684.445623,-296.082377,-306.438199,7920.203579
20684.445946,-2294.638420,0.000000,9400.615463
20684.446269,-2738.761985,-2068.457845,7476.080014
20684.446593,-1480.411884,-2757.943793,7846.182985
20684.446916,-148.041188,-2298.286494,8586.388927
20684.447239,-592.164754,-1302.362347,8882.471304
20684.447563,1036.288319,-1915.238745,8586.388927
20684.447886,3034.844362,-229.828649,10510.924376
20684.448209,3034.844362,229.828649,11917.315666
20684.448533,3108.864956,-919.314598,9400.615463
20684.448856,4737.318029,-2298.286494,9252.574275
20684.449179,6291.750507,-1072.533697,10362.883188
20684.449503,5477.523971,1762.019645,12139.377449
20684.449826,5847.626942,612.876398,11621.233289
20684.450149,6809.894666,-459.657299,9696.697840
20684.450472,4959.379811,1072.533697,10732.986159
20684.450796,2294.638420,306.438199,11325.150913
20684.451119,666.185348,-1378.971896,8882.471304
20684.451442,1850.514855,-1838.629195,8660.409521
20684.451766,592.164754,-995.924147,11547.212695
20684.452089,-2368.659014,0.000000,9992.780217
20684.452412,-2072.576638,-689.485948,6587.832884
20684.452736,-1924.535449,-1225.752797,7698.141797
20684.453059,-3701.029710,842.705048,8956.491898
20684.453382,-4959.379811,689.485948,7698.141797
20684.453706,-3182.885551,-2068.457845,5477.523971
20684.454029,-2960.823768,-1532.190996,6217.729913
20684.454352,-5255.462188,766.095498,8586.388927
20684.454675,-4441.235652,153.219100,8216.285956
20684.454999,-1554.432478,0.000000,6735.874072
20684.455322,-1110.308913,1072.533697,10214.842000
20684.455645,-2442.679609,1915.238745,10510.924376
20684.455969,-2146.597232,459.657299,8660.409521
20684.456292,222.061783,-612.876398,8956.491898
20684.456615,296.082377,612.876398,9622.677246
20684.456939,-1184.329507,1608.800546,9252.574275
20684.457262,518.144159,842.705048,7179.997637
20684.457585,1258.350101,1608.800546,9400.615463
20684.457909,-666.185348,2374.896044,10066.800811
20684.458232,-3701.029710,1532.190996,8364.327145
20684.458555,-2294.638420,-1532.190996,7476.080014
20684.458878,-296.082377,-1608.800546,9030.512492
20684.459202,-2220.617826,-1225.752797,10362.883188
20684.459525,-3701.029710,-1532.190996,9696.697840
20684.459848,-592.164754,-1532.190996,10140.821405
20684.460172,1776.494261,-153.219100,10955.047942
20684.460495,-518.144159,-306.438199,11029.068536
20684.460818,-444.123565,-2528.115143,7994.224174
20684.461142,1258.350101,-2451.505594,7772.162391
20684.461465,1332.370696,-1072.533697,9474.636058
20684.461788,370.102971,-1532.190996,10214.842000
20684.462112,0.000000,-2221.676944,8290.306550
20684.462435,1110.308913,-2221.676944,7994.224174
20684.462758,-296.082377,-1378.971896,9918.759623
20684.463082,-1110.308913,-1608.800546,9696.697840
20684.463405,222.061783,-2757.943793,9474.636058
20684.463728,1776.494261,-1608.800546,10288.862594
20684.464051,2220.617826,-766.095498,11399.171507
20684.464375,2294.638420,-689.485948,8438.347739
20684.464698,3775.050304,-536.266849,8216.285956
20684.465021,5551.544565,1378.971896,10066.800811
20684.465345,4441.235652,2451.505594,10955.047942
20684.465668,3923.091493,153.219100,9474.636058
20684.465991,4589.276840,-919.314598,8586.388927
20684.466315,3182.885551,459.657299,10658.965565
20684.466638,1554.432478,383.047749,11843.295072
20684.466961,1924.535449,0.000000,8438.347739
20684.467285,3849.070898,153.219100,8364.327145
20684.467608,2664.741391,2145.067394,10214.842000
20684.467931,-148.041188,3064.381992,9992.780217
20684.468254,148.041188,1762.019645,7402.059420
20684.468578,740.205942,919.314598,7031.956449
20684.468901,-888.247130,1608.800546,7846.182985
20684.469224,-3034.844362,2604.724693,8512.368333
20684.469548,-2294.638420,1532.190996,7254.018232
20684.469871,-1406.391290,1838.629195,8438.347739
20684.470194,-2294.638420,2451.505594,9326.594869
20684.470518,-2886.803174,2604.724693,9474.636058
20684.470841,-1332.370696,1225.752797,8364.327145
20684.471164,296.082377,1455.581446,8142.265362
20684.471488,74.020594,2451.505594,8882.471304
20684.471811,0.000000,3447.429741,9326.594869
20684.472134,2886.803174,4060.306139,7994.224174
20684.472457,5181.441594,4366.744339,7772.162391
20684.472781,4959.379811,4749.792088,8142.265362
20684.473104,4219.173869,6128.763984,9844.739029
20684.473427,3330.926739,4749.792088,9548.656652
20684.473751,2146.597232,2987.772442,8808.450710
20684.474074,1554.432478,-383.047749,6365.771101
20684.474397,-2294.638420,995.924147,9252.574275
20684.474721,-888.247130,766.095498,10955.047942
20684.475044,666.185348,1378.971896,9400.615463
20684.475367,1776.494261,842.705048,8364.327145
20684.475691,888.247130,1762.019645,9104.533087
20684.476014,0.000000,2757.943793,9030.512492
20684.476337,1332.370696,306.438199,7624.121203
20684.476660,1554.432478,-919.314598,7105.977043
20684.476984,1184.329507,0.000000,9400.615463
20684.477307,666.185348,459.657299,10362.883188
20684.477630,592.164754,-919.314598,9104.533087
20684.477954,3627.009116,-306.438199,10214.842000
20684.478277,4737.318029,612.876398,10214.842000
20684.478600,4367.215058,1378.971896,10955.047942
20684.478924,4885.359217,383.047749,10732.986159
20684.479247,4589.276840,0.000000,9326.594869
20684.479570,3701.029710,-536.266849,9474.636058
20684.479894,3034.844362,153.219100,10288.862594
20684.480217,3034.844362,766.095498,9992.780217
20684.480540,4293.194464,229.828649,10584.944971
20684.480864,5181.441594,1149.143247,10658.965565
20684.481187,4737.318029,1608.800546,8438.347739
20684.481510,5181.441594,1991.848295,8586.388927
20684.481834,4293.194464,1991.848295,8882.471304
20684.482157,1924.535449,2068.457845,7772.162391
20684.482480,814.226536,459.657299,6735.874072
20684.482804,666.185348,0.000000,7402.059420
20684.483127,-592.164754,153.219100,8808.450710
20684.483450,-2220.617826,536.266849,10214.842000
20684.483774,-1110.308913,306.438199,8808.450710
20684.484097,1184.329507,229.828649,8068.244768
20684.484420,1628.453072,1991.848295,9474.636058
20684.484744,1998.556043,3217.601092,8586.388927
20684.485067,1628.453072,3600.648841,7920.203579
20684.485390,1702.473667,2451.505594,8364.327145
20684.485714,1110.308913,2757.943793,8438.347739
20684.486037,-222.061783,1838.629195,9474.636058
20684.486360,-1332.370696,0.000000,9770.718434
20684.486684,-1110.308913,919.314598,10214.842000
20684.487007,-444.123565,1149.143247,10658.965565
20684.487330,0.000000,1149.143247,10658.965565
20684.487654,1258.350101,2145.067394,9252.574275
20684.487977,3552.988522,3294.210641,9252.574275
20684.488300,4441.235652,4826.401637,8438.347739
20684.488624,4589.276840,5822.325785,9030.512492
20684.488947,3923.091493,5592.497135,8216.285956
20684.489270,2590.720797,3983.696590,6809.894666
20684.489594,962.267725,2221.676944,7846.182985
20684.489917,-666.185348,995.924147,8586.388927
20684.490240,-1850.514855,153.219100,9178.553681
20684.490564,-1406.391290,-306.438199,10584.944971
20684.490887,-666.185348,0.000000,10288.862594
20684.491210,-592.164754,459.657299,8660.409521
20684.491534,740.205942,1072.533697,6143.709319
20684.491857,2368.659014,2145.067394,5329.482782
20684.492180,5181.441594,3600.648841,6217.729913
20684.492504,6957.935855,5669.106685,7846.182985
20684.492827,5921.647536,5132.839837,9474.636058
20684.493150,3997.112087,2834.553343,10584.944971
20684.493474,2146.597232,229.828649,10288.862594
20684.493797,1184.329507,-2298.286494,11843.295072
20684.494120,222.061783,-3294.210641,13693.809927
20684.494444,0.000000,-2911.162892,13767.830521
20684.494767,1554.432478,-1991.848295,12657.521608
20684.495090,1628.453072,-1532.190996,11325.150913
20684.495414,2294.638420,842.705048,8512.368333
20684.495737,4515.256246,2834.553343,7031.956449
20684.496061,6365.771101,4673.182538,6587.832884
20684.496384,7328.038826,5669.106685,6291.750507
20684.496707,7920.203579,6205.373534,6661.853478
20684.497031,4737.318029,4903.011187,6883.915261
20684.497354,1184.329507,1915.238745,9178.553681
20684.497677,-962.267725,229.828649,10436.903782
20684.498001,-2516.700203,-2528.115143,11843.295072
20684.498324,-4441.235652,-4673.182538,13249.686362
20684.498647,-5477.523971,-3983.696590,13249.686362
20684.498971,-4293.194464,-3524.039291,11325.150913
20684.499294,-1702.473667,-1532.190996,7698.141797
20684.499617,740.205942,1838.629195,6217.729913
20684.499941,3034.844362,5056.230287,4145.153275
20684.500264,5773.606348,7048.078582,3034.844362
20684.500587,7402.059420,7814.174080,2738.761985
20684.500911,6809.894666,8273.831378,3997.112087
20684.501234,4293.194464,6741.640382,5329.482782
20684.501557,3701.029710,3524.039291,8438.347739
20684.501881,2294.638420,1225.752797,12065.356855
20684.502204,-518.144159,-1225.752797,15396.283594
20684.502527,-3701.029710,-3217.601092,17172.777854
20684.502851,-4219.173869,-5362.668486,17172.777854
20684.503174,-2886.803174,-5898.935335,16358.551318
20684.503497,-1628.453072,-4213.525239,14878.139434
20684.503821,-222.061783,-1532.190996,11473.192101
20684.504144,2294.638420,2068.457845,8068.244768
20684.504467,4959.379811,5132.839837,4367.215058
20684.504791,6883.915261,7431.126331,1480.411884
20684.505114,7550.100608,8886.707777,-592.164754
20684.505437,7698.141797,9269.755526,-0.000000
20684.505761,7031.956449,9422.974625,1924.535449
20684.506084,4145.153275,7201.297681,5033.400406
20684.506407,74.020594,3370.820191,7772.162391
20684.506731,-2960.823768,-536.266849,11325.150913
20684.507054,-5255.462188,-4903.011187,14285.974681
20684.507377,-6587.832884,-7277.907231,16802.674883
20684.507701,-5847.626942,-8197.221829,18061.024985
20684.508024,-3701.029710,-6818.249932,17246.798449
20684.508347,0.000000,-3983.696590,14656.077652
20684.508671,3627.009116,-842.705048,11473.192101
20684.508994,8142.265362,3370.820191,9104.533087
20684.509317,10807.006753,6511.811733,6587.832884
20684.509641,11917.315666,8273.831378,3775.050304
20684.509964,11695.253884,9193.145976,1702.473667
20684.510287,9696.697840,9039.926876,1998.556043
20684.510611,6587.832884,7277.907231,3182.885551
20684.510934,4145.153275,5822.325785,6143.709319
20684.511257,740.205942,1685.410096,8734.430116
20684.511581,-2664.741391,-919.314598,10658.965565
20684.511904,-4293.194464,-2987.772442,12139.377449
20684.512227,-5403.503377,-3753.867940,13471.748144
20684.512551,-5107.421000,-4596.572988,13545.768739
20684.512874,-3923.091493,-3447.429741,13249.686362
20684.513197,-3034.844362,-2145.067394,12213.398043
20684.513521,-888.247130,-995.924147,11029.068536
20684.513844,1480.411884,842.705048,9770.718434
20684.514167,1924.535449,2068.457845,8734.430116
20684.514491,2294.638420,2681.334243,7624.121203
20684.514814,3404.947333,3140.991542,7031.956449
20684.515137,4293.194464,3907.087040,6439.791695
20684.515461,4293.194464,4366.744339,7031.956449
20684.515784,3997.112087,3830.477490,7105.977043
20684.516107,2960.823768,3677.258390,6365.771101
20684.516431,4071.132681,3064.381992,7920.203579
20684.516754,4515.256246,2987.772442,9104.533087
20684.517078,2442.679609,2604.724693,9548.656652
20684.517401,592.164754,1838.629195,10288.862594
20684.517724,814.226536,536.266849,10658.965565
20684.518048,1332.370696,0.000000,11991.336260
20684.518371,148.041188,0.000000,11843.295072
20684.518694,74.020594,153.219100,11547.212695
20684.519018,740.205942,306.438199,10955.047942
20684.519341,1258.350101,1149.143247,9474.636058
20684.519664,2664.741391,3217.601092,7920.203579
20684.519988,3627.009116,2987.772442,7031.956449
20684.520311,4219.173869,4213.525239,5477.523971
20684.520634,4811.338623,4519.963438,5181.441594
20684.520958,4145.153275,5056.230287,4885.359217
20684.521281,3330.926739,4136.915689,5773.606348
20684.521604,2072.576638,3370.820191,6735.874072
20684.521928,1110.308913,2451.505594,7772.162391
20684.522251,-592.164754,766.095498,9474.636058
20684.522574,-2146.597232,229.828649,10288.862594
20684.522898,-2664.741391,-842.705048,11621.233289
20684.523221,-2590.720797,-1991.848295,12065.356855
20684.523544,-3256.906145,-2221.676944,12287.418637
20684.523868,-2664.741391,-1225.752797,12361.439231
20684.524191,-962.267725,-919.314598,12361.439231
20684.524514,666.185348,0.000000,11251.130318
20684.524838,2294.638420,842.705048,10288.862594
20684.525161,2664.741391,1225.752797,9030.512492
20684.525484,2664.741391,1072.533697,7846.182985
20684.525808,4071.132681,2298.286494,6883.915261
20684.526131,4663.297435,2451.505594,7031.956449
20684.526454,3997.112087,2068.457845,6957.935855
20684.526778,2812.782580,2221.676944,6143.709319
20684.527101,2960.823768,1225.752797,7476.080014
20684.527424,2590.720797,1455.581446,8142.265362
20684.527748,1110.308913,766.095498,9178.553681
20684.528071,-1406.391290,0.000000,10436.903782
20684.528394,-1184.329507,-1608.800546,9400.615463
20684.528718,-296.082377,-1455.581446,9770.718434
20684.529041,0.000000,-1072.533697,11103.089130
20684.529364,740.205942,76.609550,10584.944971
20684.529688,1036.288319,0.000000,9326.594869
20684.530011,1554.432478,-766.095498,8512.368333
20684.530334,1036.288319,0.000000,7920.203579
20684.530658,1184.329507,-306.438199,8438.347739
20684.530981,444.123565,-229.828649,8586.388927
20684.531304,1480.411884,612.876398,9030.512492
20684.531628,3627.009116,1455.581446,9474.636058
20684.531951,4145.153275,1991.848295,9252.574275
20684.532274,3849.070898,2221.676944,9400.615463
20684.532598,5329.482782,3064.381992,10066.800811
20684.532921,5107.421000,2987.772442,10214.842000
20684.533244,4367.215058,2451.505594,11029.068536
20684.533568,2960.823768,2298.286494,10807.006753
20684.533891,2072.576638,1149.143247,10807.006753
20684.534214,888.247130,536.266849,10881.027347
20684.534538,444.123565,1378.971896,10881.027347
20684.534861,1406.391290,1608.800546,10955.047942
20684.535184,888.247130,1762.019645,9474.636058
20684.535508,1702.473667,2757.943793,7402.059420
20684.535831,3034.844362,3907.087040,6661.853478
20684.536154,3701.029710,5132.839837,5847.626942
20684.536478,5107.421000,5745.716235,5107.421000
20684.536801,6143.709319,6894.859482,5699.585753
20684.537124,5255.462188,6741.640382,5995.668130
20684.537448,4145.153275,5822.325785,7105.977043
20684.537771,3775.050304,4519.963438,7698.141797
20684.538095,3256.906145,3753.867940,9400.615463
20684.538418,2294.638420,2834.553343,10436.903782
20684.538741,1036.288319,2451.505594,10066.800811
20684.539065,222.061783,2221.676944,10140.821405
20684.539388,0.000000,995.924147,10732.986159
20684.539711,-814.226536,1302.362347,9770.718434
20684.540035,-962.267725,1685.410096,9548.656652
20684.540358,-592.164754,2145.067394,8734.430116
20684.540681,0.000000,2374.896044,7698.141797
20684.541005,-592.164754,2221.676944,7254.018232
20684.541328,0.000000,2298.286494,7254.018232
20684.541651,0.000000,2757.943793,8142.265362
20684.541975,370.102971,995.924147,9104.533087
20684.542298,0.000000,536.266849,9770.718434
20684.542621,-888.247130,0.000000,10436.903782
20684.542945,-1036.288319,-842.705048,11325.150913
20684.543268,-444.123565,-2374.896044,12139.377449
20684.543591,-296.082377,-2757.943793,11769.274478
20684.543915,-222.061783,-2451.505594,12139.377449
20684.544238,1258.350101,-2374.896044,12287.418637
20684.544561,2146.597232,-1685.410096,11029.068536
20684.544885,2812.782580,-306.438199,9770.718434
20684.545208,3256.906145,76.609550,8216.285956
20684.545531,3775.050304,842.705048,6735.874072
20684.545855,4663.297435,1532.190996,5329.482782
20684.546178,5995.668130,2451.505594,5033.400406
20684.546501,5921.647536,2987.772442,5181.441594
20684.546825,4663.297435,2757.943793,5773.606348
20684.547148,4737.318029,2221.676944,6735.874072
20684.547471,5255.462188,1072.533697,8734.430116
20684.547795,4515.256246,306.438199,10807.006753
20684.548118,2368.659014,-459.657299,11991.336260
20684.548441,2590.720797,-1532.190996,13323.706956
20684.548765,1998.556043,-2221.676944,14211.954086
20684.549088,1110.308913,-2451.505594,14211.954086
20684.549411,74.020594,-2221.676944,13471.748144
20684.549735,814.226536,-1762.019645,11769.274478
20684.550058,1776.494261,0.000000,9992.780217
20684.550381,2368.659014,2145.067394,8438.347739
20684.550705,3256.906145,4366.744339,5033.400406
20684.551028,3182.885551,6128.763984,3034.844362
20684.551351,3404.947333,6511.811733,3034.844362
20684.551675,2886.803174,6741.640382,3775.050304
20684.551998,1924.535449,6435.202183,5625.565159
20684.552321,0.000000,4596.572988,8142.265362
20684.552645,-1258.350101,2374.896044,10288.862594
20684.552968,-3404.947333,0.000000,11621.233289
20684.553291,-4811.338623,-1685.410096,12435.459826
20684.553615,-4071.132681,-3294.210641,14434.015869
20684.553938,-2368.659014,-1762.019645,14063.912898
20684.554261,0.000000,-459.657299,13249.686362
20684.554585,2072.576638,1532.190996,11103.089130
20684.554908,4145.153275,4519.963438,9104.533087
20684.555231,5403.503377,5975.544884,7254.018232
20684.555555,5847.626942,6741.640382,5033.400406
20684.555878,5773.606348,7048.078582,2960.823768
20684.556201,5477.523971,6894.859482,3108.864956
20684.556525,4293.194464,6894.859482,4589.276840
20684.556848,3701.029710,6052.154434,5477.523971
20684.557171,2368.659014,4136.915689,6143.709319
20684.557495,666.185348,2145.067394,7254.018232
20684.557818,-666.185348,995.924147,9474.636058
20684.558141,-1702.473667,-229.828649,11547.212695
20684.558465,-2886.803174,-1378.971896,12213.398043
20684.558788,-3108.864956,-2911.162892,11695.253884
20684.559112,-1184.329507,-2987.772442,11769.274478
20684.559435,518.144159,-1608.800546,13323.706956
20684.559758,1924.535449,306.438199,14063.912898
20684.560082,3701.029710,995.924147,12509.480420
20684.560405,5329.482782,1838.629195,11843.295072
20684.560728,5033.400406,1149.143247,11399.171507
20684.561052,5181.441594,1072.533697,9326.594869
20684.561375,5255.462188,919.314598,7476.080014
20684.561698,4589.276840,1838.629195,7476.080014
20684.562022,4885.359217,3140.991542,7105.977043
20684.562345,5773.606348,3677.258390,5773.606348
20684.562668,3701.029710,2604.724693,4737.318029
20684.562992,1554.432478,2451.505594,4663.297435
20684.563315,1036.288319,1072.533697,4441.235652
20684.563638,2220.617826,536.266849,6661.853478
20684.563962,1332.370696,842.705048,9622.677246
20684.564285,-370.102971,995.924147,11473.192101
20684.564608,-962.267725,-612.876398,11177.109724
20684.564932,-1258.350101,-2681.334243,12583.501014
20684.565255,-1480.411884,-3217.601092,14063.912898
20684.565578,-962.267725,-2987.772442,14285.974681
20684.565902,-148.041188,-2987.772442,13841.851115
20684.566225,740.205942,-1302.362347,12953.603985
20684.566548,2368.659014,689.485948,9474.636058
20684.566872,3256.906145,1762.019645,5773.606348
20684.567195,3552.988522,2987.772442,3404.947333
20684.567518,5181.441594,5975.544884,2664.741391
20684.567842,6809.894666,8733.488677,3627.009116
20684.568165,6513.812290,7737.564530,5107.421000
20684.568488,4589.276840,6281.983084,6365.771101
20684.568812,2146.597232,4519.963438,8660.409521
20684.569135,-1998.556043,1608.800546,11325.150913
20684.569458,-5625.565159,-1532.190996,12953.603985
20684.569782,-6217.729913,-4596.572988,15396.283594
20684.570105,-6513.812290,-6205.373534,17616.901420
20684.570428,-8586.388927,-6665.030833,16580.613101
20684.570752,-7105.977043,-5209.449386,13545.768739
20684.571075,-2516.700203,-2374.896044,9844.739029
20684.571398,3256.906145,2451.505594,6661.853478
20684.571722,7254.018232,7584.345430,3775.050304
20684.572045,10807.006753,10495.508323,1850.514855
20684.572368,11843.295072,12334.137518,-148.041188
20684.572692,11621.233289,11874.480219,-74.020594
20684.573015,10214.842000,9882.631924,740.205942
20684.573338,7328.038826,7124.688131,5033.400406
20684.573662,3034.844362,3753.867940,10732.986159
20684.573985,-1184.329507,229.828649,14211.954086
20684.574308,-3923.091493,-3907.087040,15692.365970
20684.574632,-5477.523971,-6971.469032,15692.365970
20684.574955,-4589.276840,-6741.640382,15766.386565
20684.575278,-1628.453072,-4826.401637,15914.427753
20684.575602,740.205942,-1072.533697,14730.098246
20684.575925,1924.535449,1608.800546,10881.027347
20684.576248,4145.153275,3524.039291,7031.956449
20684.576572,6217.729913,4519.963438,3404.947333
20684.576895,6217.729913,5132.839837,3849.070898
20684.577218,6217.729913,6894.859482,5255.462188
20684.577542,6809.894666,6741.640382,5773.606348
20684.577865,6217.729913,5132.839837,6291.750507
20684.578188,3701.029710,3524.039291,7920.203579
20684.578512,2812.782580,2911.162892,8438.347739
20684.578835,2072.576638,2221.676944,10214.842000
20684.579158,222.061783,-1072.533697,10955.047942
20684.579482,518.144159,-1685.410096,10658.965565
20684.579805,-740.205942,-1608.800546,12139.377449
20684.580128,-3478.967927,-1225.752797,12435.459826
20684.580451,-3404.947333,-1608.800546,9770.718434
20684.580775,-222.061783,-1302.362347,9548.656652
20684.581098,2368.659014,842.705048,9104.533087
20684.581421,2442.679609,4213.525239,9622.677246
20684.581744,2664.741391,4290.134789,7846.182985
20684.582068,2146.597232,3217.601092,3849.070898
20684.582391,3627.009116,2987.772442,5033.400406
20684.582714,4959.379811,3677.258390,6513.812290
20684.583038,2442.679609,3677.258390,7550.100608
20684.583361,740.205942,1685.410096,7624.121203
20684.583684,2146.597232,383.047749,7254.018232
20684.584007,2294.638420,153.219100,9030.512492
20684.584331,888.247130,229.828649,12583.501014
20684.584654,666.185348,842.705048,13101.645173
20684.584977,888.247130,-919.314598,11917.315666
20684.585301,-370.102971,-2221.676944,12435.459826
20684.585624,-2812.782580,-1838.629195,12953.603985
20684.585947,-1554.432478,-612.876398,11917.315666
20684.586271,222.061783,536.266849,11177.109724
20684.586594,962.267725,995.924147,8734.430116
20684.586917,0.000000,1991.848295,7772.162391
20684.587240,-888.247130,1532.190996,5921.647536
20684.587564,148.041188,1532.190996,5403.503377
20684.587887,1702.473667,1838.629195,4293.194464
20684.588210,-148.041188,2298.286494,6661.853478
20684.588534,-1110.308913,766.095498,7179.997637
20684.588857,814.226536,1762.019645,7402.059420
20684.589180,2220.617826,842.705048,9030.512492
20684.589503,888.247130,306.438199,9622.677246
20684.589827,-592.164754,153.219100,10807.006753
20684.590150,2664.741391,-919.314598,10584.944971
20684.590473,3627.009116,-919.314598,11029.068536
20684.590797,1628.453072,0.000000,12657.521608
20684.591120,-518.144159,-842.705048,10214.842000
20684.591443,1480.411884,229.828649,9918.759623
20684.591766,4441.235652,0.000000,10362.883188
20684.592090,3330.926739,1762.019645,10140.821405
20684.592413,2368.659014,1302.362347,9252.574275
20684.592736,2738.761985,1302.362347,7994.224174
20684.593060,2590.720797,919.314598,7254.018232
20684.593383,962.267725,1225.752797,8290.306550
20684.593706,1998.556043,153.219100,7550.100608
20684.594030,2368.659014,1225.752797,7179.997637
20684.594353,1332.370696,1991.848295,9844.739029
20684.594676,-148.041188,1149.143247,9326.594869
20684.594999,-1184.329507,0.000000,8734.430116
20684.595323,-148.041188,-1302.362347,8068.244768
20684.595646,-1480.411884,-1532.190996,9178.553681
20684.595969,-3775.050304,-2451.505594,10140.821405
20684.596293,-3552.988522,-1838.629195,10658.965565
20684.596616,-2072.576638,-383.047749,12509.480420
20684.596939,-1258.350101,-536.266849,10510.924376
20684.597262,-2072.576638,-1378.971896,8216.285956
20684.597586,-1036.288319,-1685.410096,7402.059420
20684.597909,1480.411884,153.219100,8142.265362
20684.598232,1702.473667,1455.581446,7550.100608
20684.598556,1480.411884,1455.581446,7031.956449
20684.598879,1628.453072,1991.848295,6439.791695
20684.599202,2590.720797,2834.553343,7476.080014
20684.599526,1776.494261,2221.676944,9474.636058
20684.599849,370.102971,536.266849,8882.471304
20684.600172,-1332.370696,-689.485948,9326.594869
20684.600495,-2146.597232,-2451.505594,10362.883188
20684.600819,-2812.782580,-2987.772442,12731.542202
20684.601142,-3330.926739,-3447.429741,13101.645173
20684.601465,-2812.782580,-2528.115143,13545.768739
20684.601789,-3182.885551,-1838.629195,12139.377449
20684.602112,-3552.988522,-1762.019645,9400.615463
20684.602435,-3923.091493,-2374.896044,7994.224174
20684.602758,-2220.617826,-2528.115143,6587.832884
20684.603082,-1110.308913,-1072.533697,6069.688724
20684.603405,-2368.659014,-153.219100,5477.523971
20684.603728,-1110.308913,0.000000,4737.318029
20684.604052,-148.041188,1608.800546,6513.812290
20684.604375,-1628.453072,842.705048,7328.038826
20684.604698,-2368.659014,0.000000,8882.471304
20684.605022,148.041188,-1532.190996,9030.512492
20684.605345,444.123565,-2451.505594,10510.924376
20684.605668,-740.205942,-3140.991542,10140.821405
20684.605991,-1554.432478,-3064.381992,9918.759623
20684.606315,888.247130,-2068.457845,11621.233289
20684.606638,2590.720797,229.828649,13767.830521
20684.606961,1776.494261,76.609550,12583.501014
20684.607285,1702.473667,-1991.848295,9770.718434
20684.607608,3404.947333,-2221.676944,8290.306550
20684.607931,3775.050304,383.047749,8956.491898
20684.608254,2738.761985,1455.581446,8660.409521
20684.608578,2960.823768,306.438199,5847.626942
20684.608901,4145.153275,766.095498,7920.203579
20684.609224,2886.803174,2374.896044,10288.862594
20684.609548,74.020594,766.095498,8882.471304
20684.609871,0.000000,-1378.971896,9622.677246
20684.610194,-444.123565,-2451.505594,10362.883188
20684.610517,-3478.967927,-1991.848295,9474.636058
20684.610841,-3108.864956,-2834.553343,7846.182985
20684.611164,-2368.659014,-3294.210641,7994.224174
20684.611487,-2294.638420,-766.095498,11917.315666
20684.611811,-3404.947333,536.266849,11177.109724
20684.612134,-2294.638420,-1149.143247,7994.224174
20684.612457,0.000000,-995.924147,7698.141797
20684.612781,-1480.411884,1532.190996,8660.409521
20684.613104,-740.205942,2145.067394,7624.121203
20684.613427,962.267725,1455.581446,6587.832884
20684.613750,3034.844362,2451.505594,7698.141797
20684.614074,1776.494261,4213.525239,9252.574275
20684.614397,0.000000,2987.772442,7105.977043
20684.614720,0.000000,842.705048,7698.141797
20684.615044,1110.308913,1225.752797,10066.800811
20684.615367,-740.205942,2374.896044,10955.047942
20684.615690,-2072.576638,-1225.752797,9326.594869
20684.616013,-1850.514855,-2221.676944,8734.430116
20684.616337,-1924.535449,-229.828649,9770.718434
20684.616660,-4071.132681,995.924147,11621.233289
20684.616983,-3552.988522,-1225.752797,10807.006753
20684.617307,-444.123565,-1455.581446,8586.388927
20684.617630,-518.144159,153.219100,9400.615463
20684.617953,-2960.823768,-536.266849,8142.265362
20684.618277,-2368.659014,-1072.533697,4959.379811
20684.618600,-222.061783,-1149.143247,6439.791695
20684.618923,-1480.411884,383.047749,9474.636058
20684.619246,-3108.864956,0.000000,7624.121203
20684.619570,-2516.700203,-2451.505594,7402.059420
20684.619893,-1554.432478,-3600.648841,9622.677246
20684.620216,-2812.782580,-2987.772442,10214.842000
20684.620540,-1924.535449,-3447.429741,8438.347739
20684.620863,888.247130,-3600.648841,9030.512492
20684.621186,1554.432478,-1455.581446,12139.377449
20684.621509,1850.514855,0.000000,11473.192101
20684.621833,1776.494261,-2145.067394,9992.780217
20684.622156,3775.050304,-3064.381992,9548.656652
20684.622479,4663.297435,0.000000,11251.130318
20684.622803,2960.823768,-1225.752797,10955.047942
20684.623126,3330.926739,-3064.381992,8142.265362
20684.623449,4219.173869,-995.924147,10140.821405
20684.623773,2812.782580,842.705048,12953.603985
20684.624096,1258.350101,-612.876398,9178.553681
20684.624419,2368.659014,-2374.896044,6513.812290
20684.624742,1776.494261,-1532.190996,9400.615463
20684.625066,-740.205942,-306.438199,10881.027347
20684.625389,-1702.473667,-766.095498,8438.347739
20684.625712,518.144159,-2451.505594,6587.832884
20684.626036,-222.061783,-1225.752797,7179.997637
20684.626359,-2886.803174,153.219100,9918.759623
20684.626682,-888.247130,-1608.800546,9622.677246
20684.627005,0.000000,-2068.457845,10214.842000
20684.627329,-2738.761985,-1915.238745,10362.883188
20684.627652,-5033.400406,-2221.676944,9696.697840
20684.627975,-3478.967927,-2298.286494,8882.471304
20684.628299,74.020594,-612.876398,9252.574275
20684.628622,-592.164754,1608.800546,11251.130318
20684.628945,-2516.700203,1532.190996,6661.853478
20684.629268,148.041188,842.705048,5699.585753
20684.629592,2738.761985,1915.238745,6661.853478
20684.629915,444.123565,3677.258390,9844.739029
20684.630238,0.000000,2451.505594,9178.553681
20684.630562,1258.350101,1225.752797,7476.080014
20684.630885,1702.473667,1532.190996,11325.150913
20684.631208,-1998.556043,2068.457845,9992.780217
20684.631532,-2960.823768,689.485948,7105.977043
20684.631855,-1184.329507,-2604.724693,8734.430116
20684.632178,-2590.720797,-306.438199,10955.047942
20684.632501,-3849.070898,842.705048,9918.759623
20684.632825,-3108.864956,-612.876398,7920.203579
20684.633148,-1110.308913,-766.095498,9326.594869
20684.633471,-1480.411884,1762.019645,9770.718434
20684.633795,-2886.803174,689.485948,7550.100608
20684.634118,-2368.659014,-1378.971896,5699.585753
20684.634441,-1998.556043,-995.924147,7105.977043
20684.634764,-3775.050304,-229.828649,8290.306550
20684.635088,-3849.070898,-2528.115143,6291.750507
20684.635411,-2442.679609,-3217.601092,8216.285956
20684.635734,-740.205942,-1378.971896,11325.150913
20684.636058,-2220.617826,-1149.143247,11325.150913
20684.636381,-962.267725,-3294.210641,8068.244768
20684.636704,814.226536,-3983.696590,9770.718434
20684.637028,2072.576638,-2374.896044,12879.583391
20684.637351,3404.947333,-1225.752797,11695.253884
20684.637674,5255.462188,-2451.505594,9622.677246
20684.637997,6809.894666,-1149.143247,11251.130318
20684.638321,5625.565159,1608.800546,14211.954086
20684.638644,4885.359217,459.657299,10658.965565
20684.638967,5329.482782,-2451.505594,8956.491898
20684.639291,4293.194464,-2068.457845,8956.491898
20684.639614,1702.473667,-842.705048,9104.533087
20684.639937,592.164754,-1532.190996,7698.141797
20684.640260,1554.432478,-1838.629195,6883.915261
20684.640584,444.123565,-229.828649,8734.430116
20684.640907,-2368.659014,995.924147,9548.656652
20684.641230,-3108.864956,-689.485948,7994.224174
20684.641554,-2368.659014,-2757.943793,7179.997637
20684.641877,-2738.761985,-3140.991542,8364.327145
20684.642200,-4885.359217,-1915.238745,9474.636058
20684.642524,-4219.173869,-2068.457845,8734.430116
20684.642847,-1776.494261,-1532.190996,8734.430116
20684.643170,-1554.432478,459.657299,10658.965565
20684.643493,-3775.050304,306.438199,9400.615463
20684.643817,-1776.494261,-766.095498,7698.141797
20684.644140,518.144159,-842.705048,8808.450710
20684.644463,74.020594,1225.752797,10288.862594
20684.644787,148.041188,2068.457845,8586.388927
20684.645110,2664.741391,1991.848295,8068.244768
20684.645433,4589.276840,3140.991542,9326.594869
20684.645756,2294.638420,5132.839837,9992.780217
20684.646080,444.123565,3524.039291,9474.636058
20684.646403,1036.288319,1378.971896,7698.141797
20684.646726,296.082377,995.924147,9400.615463
20684.647050,-2072.576638,383.047749,10807.006753
20684.647373,-3627.009116,-689.485948,8956.491898
20684.647696,-3034.844362,-383.047749,9104.533087
20684.648020,-3256.906145,-612.876398,9844.739029
20684.648343,-5477.523971,-459.657299,8586.388927
20684.648666,-5699.585753,-1915.238745,8068.244768
20684.648989,-3478.967927,-1915.238745,7179.997637
20684.649313,-2960.823768,-536.266849,8586.388927
20684.649636,-4071.132681,-995.924147,6883.915261
20684.649959,-2886.803174,-1225.752797,6143.709319
20684.650283,-666.185348,459.657299,8734.430116
20684.650606,-1110.308913,612.876398,9770.718434
20684.650929,-2294.638420,-536.266849,8512.368333
20684.651252,370.102971,-3064.381992,8512.368333
20684.651576,1702.473667,-2451.505594,10066.800811
20684.651899,1036.288319,-1302.362347,11621.233289
20684.652222,2738.761985,-1762.019645,10140.821405
20684.652546,5625.565159,-1302.362347,9918.759623
20684.652869,5773.606348,1149.143247,12287.418637
20684.653192,4663.297435,1225.752797,11399.171507
20684.653515,5773.606348,-1149.143247,9548.656652
20684.653839,6439.791695,-1608.800546,11103.089130
20684.654162,4737.318029,0.000000,12139.377449
20684.654485,2442.679609,-1072.533697,9030.512492
20684.654809,2294.638420,-2911.162892,7328.038826
20684.655132,2368.659014,-1608.800546,9474.636058
20684.655455,-518.144159,842.705048,9548.656652
20684.655779,-1998.556043,-1915.238745,7550.100608
20684.656102,-1480.411884,-4060.306139,6217.729913
20684.656425,-2368.659014,-2757.943793,7550.100608
20684.656748,-4071.132681,-689.485948,8808.450710
20684.657072,-4219.173869,-2145.067394,7179.997637
20684.657395,-1850.514855,-1838.629195,7846.182985
20684.657718,-1998.556043,0.000000,10362.883188
20684.658042,-5255.462188,0.000000,10214.842000
20684.658365,-5329.482782,-2374.896044,8142.265362
20684.658688,-518.144159,-2298.286494,7698.141797
20684.659011,-444.123565,612.876398,11769.274478
20684.659335,-1850.514855,306.438199,11843.295072
20684.659658,0.000000,1302.362347,8660.409521
20684.659981,2664.741391,2145.067394,8660.409521
20684.660305,1480.411884,3217.601092,10807.006753
20684.660628,222.061783,3064.381992,8142.265362
20684.660951,1184.329507,1991.848295,8808.450710
20684.661275,2590.720797,2451.505594,9326.594869
20684.661598,888.247130,3600.648841,9548.656652
20684.661921,-814.226536,2145.067394,7846.182985
20684.662244,-2220.617826,612.876398,6809.894666
20684.662568,-1998.556043,995.924147,8586.388927
20684.662891,-1776.494261,1532.190996,9622.677246
20684.663214,-4959.379811,-306.438199,8882.471304
20684.663538,-4071.132681,-2451.505594,6883.915261
20684.663861,-4737.318029,-1378.971896,7550.100608
20684.664184,-5255.462188,-2221.676944,7402.059420
20684.664507,-2960.823768,-2068.457845,6883.915261
20684.664831,-814.226536,-689.485948,8142.265362
20684.665154,-888.247130,153.219100,8882.471304
20684.665477,-2812.782580,229.828649,9474.636058
20684.665801,0.000000,-995.924147,7476.080014
20684.666124,1776.494261,-1608.800546,9326.594869
20684.666447,370.102971,-2298.286494,10510.924376
20684.666771,1702.473667,-1685.410096,9252.574275
20684.667094,4293.194464,-1072.533697,9918.759623
20684.667417,3849.070898,306.438199,11843.295072
20684.667740,2664.741391,612.876398,11769.274478
20684.668064,3478.967927,-1762.019645,8512.368333
20684.668387,5181.441594,-2528.115143,10288.862594
20684.668710,4663.297435,-536.266849,13175.665768
20684.669034,2442.679609,0.000000,11991.336260
20684.669357,3034.844362,-1838.629195,9474.636058
20684.669680,3775.050304,-1838.629195,9844.739029
20684.670003,2960.823768,76.609550,10658.965565
20684.670327,222.061783,-383.047749,9474.636058
20684.670650,-740.205942,-3064.381992,7179.997637
20684.670973,-888.247130,-2528.115143,8142.265362
20684.671297,-2812.782580,-1685.410096,7920.203579
20684.671620,-3256.906145,-2528.115143,5773.606348
20684.671943,-2146.597232,-2911.162892,6957.935855
20684.672266,-3775.050304,-995.924147,9104.533087
20684.672590,-5329.482782,-459.657299,8956.491898
20684.672913,-4145.153275,-2068.457845,7550.100608
20684.673236,-2738.761985,-3140.991542,9918.759623
20684.673560,-3256.906145,-2451.505594,9992.780217
20684.673883,-2960.823768,-1302.362347,9326.594869
20684.674206,74.020594,-1915.238745,7476.080014
20684.674530,2294.638420,1532.190996,10214.842000
20684.674853,2516.700203,3753.867940,11843.295072
20684.675176,1628.453072,2987.772442,9400.615463
20684.675499,3034.844362,612.876398,6809.894666
20684.675823,3330.926739,1532.190996,10214.842000
20684.676146,1702.473667,2987.772442,11843.295072
20684.676469,370.102971,1608.800546,8734.430116
20684.676793,2072.576638,1072.533697,8142.265362
20684.677116,1184.329507,1378.971896,9400.615463
20684.677439,-2590.720797,2298.286494,11251.130318
20684.677762,-2516.700203,153.219100,8216.285956
20684.678086,-1924.535449,-612.876398,7105.977043
20684.678409,-4367.215058,-1072.533697,8216.285956
20684.678732,-5995.668130,-689.485948,8734.430116
20684.679056,-5181.441594,-2528.115143,6365.771101
20684.679379,-3997.112087,-2145.067394,7402.059420
20684.679702,-5403.503377,-76.609550,10066.800811
20684.680026,-6217.729913,-612.876398,8808.450710
20684.680349,-3627.009116,-3677.258390,5995.668130
20684.680672,-962.267725,-3370.820191,7402.059420
20684.680995,-518.144159,306.438199,10436.903782
20684.681319,444.123565,842.705048,9178.553681
20684.681642,4441.235652,-383.047749,7920.203579
20684.681965,7550.100608,536.266849,9992.780217
20684.682288,4515.256246,2911.162892,12361.439231
20684.682612,3701.029710,1149.143247,10066.800811
20684.682935,6513.812290,-459.657299,9992.780217
20684.683258,6365.771101,-689.485948,10658.965565
20684.683581,3182.885551,0.000000,11399.171507
20684.683905,2590.720797,-1685.410096,8142.265362
20684.684228,4145.153275,-1991.848295,9548.656652
20684.684551,2294.638420,383.047749,13471.748144
20684.684875,-1628.453072,306.438199,12065.356855
20684.685198,-2072.576638,-2451.505594,7772.162391
20684.685521,-1406.391290,-3983.696590,7920.203579
20684.685844,-1850.514855,-1532.190996,9548.656652
20684.686168,-3404.947333,-612.876398,7698.141797
20684.686491,-2738.761985,-2451.505594,5847.626942
20684.686814,-1480.411884,-1762.019645,5921.647536
20684.687137,-3849.070898,689.485948,8216.285956
20684.687461,-5181.441594,-306.438199,7698.141797
20684.687784,-3330.926739,-2068.457845,8734.430116
20684.688107,-2146.597232,-2757.943793,9178.553681
20684.688431,-2664.741391,-2145.067394,9178.553681
20684.688754,-2368.659014,-1532.190996,7920.203579
20684.689077,296.082377,-306.438199,10066.800811
20684.689400,1554.432478,2298.286494,12213.398043
20684.689724,1332.370696,1608.800546,10066.800811
20684.690047,1406.391290,-306.438199,8216.285956
20684.690370,1628.453072,-383.047749,9104.533087
20684.690693,2664.741391,919.314598,9844.739029
20684.691017,2664.741391,689.485948,9918.759623
20684.691340,2072.576638,459.657299,9474.636058
20684.691663,1776.494261,1225.752797,10436.903782
20684.691986,888.247130,1685.410096,9326.594869
20684.692310,-518.144159,-383.047749,8290.306550
20684.692633,-962.267725,-1225.752797,7846.182985
20684.692956,-1258.350101,-536.266849,9400.615463
20684.693280,-2072.576638,-842.705048,8734.430116
20684.693603,-2960.823768,-1608.800546,8586.388927
20684.693926,-2738.761985,-1149.143247,8068.244768
20684.694249,-4071.132681,0.000000,9844.739029
20684.694573,-5921.647536,-1838.629195,10288.862594
20684.694896,-5699.585753,-3370.820191,8660.409521
20684.695219,-4885.359217,-3370.820191,8882.471304
20684.695542,-6217.729913,-3907.087040,9178.553681
20684.695866,-7031.956449,-3600.648841,8290.306550
20684.696189,-3552.988522,-2987.772442,8956.491898
20684.696512,222.061783,-1149.143247,9622.677246
20684.696835,740.205942,1225.752797,10214.842000
20684.697159,2146.597232,1532.190996,8364.327145
20684.697482,4663.297435,1915.238745,8068.244768
20684.697805,5921.647536,2451.505594,9548.656652
20684.698129,7105.977043,2451.505594,9696.697840
20684.698452,7994.224174,1149.143247,6587.832884
20684.698775,7624.121203,1608.800546,10066.800811
20684.699098,5625.565159,3217.601092,13841.851115
20684.699422,3627.009116,3217.601092,11843.295072
20684.699745,3552.988522,-1532.190996,7698.141797
20684.700068,2590.720797,-3830.477490,7105.977043
20684.700391,-1480.411884,-919.314598,10214.842000
20684.700715,-2960.823768,-383.047749,9548.656652
20684.701038,-592.164754,-1532.190996,7254.018232
20684.701361,-518.144159,-995.924147,8290.306550
20684.701685,-4071.132681,689.485948,9030.512492
20684.702008,-5699.585753,-689.485948,6587.832884
20684.702331,-4145.153275,-2374.896044,5773.606348
20684.702654,-2516.700203,-1072.533697,9178.553681
20684.702978,-4959.379811,-689.485948,10066.800811
20684.703301,-4811.338623,-2757.943793,7179.997637
20684.703624,-2516.700203,-2911.162892,7328.038826
20684.703947,-2072.576638,-383.047749,11473.192101
20684.704271,-2072.576638,612.876398,11399.171507
20684.704594,-370.102971,-229.828649,10066.800811
20684.704917,3478.967927,-995.924147,10288.862594
20684.705240,3034.844362,1762.019645,11399.171507
20684.705564,2886.803174,1685.410096,9622.677246
20684.705887,4885.359217,995.924147,8364.327145
20684.706210,5625.565159,2374.896044,9548.656652
20684.706534,3182.885551,3677.258390,11103.089130
20684.706857,1332.370696,1915.238745,9104.533087
20684.707180,592.164754,-306.438199,7994.224174
20684.707503,-370.102971,-995.924147,8808.450710
20684.707827,-4367.215058,-536.266849,9178.553681
20684.708150,-4737.318029,-2374.896044,8586.388927
20684.708473,-2738.761985,-2834.553343,7179.997637
20684.708796,-5255.462188,-2145.067394,8438.347739
20684.709120,-7994.224174,-3140.991542,7476.080014
20684.709443,-7105.977043,-3600.648841,6661.853478
20684.709766,-2738.761985,-3983.696590,8142.265362
20684.710090,-2516.700203,-2374.896044,10881.027347
20684.710413,-3775.050304,-2374.896044,9548.656652
20684.710736,-2664.741391,-3600.648841,7994.224174
20684.711059,148.041188,-2068.457845,9622.677246
20684.711383,888.247130,-689.485948,12583.501014
20684.711706,0.000000,-995.924147,9548.656652
20684.712029,1850.514855,-2145.067394,7402.059420
20684.712352,3034.844362,-1762.019645,9770.718434
20684.712676,2960.823768,76.609550,11399.171507
20684.712999,3775.050304,-153.219100,9400.615463
20684.713322,5995.668130,-1072.533697,8660.409521
20684.713645,5181.441594,1532.190996,12509.480420
20684.713969,2960.823768,1915.238745,11621.233289
20684.714292,3627.009116,0.000000,9548.656652
20684.714615,3404.947333,-2068.457845,8882.471304
20684.714939,74.020594,-383.047749,10140.821405
20684.715262,-1184.329507,-306.438199,9400.615463
20684.715585,-740.205942,-2374.896044,6513.812290
20684.715908,-518.144159,-1378.971896,7846.182985
20684.716232,-2368.659014,842.705048,10955.047942
20684.716555,-4515.256246,0.000000,7476.080014
20684.716878,-3627.009116,-2374.896044,6439.791695
20684.717201,-2146.597232,-1685.410096,7402.059420
20684.717525,-2516.700203,153.219100,8438.347739
20684.717848,-2590.720797,-306.438199,7328.038826
20684.718171,-962.267725,306.438199,7846.182985
20684.718494,296.082377,1838.629195,8438.347739
20684.718818,-740.205942,2068.457845,9474.636058
20684.719141,0.000000,459.657299,7920.203579
20684.719464,2664.741391,766.095498,8808.450710
20684.719788,2442.679609,995.924147,10214.842000
20684.720111,370.102971,1455.581446,10436.903782
20684.720434,2220.617826,1149.143247,10807.006753
20684.720757,4441.235652,3140.991542,10510.924376
20684.721081,2516.700203,2681.334243,11251.130318
20684.721404,888.247130,2068.457845,9474.636058
20684.721727,962.267725,1225.752797,8660.409521
20684.722050,1036.288319,1149.143247,9696.697840
20684.722374,-1628.453072,1378.971896,10214.842000
20684.722697,-2738.761985,0.000000,6883.915261
20684.723020,-2146.597232,-153.219100,7254.018232
20684.723344,-2220.617826,153.219100,9030.512492
20684.723667,-5329.482782,1532.190996,9252.574275
20684.723990,-5847.626942,-1149.143247,6439.791695
20684.724313,-4811.338623,-2911.162892,5847.626942
20684.724637,-4811.338623,-2681.334243,7328.038826
20684.724960,-5847.626942,-2451.505594,8290.306550
20684.725283,-4737.318029,-3294.210641,7550.100608
20684.725606,-2368.659014,-2298.286494,9548.656652
20684.725930,-1776.494261,-766.095498,10807.006753
20684.726253,-1702.473667,-2374.896044,9400.615463
20684.726576,444.123565,-3677.258390,8068.244768
20684.726899,1406.391290,-2604.724693,10214.842000
20684.727223,740.205942,-1149.143247,10807.006753
20684.727546,1702.473667,-1455.581446,7994.224174
20684.727869,4737.318029,-2451.505594,8660.409521
20684.728193,4811.338623,0.000000,11695.253884
20684.728516,2886.803174,1225.752797,12361.439231
20684.728839,2590.720797,-1225.752797,9770.718434
20684.729162,4589.276840,-3677.258390,8808.450710
20684.729486,2886.803174,-2221.676944,10510.924376
20684.729809,444.123565,-1072.533697,11325.150913
20684.730132,1110.308913,-2604.724693,9992.780217
20684.730455,2886.803174,-2298.286494,9992.780217
20684.730779,1554.432478,-766.095498,11843.295072
20684.731102,-1258.350101,-1532.190996,9030.512492
20684.731425,-1776.494261,-2681.334243,7698.141797
20684.731749,-1184.329507,-2068.457845,8882.471304
20684.732072,-2294.638420,-842.705048,9548.656652
20684.732395,-2960.823768,-2911.162892,5921.647536
20684.732718,-1850.514855,-2528.115143,5995.668130
20684.733042,-1554.432478,-229.828649,9844.739029
20684.733365,-2516.700203,1685.410096,10140.821405
20684.733688,-814.226536,-306.438199,7476.080014
20684.734011,-148.041188,-1378.971896,8438.347739
20684.734335,-888.247130,229.828649,9770.718434
20684.734658,-1332.370696,919.314598,8216.285956
20684.734981,518.144159,-536.266849,6661.853478
20684.735304,2886.803174,612.876398,9918.759623
20684.735628,1776.494261,3677.258390,12287.418637
20684.735951,-740.205942,2604.724693,9474.636058
20684.736274,148.041188,-229.828649,7476.080014
20684.736598,1924.535449,0.000000,9548.656652
20684.736921,148.041188,2298.286494,11103.089130
20684.737244,-592.164754,1149.143247,9474.636058
20684.737567,2146.597232,1072.533697,8216.285956
20684.737891,2960.823768,2911.162892,10288.862594
20684.738214,148.041188,4213.525239,10066.800811
20684.738537,-2146.597232,1455.581446,7254.018232
20684.738860,-1702.473667,-383.047749,7476.080014
20684.739184,-1480.411884,-306.438199,8364.327145
20684.739507,-3923.091493,459.657299,9178.553681
20684.739830,-5329.482782,-995.924147,7476.080014
20684.740153,-5477.523971,-995.924147,7105.977043
20684.740477,-4663.297435,-76.609550,8364.327145
20684.740800,-5181.441594,-766.095498,8882.471304
20684.741123,-4219.173869,-2298.286494,7328.038826
20684.741447,-1998.556043,-1225.752797,9252.574275
20684.741770,-1332.370696,-153.219100,10288.862594
20684.742093,-814.226536,-383.047749,8660.409521
20684.742416,2516.700203,-995.924147,7328.038826
20684.742740,4293.194464,766.095498,8512.368333
20684.743063,2516.700203,2451.505594,10732.986159
20684.743386,3775.050304,1532.190996,9770.718434
20684.743709,5995.668130,-766.095498,8068.244768
20684.744033,5033.400406,-995.924147,9474.636058
20684.744356,3701.029710,229.828649,11473.192101
20684.744679,3256.906145,-919.314598,8364.327145
20684.745003,3256.906145,-2068.457845,10288.862594
20684.745326,2146.597232,-536.266849,12065.356855
20684.745649,1554.432478,-383.047749,10881.027347
20684.745972,592.164754,-3064.381992,8734.430116
20684.746296,-222.061783,-3830.477490,8808.450710
20684.746619,-2220.617826,-1915.238745,9844.739029
20684.746942,-3182.885551,-2451.505594,9030.512492
20684.747265,-2220.617826,-3753.867940,8512.368333
20684.747589,-1776.494261,-2528.115143,9326.594869
20684.747912,-4219.173869,-1149.143247,9770.718434
20684.748235,-4737.318029,-3370.820191,8068.244768
20684.748558,-2368.659014,-4673.182538,7550.100608
20684.748882,-1776.494261,-2528.115143,9622.677246
20684.749205,-3108.864956,-1608.800546,9622.677246
20684.749528,-1702.473667,-3370.820191,8808.450710
20684.749852,1184.329507,-1915.238745,9474.636058
20684.750175,1924.535449,1225.752797,11991.336260
20684.750498,1332.370696,1455.581446,10658.965565
20684.750821,1850.514855,-383.047749,6809.894666
20684.751145,3478.967927,-306.438199,7846.182985
20684.751468,2368.659014,1685.410096,11103.089130
20684.751791,0.000000,1915.238745,10140.821405
20684.752114,1110.308913,0.000000,8142.265362
20684.752438,1332.370696,1149.143247,9104.533087
20684.752761,-1554.432478,1455.581446,11177.109724
20684.753084,-4515.256246,0.000000,8290.306550
20684.753407,-3256.906145,-1991.848295,6439.791695
20684.753731,-1184.329507,-1302.362347,8808.450710
20684.754054,-2960.823768,612.876398,9992.780217
20684.754377,-3923.091493,459.657299,7105.977043
20684.754701,-2738.761985,-1225.752797,6883.915261
20684.755024,-3108.864956,0.000000,8438.347739
20684.755347,-3849.070898,1378.971896,9326.594869
20684.755670,-3182.885551,0.000000,8068.244768
20684.755994,-2146.597232,-1225.752797,7772.162391
20684.756317,-2146.597232,-459.657299,8438.347739
20684.756640,-2516.700203,153.219100,8956.491898
20684.756963,-666.185348,-995.924147,7624.121203
20684.757287,518.144159,-306.438199,9992.780217
20684.757610,222.061783,1149.143247,11843.295072
20684.757933,518.144159,1072.533697,9992.780217
20684.758257,2516.700203,-536.266849,9104.533087
20684.758580,4367.215058,-1149.143247,9992.780217
20684.758903,1998.556043,766.095498,10436.903782
20684.759226,3627.009116,689.485948,7994.224174
20684.759550,6735.874072,1608.800546,9030.512492
20684.759873,5625.565159,2145.067394,10362.883188
20684.760196,2220.617826,2451.505594,9770.718434
20684.760519,2368.659014,-536.266849,8068.244768
20684.760843,2738.761985,-1838.629195,8882.471304
20684.761166,1332.370696,-1072.533697,8068.244768
20684.761489,-1332.370696,-536.266849,8882.471304
20684.761812,-518.144159,-3064.381992,8660.409521
20684.762136,-740.205942,-1225.752797,9474.636058
20684.762459,-2516.700203,-1302.362347,8882.471304
20684.762782,-4811.338623,-3983.696590,8142.265362
20684.763106,-3923.091493,-5515.887586,7476.080014
20684.763429,-3108.864956,-3447.429741,9770.718434
20684.763752,-3701.029710,-3064.381992,11399.171507
20684.764075,-4219.173869,-3753.867940,8586.388927
20684.764399,-2960.823768,-3830.477490,8660.409521
20684.764722,-740.205942,-1532.190996,9474.636058
20684.765045,-888.247130,-689.485948,10288.862594
20684.765368,74.020594,-2221.676944,9474.636058
20684.765692,2294.638420,-766.095498,11695.253884
20684.766015,2220.617826,1532.190996,11991.336260
20684.766338,1110.308913,383.047749,9104.533087
20684.766662,2220.617826,-1608.800546,8068.244768
20684.766985,2442.679609,766.095498,11103.089130
20684.767308,962.267725,3140.991542,12583.501014
20684.767631,296.082377,2068.457845,9918.759623
20684.767955,888.247130,-1532.190996,6069.688724
20684.768278,-518.144159,229.828649,8438.347739
20684.768601,-1924.535449,1762.019645,9770.718434
20684.768924,-1776.494261,1072.533697,6809.894666
20684.769248,-444.123565,153.219100,6143.709319
20684.769571,-1332.370696,2298.286494,8068.244768
20684.769894,-3182.885551,2911.162892,7994.224174
20684.770217,-3330.926739,1072.533697,4441.235652
20684.770541,-1110.308913,-995.924147,5255.462188
20684.770864,-2294.638420,612.876398,8956.491898
20684.771187,-5773.606348,1225.752797,8956.491898
20684.771511,-3849.070898,-1455.581446,6661.853478
20684.771834,-296.082377,-1838.629195,7179.997637
20684.772157,-3108.864956,536.266849,11325.150913
20684.772480,-4441.235652,-306.438199,11843.295072
20684.772804,-962.267725,-2145.067394,7476.080014
20684.773127,2146.597232,-2834.553343,8512.368333
20684.773450,1184.329507,766.095498,12287.418637
20684.773773,666.185348,1762.019645,10658.965565
20684.774097,4663.297435,0.000000,8808.450710
20684.774420,6513.812290,842.705048,11029.068536
20684.774743,3775.050304,3217.601092,12065.356855
20684.775066,2886.803174,842.705048,9844.739029
20684.775390,4145.153275,-2221.676944,9252.574275
20684.775713,2738.761985,-1915.238745,11473.192101
20684.776036,74.020594,-995.924147,11843.295072
20684.776360,370.102971,-2451.505594,8290.306550
20684.776683,2516.700203,-2834.553343,8512.368333
20684.777006,74.020594,-306.438199,10066.800811
20684.777329,-1850.514855,-306.438199,9178.553681
20684.777653,0.000000,-1991.848295,6809.894666
20684.777976,592.164754,-2451.505594,7846.182985
20684.778299,-1184.329507,-919.314598,7846.182985
20684.778622,-3775.050304,-1455.581446,6069.688724
20684.778946,-2294.638420,-3294.210641,6217.729913
20684.779269,-518.144159,-2221.676944,9326.594869
20684.779592,-2590.720797,-995.924147,9992.780217
20684.779916,-4071.132681,-3907.087040,8808.450710
20684.780239,-3478.967927,-4903.011187,8068.244768
20684.780562,-666.185348,-3753.867940,9844.739029
20684.780885,0.000000,-2528.115143,10732.986159
20684.781209,148.041188,-2528.115143,9622.677246
20684.781532,2590.720797,-536.266849,9696.697840
20684.781855,3478.967927,2834.553343,11917.315666
20684.782179,2738.761985,1685.410096,11917.315666
20684.782502,2664.741391,0.000000,9622.677246
20684.782825,2368.659014,-1072.533697,10288.862594
20684.783148,148.041188,0.000000,11473.192101
20684.783472,-2220.617826,-612.876398,10584.944971
20684.783795,-1628.453072,-995.924147,9696.697840
20684.784118,-3108.864956,-459.657299,10955.047942
20684.784442,-5181.441594,-1302.362347,9400.615463
20684.784765,-6217.729913,-2068.457845,7476.080014
20684.785088,-4811.338623,-1685.410096,6069.688724
20684.785412,-3997.112087,-306.438199,7624.121203
20684.785735,-3478.967927,612.876398,5699.585753
20684.786058,-1924.535449,689.485948,4811.338623
20684.786381,-592.164754,1532.190996,6661.853478
20684.786705,-962.267725,3447.429741,8216.285956
20684.787028,-740.205942,2911.162892,8142.265362
20684.787351,592.164754,0.000000,7476.080014
20684.787675,1110.308913,-306.438199,9030.512492
20684.787998,74.020594,0.000000,9770.718434
20684.788321,-888.247130,-536.266849,8956.491898
20684.788645,1554.432478,-1149.143247,8734.430116
20684.788968,2738.761985,766.095498,9622.677246
20684.789291,1258.350101,1915.238745,9992.780217
20684.789614,444.123565,1149.143247,9918.759623
20684.789938,1850.514855,689.485948,11103.089130
20684.790261,1184.329507,0.000000,11399.171507
20684.790584,-962.267725,-1225.752797,11029.068536
20684.790908,-888.247130,-2528.115143,9696.697840
20684.791231,1258.350101,-2834.553343,10510.924376
20684.791554,1332.370696,0.000000,12065.356855
20684.791878,-592.164754,-306.438199,10362.883188
20684.792201,-444.123565,-1762.019645,7698.141797
20684.792524,1924.535449,-919.314598,7402.059420
20684.792847,2368.659014,-153.219100,8068.244768
20684.793171,2516.700203,0.000000,8216.285956
20684.793494,3627.009116,-153.219100,7698.141797
20684.793817,3552.988522,1685.410096,9400.615463
20684.794141,2590.720797,2145.067394,11399.171507
20684.794464,1702.473667,459.657299,8956.491898
20684.794787,740.205942,-1378.971896,7994.224174
20684.795111,0.000000,-2681.334243,8734.430116
20684.795434,-1332.370696,-1915.238745,8956.491898
20684.795757,-1850.514855,-2145.067394,9252.574275
20684.796081,-1110.308913,-612.876398,10214.842000
20684.796404,-2072.576638,459.657299,9326.594869
20684.796727,-3923.091493,76.609550,8512.368333
20684.797050,-3330.926739,-2374.896044,5995.668130
20684.797374,-2072.576638,-1532.190996,7698.141797
20684.797697,-1554.432478,0.000000,9844.739029
20684.798020,-1850.514855,0.000000,7772.162391
20684.798344,74.020594,-1072.533697,7179.997637
20684.798667,1258.350101,536.266849,9548.656652
20684.798990,-1258.350101,2068.457845,11917.315666
20684.799314,0.000000,842.705048,9992.780217
20684.799637,1480.411884,-842.705048,9104.533087
20684.799960,1036.288319,-1302.362347,10436.903782
20684.800283,-814.226536,-383.047749,9252.574275
20684.800607,-1332.370696,-689.485948,7402.059420
20684.800930,666.185348,-1072.533697,7698.141797
20684.801253,-666.185348,1302.362347,9770.718434
20684.801577,-3627.009116,1225.752797,8586.388927
20684.801900,-3775.050304,-1455.581446,7550.100608
20684.802223,-2664.741391,-3600.648841,7772.162391
20684.802547,-3923.091493,-2451.505594,8734.430116
20684.802870,-5625.565159,-2757.943793,8438.347739
20684.803193,-3849.070898,-4213.525239,6291.750507
20684.803516,-1628.453072,-2604.724693,8142.265362
20684.803840,-1480.411884,-612.876398,10362.883188
20684.804163,-1924.535449,-1072.533697,9992.780217
20684.804486,222.061783,-3370.820191,8808.450710
20684.804810,2442.679609,-3294.210641,9178.553681
20684.805133,2368.659014,-1608.800546,11991.336260
20684.805456,1332.370696,-1991.848295,12065.356855
20684.805780,2738.761985,-1302.362347,11399.171507
20684.806103,3849.070898,-842.705048,11843.295072
20684.806426,1776.494261,-1149.143247,12065.356855
20684.806749,592.164754,-2604.724693,10658.965565
20684.807073,1480.411884,-2221.676944,11325.150913
20684.807396,592.164754,-1149.143247,12361.439231
20684.807719,-740.205942,-2451.505594,9030.512492
20684.808043,-962.267725,-3064.381992,5181.441594
20684.808366,666.185348,-1302.362347,7254.018232
20684.808689,666.185348,2681.334243,10510.924376
20684.809013,962.267725,2681.334243,9474.636058
20684.809336,1480.411884,612.876398,6957.935855
20684.809659,1184.329507,0.000000,6513.812290
20684.809982,888.247130,1302.362347,7772.162391
20684.810306,1850.514855,2068.457845,8660.409521
20684.810629,3404.947333,1685.410096,8808.450710
20684.810952,3478.967927,2987.772442,9992.780217
20684.811276,1776.494261,3294.210641,9104.533087
20684.811599,1332.370696,2604.724693,8142.265362
20684.811922,1924.535449,1915.238745,7772.162391
20684.812246,74.020594,2681.334243,10066.800811
20684.812569,-1628.453072,1838.629195,8586.388927
20684.812892,-592.164754,1225.752797,7254.018232
20684.813215,-740.205942,2681.334243,8438.347739
20684.813539,-3552.988522,3983.696590,8438.347739
20684.813862,-4071.132681,2528.115143,6365.771101
20684.814185,-2812.782580,842.705048,6957.935855
20684.814509,-2812.782580,1378.971896,9400.615463
20684.814832,-4145.153275,2374.896044,9474.636058
20684.815155,-3997.112087,-383.047749,7179.997637
20684.815479,-1702.473667,-1225.752797,7846.182985
20684.815802,-814.226536,612.876398,11399.171507
20684.816125,-888.247130,1838.629195,11399.171507
20684.816448,-962.267725,536.266849,9548.656652
20684.816772,592.164754,-842.705048,8364.327145
20684.817095,-740.205942,229.828649,9030.512492
20684.817418,-2812.782580,-1455.581446,10732.986159
20684.817742,-296.082377,-2987.772442,9400.615463
20684.818065,888.247130,-1838.629195,9178.553681
20684.818388,-1554.432478,-919.314598,11843.295072
20684.818712,-3923.091493,-1915.238745,10955.047942
20684.819035,-2516.700203,-3600.648841,9326.594869
20684.819358,-1850.514855,-4136.915689,9696.697840
20684.819681,-2516.700203,-3217.601092,9770.718434
20684.820005,-1850.514855,-4290.134789,5921.647536
20684.820328,0.000000,-4136.915689,6513.812290
20684.820651,592.164754,-3294.210641,8290.306550
20684.820975,-592.164754,-612.876398,11029.068536
20684.821298,1184.329507,-2145.067394,9326.594869
20684.821621,2220.617826,-3294.210641,9178.553681
20684.821945,2738.761985,-4060.306139,9474.636058
20684.822268,2664.741391,-3294.210641,9992.780217
20684.822591,5773.606348,-2604.724693,10732.986159
20684.822914,6957.935855,-2451.505594,11251.130318
20684.823238,5847.626942,0.000000,12361.439231
20684.823561,3627.009116,-1149.143247,9474.636058
20684.823884,2738.761985,-2987.772442,7402.059420
20684.824208,740.205942,-3140.991542,9474.636058
20684.824531,-222.061783,-2528.115143,9400.615463
20684.824854,-2220.617826,-3217.601092,8512.368333
20684.825178,-2146.597232,-4290.134789,6883.915261
20684.825501,-2516.700203,-2145.067394,9252.574275
20684.825824,-4515.256246,-306.438199,11103.089130
20684.826147,-4737.318029,-2451.505594,9030.512492
20684.826471,-2368.659014,-3140.991542,7328.038826
20684.826794,-2146.597232,-2221.676944,7920.203579
20684.827117,-3034.844362,-766.095498,9326.594869
20684.827441,-740.205942,0.000000,7994.224174
20684.827764,2442.679609,1455.581446,8660.409521
20684.828087,2220.617826,2451.505594,10214.842000
20684.828411,-888.247130,2911.162892,9252.574275
20684.828734,1332.370696,1455.581446,8808.450710
20684.829057,3997.112087,1762.019645,10807.006753
20684.829380,1110.308913,3064.381992,12361.439231
20684.829704,-1924.535449,3600.648841,10658.965565
20684.830027,-2072.576638,1532.190996,8142.265362
20684.830350,0.000000,1608.800546,6809.894666
20684.830674,-2812.782580,3294.210641,8956.491898
20684.830997,-5551.544565,2145.067394,8808.450710
20684.831320,-4663.297435,612.876398,7179.997637
20684.831644,-4811.338623,919.314598,8216.285956
20684.831967,-6957.935855,76.609550,7179.997637
20684.832290,-7254.018232,-153.219100,4441.235652
20684.832613,-4071.132681,-766.095498,4811.338623
20684.832937,-2294.638420,2145.067394,9696.697840
20684.833260,-1702.473667,3600.648841,10362.883188
20684.833583,370.102971,1991.848295,7846.182985
20684.833907,2886.803174,536.266849,7179.997637
20684.834230,2294.638420,2145.067394,9400.615463
20684.834553,3182.885551,2374.896044,9400.615463
20684.834877,6365.771101,612.876398,9252.574275
20684.835200,7698.141797,1532.190996,10732.986159
20684.835523,4885.359217,3370.820191,13397.727550
20684.835846,2368.659014,766.095498,11325.150913
20684.836170,3034.844362,-3294.210641,8364.327145
20684.836493,2368.659014,-2681.334243,9326.594869
20684.836816,592.164754,-1378.971896,11843.295072
20684.837140,666.185348,-919.314598,10510.924376
20684.837463,1258.350101,-1225.752797,9252.574275
20684.837786,444.123565,-995.924147,10066.800811
20684.838110,-1850.514855,-1225.752797,8586.388927
20684.838433,-1184.329507,-2757.943793,6735.874072
20684.838756,74.020594,-3140.991542,7698.141797
20684.839079,666.185348,-2145.067394,8734.430116
20684.839403,-888.247130,-1532.190996,9622.677246
20684.839726,1110.308913,-2757.943793,8734.430116
20684.840049,2442.679609,-919.314598,9622.677246
20684.840373,296.082377,-383.047749,11399.171507
20684.840696,-222.061783,-1838.629195,7920.203579
20684.841019,2368.659014,-2604.724693,7920.203579
20684.841343,2960.823768,-1532.190996,9844.739029
20684.841666,-370.102971,612.876398,10658.965565
20684.841989,-444.123565,-689.485948,6735.874072
20684.842312,1554.432478,-1455.581446,6069.688724
20684.842636,740.205942,229.828649,9104.533087
20684.842959,-1924.535449,995.924147,10955.047942
20684.843282,-2738.761985,-1762.019645,7624.121203
20684.843606,-3256.906145,-3447.429741,7772.162391
20684.843929,-4219.173869,-3217.601092,11177.109724
20684.844252,-6291.750507,-2528.115143,9104.533087
20684.844576,-5921.647536,-4673.182538,7846.182985
20684.844899,-4663.297435,-3907.087040,10732.986159
20684.845222,-5477.523971,-766.095498,12657.521608
20684.845545,-5255.462188,-842.705048,10362.883188
20684.845869,-4293.194464,-4673.182538,7105.977043
20684.846192,-3256.906145,-3600.648841,8882.471304
20684.846515,-3478.967927,-1455.581446,10807.006753
20684.846839,-2664.741391,-842.705048,9844.739029
20684.847162,-592.164754,-1991.848295,10362.883188
20684.847485,-1110.308913,-919.314598,10658.965565
20684.847809,-3182.885551,-306.438199,10066.800811
20684.848132,-1628.453072,-2681.334243,7328.038826
20684.848455,-444.123565,-2681.334243,7105.977043
20684.848778,0.000000,-1149.143247,9474.636058
20684.849102,0.000000,612.876398,8956.491898
20684.849425,2590.720797,229.828649,5847.626942
20684.849748,5329.482782,459.657299,6439.791695
20684.850072,4367.215058,2451.505594,8734.430116
20684.850395,4663.297435,2451.505594,7994.224174
20684.850718,6883.915261,1378.971896,7105.977043
20684.851042,7624.121203,2068.457845,11029.068536
20684.851365,4293.194464,1455.581446,12583.501014
20684.851688,2664.741391,-995.924147,10362.883188
20684.852011,3775.050304,-2451.505594,9918.759623
20684.852335,962.267725,-1532.190996,14137.933492
20684.852658,-1998.556043,0.000000,13397.727550
20684.852981,-2146.597232,-1838.629195,10510.924376
20684.853305,-2146.597232,-3447.429741,9030.512492
20684.853628,-4737.318029,-919.314598,10140.821405
20684.853951,-4737.318029,-536.266849,5921.647536
20684.854275,-1998.556043,-1302.362347,5255.462188
20684.854598,0.000000,689.485948,7402.059420
20684.854921,0.000000,4903.011187,10288.862594
20684.855244,-222.061783,3830.477490,8142.265362
20684.855568,592.164754,1532.190996,6809.894666
20684.855891,3404.947333,2221.676944,8882.471304
20684.856214,2442.679609,3370.820191,9178.553681
20684.856538,3108.864956,2145.067394,7698.141797
20684.856861,5551.544565,1991.848295,7698.141797
20684.857184,5847.626942,5132.839837,10066.800811
20684.857508,2886.803174,6511.811733,10732.986159
20684.857831,3404.947333,4213.525239,8290.306550
20684.858154,4589.276840,1762.019645,6957.935855
20684.858477,1998.556043,2757.943793,8586.388927
20684.858801,-1406.391290,2911.162892,9030.512492
20684.859124,-2146.597232,995.924147,7105.977043
20684.859447,-3997.112087,459.657299,7031.956449
20684.859771,-8142.265362,-459.657299,8734.430116
20684.860094,-9474.636058,-2298.286494,8216.285956
20684.860417,-10510.924376,-5132.839837,7105.977043
20684.860741,-10510.924376,-5975.544884,10066.800811
20684.861064,-10362.883188,-4979.620737,11473.192101
20684.861387,-8808.450710,-5286.058936,7994.224174
20684.861710,-5551.544565,-6665.030833,7328.038826
20684.862034,-3330.926739,-3830.477490,10510.924376
20684.862357,-2442.679609,-1072.533697,13841.851115
20684.862680,444.123565,-1608.800546,12509.480420
20684.863004,4071.132681,-3447.429741,10658.965565
20684.863327,3701.029710,-2757.943793,11695.253884
20684.863650,3330.926739,-1991.848295,10732.986159
20684.863974,5477.523971,-2374.896044,8364.327145
20684.864297,7402.059420,-1991.848295,10066.800811
20684.864620,4737.318029,689.485948,11621.233289
20684.864943,3330.926739,153.219100,9474.636058
20684.865267,4885.359217,-3370.820191,7402.059420
20684.865590,3923.091493,-3370.820191,8364.327145
20684.865913,1776.494261,-2145.067394,9474.636058
20684.866237,370.102971,-2068.457845,8142.265362
20684.866560,1776.494261,-2681.334243,7105.977043
20684.866883,592.164754,-1378.971896,8068.244768
20684.867207,-2072.576638,-1225.752797,8734.430116
20684.867530,-2812.782580,-3830.477490,6513.812290
20684.867853,-1258.350101,-4443.353888,8956.491898
20684.868176,-1776.494261,-2757.943793,12435.459826
20684.868500,-4959.379811,-2681.334243,10584.944971
20684.868823,-3478.967927,-4443.353888,8068.244768
20684.869146,-370.102971,-4366.744339,9178.553681
20684.869470,-2146.597232,-153.219100,12509.480420
20684.869793,-2886.803174,-153.219100,11843.295072
20684.870116,1036.288319,-766.095498,7846.182985
20684.870440,2072.576638,0.000000,9326.594869
20684.870763,-592.164754,1455.581446,10955.047942
20684.871086,-1480.411884,689.485948,8734.430116
20684.871409,1702.473667,76.609550,7402.059420
20684.871733,3034.844362,2681.334243,10732.986159
20684.872056,370.102971,5209.449386,10881.027347
20684.872379,74.020594,3294.210641,7179.997637
20684.872703,1406.391290,1149.143247,6217.729913
20684.873026,1776.494261,2757.943793,8660.409521
20684.873349,1036.288319,4979.620737,8734.430116
20684.873673,1036.288319,4443.353888,7179.997637
20684.873996,2368.659014,2298.286494,6439.791695
20684.874319,740.205942,4903.011187,8882.471304
20684.874642,-1628.453072,4673.182538,7179.997637
20684.874966,-962.267725,1455.581446,5921.647536
20684.875289,0.000000,76.609550,7920.203579
20684.875612,-3330.926739,1685.410096,11029.068536
20684.875936,-5329.482782,1225.752797,11177.109724
20684.876259,-4071.132681,-612.876398,8068.244768
20684.876582,-3330.926739,-383.047749,5773.606348
20684.876906,-6217.729913,76.609550,7550.100608
20684.877229,-6661.853478,-229.828649,7476.080014
20684.877552,-2886.803174,-459.657299,6513.812290
20684.877875,-2960.823768,-153.219100,10510.924376
20684.878199,-4959.379811,-919.314598,10584.944971
20684.878522,-4367.215058,-3370.820191,8068.244768
20684.878845,-74.020594,-3294.210641,9474.636058
20684.879169,2146.597232,-1302.362347,13989.892304
20684.879492,2072.576638,-995.924147,13101.645173
20684.879815,3552.988522,-2681.334243,10362.883188
20684.880139,5477.523971,-3064.381992,9400.615463
20684.880462,5625.565159,153.219100,11843.295072
20684.880785,6809.894666,1072.533697,9548.656652
20684.881108,8882.471304,-995.924147,7920.203579
20684.881432,9104.533087,0.000000,8512.368333
20684.881755,4959.379811,2834.553343,10807.006753
20684.882078,2664.741391,536.266849,9178.553681
20684.882402,2738.761985,-2604.724693,6809.894666
20684.882725,1480.411884,-3983.696590,8216.285956
20684.883048,-2738.761985,-3600.648841,9474.636058
20684.883371,-3256.906145,-4596.572988,7698.141797
20684.883695,-2664.741391,-5132.839837,8216.285956
20684.884018,-5107.421000,-4136.915689,11917.315666
20684.884341,-7772.162391,-3753.867940,9992.780217
20684.884665,-7031.956449,-5822.325785,6217.729913
20684.884988,-4589.276840,-7124.688131,7402.059420
20684.885311,-4663.297435,-3524.039291,11029.068536
20684.885634,-5625.565159,-1225.752797,10140.821405
20684.885958,-1406.391290,-2987.772442,7624.121203
20684.886281,1036.288319,-766.095498,9400.615463
20684.886604,592.164754,1072.533697,11621.233289
20684.886928,1110.308913,1685.410096,9474.636058
20684.887251,3552.988522,0.000000,9030.512492
20684.887574,2590.720797,612.876398,10807.006753
20684.887897,518.144159,2528.115143,11769.274478
20684.888221,2664.741391,1455.581446,8512.368333
20684.888544,3923.091493,766.095498,6957.935855
20684.888867,1406.391290,1532.190996,10066.800811
20684.889191,-740.205942,3447.429741,11695.253884
20684.889514,74.020594,1685.410096,9400.615463
20684.889837,0.000000,-459.657299,7846.182985
20684.890160,-2220.617826,1072.533697,8142.265362
20684.890484,-4293.194464,1378.971896,6365.771101
20684.890807,-2664.741391,-229.828649,7105.977043
20684.891130,-2294.638420,536.266849,7772.162391
20684.891454,-4811.338623,2145.067394,8660.409521
20684.891777,-6883.915261,383.047749,7105.977043
20684.892100,-4737.318029,-2068.457845,6365.771101
20684.892423,-4071.132681,-1991.848295,8956.491898
20684.892747,-5477.523971,-2068.457845,9178.553681
20684.893070,-4737.318029,-2145.067394,6439.791695
20684.893393,-1850.514855,-2298.286494,7994.224174
20684.893717,-1184.329507,612.876398,10584.944971
20684.894040,-1406.391290,1532.190996,10955.047942
20684.894363,2442.679609,-536.266849,9030.512492
20684.894686,5699.585753,-383.047749,9474.636058
20684.895010,4589.276840,1685.410096,12361.439231
20684.895333,4367.215058,1991.848295,10658.965565
20684.895656,6883.915261,459.657299,9400.615463
20684.895980,10066.800811,306.438199,10955.047942
20684.896303,7179.997637,3830.477490,12953.603985
20684.896626,3849.070898,1991.848295,10510.924376
20684.896949,4885.359217,-1149.143247,7698.141797
20684.897273,5551.544565,-459.657299,9030.512492
20684.897596,2146.597232,1455.581446,10584.944971
20684.897919,-296.082377,-995.924147,8068.244768
20684.898243,444.123565,-2451.505594,5847.626942
20684.898566,-888.247130,-459.657299,10288.862594
20684.898889,-4293.194464,229.828649,10214.842000
20684.899213,-4737.318029,-1915.238745,5107.421000
20684.899536,-4071.132681,-4903.011187,5477.523971
20684.899859,-5477.523971,-3983.696590,8364.327145
20684.900182,-6069.688724,-842.705048,9030.512492
20684.900506,-3997.112087,-3447.429741,7328.038826
20684.900829,-3701.029710,-3370.820191,7550.100608
20684.901152,-4071.132681,-1072.533697,11177.109724
20684.901476,-2960.823768,-919.314598,9696.697840
20684.901799,592.164754,-2757.943793,8882.471304
20684.902122,3330.926739,-1762.019645,10955.047942
20684.902445,1628.453072,1072.533697,11325.150913
20684.902769,2072.576638,1685.410096,9400.615463
20684.903092,6217.729913,536.266849,8808.450710
20684.903415,5847.626942,2068.457845,10732.986159
20684.903739,2072.576638,2757.943793,12213.398043
20684.904062,888.247130,919.314598,9474.636058
20684.904385,2368.659014,-1302.362347,9400.615463
20684.904708,148.041188,612.876398,10881.027347
20684.905032,-3182.885551,153.219100,10140.821405
20684.905355,-3478.967927,-3677.258390,7179.997637
20684.905678,-4071.132681,-3830.477490,8068.244768
20684.906002,-5551.544565,-919.314598,11843.295072
20684.906325,-5847.626942,-1072.533697,9770.718434
20684.906648,-5107.421000,-3677.258390,7179.997637
20684.906971,-4663.297435,-4213.525239,6291.750507
20684.907295,-6809.894666,-1378.971896,8660.409521
20684.907618,-6291.750507,-766.095498,8364.327145
20684.907941,-3034.844362,-536.266849,8290.306550
20684.908265,-2146.597232,-1225.752797,7550.100608
20684.908588,-3701.029710,-1838.629195,6365.771101
20684.908911,-3478.967927,-2221.676944,5921.647536
20684.909234,444.123565,-1685.410096,7624.121203
20684.909558,1776.494261,0.000000,10658.965565
20684.909881,666.185348,229.828649,10510.924376
20684.910204,3108.864956,-536.266849,8808.450710
20684.910528,7179.997637,0.000000,11029.068536
20684.910851,7402.059420,2068.457845,12657.521608
20684.911174,7402.059420,2528.115143,10658.965565
20684.911497,7550.100608,1991.848295,9178.553681
20684.911821,8364.327145,1762.019645,9474.636058
20684.912144,6143.709319,2528.115143,10807.006753
20684.912467,4663.297435,1532.190996,9400.615463
20684.912791,3997.112087,0.000000,9400.615463
20684.913114,2146.597232,766.095498,11103.089130
20684.913437,-222.061783,536.266849,11991.336260
20684.913760,-1776.494261,-766.095498,8808.450710
20684.914084,-2960.823768,-2298.286494,7624.121203
20684.914407,-5107.421000,-2068.457845,8734.430116
20684.914730,-6217.729913,-1991.848295,6661.853478
20684.915054,-5995.668130,-3064.381992,5847.626942
20684.915377,-3997.112087,-1838.629195,8438.347739
20684.915700,-5033.400406,919.314598,9918.759623
20684.916023,-6069.688724,-153.219100,7846.182985
20684.916347,-4071.132681,-2374.896044,6143.709319
20684.916670,-2368.659014,-1838.629195,7254.018232
20684.916993,-666.185348,0.000000,8882.471304
20684.917317,1406.391290,536.266849,8882.471304
20684.917640,4367.215058,1225.752797,9252.574275
20684.917963,5403.503377,4060.306139,11843.295072
20684.918286,4589.276840,4673.182538,11029.068536
20684.918610,4515.256246,1915.238745,7402.059420
20684.918933,5773.606348,995.924147,7920.203579
20684.919256,5403.503377,1455.581446,10584.944971
20684.919580,2664.741391,2374.896044,11769.274478
20684.919903,1406.391290,0.000000,10066.800811
20684.920226,666.185348,-306.438199,8882.471304
20684.920549,-1850.514855,995.924147,10658.965565
20684.920873,-4145.153275,0.000000,9918.759623
20684.921196,-4737.318029,-2987.772442,6957.935855
20684.921519,-4293.194464,-3600.648841,7254.018232
20684.921843,-6513.812290,-1762.019645,9474.636058
20684.922166,-8734.430116,-1915.238745,8438.347739
20684.922489,-6365.771101,-3370.820191,6439.791695
20684.922812,-4737.318029,-2911.162892,8586.388927
20684.923136,-5329.482782,-2298.286494,10214.842000
20684.923459,-5329.482782,-842.705048,9992.780217
20684.923782,-2516.700203,-2834.553343,8734.430116
20684.924106,-1702.473667,-3524.039291,7994.224174
20684.924429,-1332.370696,-2911.162892,8290.306550
20684.924752,-444.123565,-2451.505594,7105.977043
20684.925075,2294.638420,-1302.362347,9178.553681
20684.925399,3923.091493,1838.629195,12657.521608
20684.925722,4737.318029,1685.410096,10881.027347
20684.926045,5403.503377,-383.047749,8586.388927
20684.926369,5847.626942,-1608.800546,8660.409521
20684.926692,4959.379811,0.000000,9548.656652
20684.927015,3404.947333,383.047749,10436.903782
20684.927338,4959.379811,-919.314598,9030.512492
20684.927662,4515.256246,1072.533697,10362.883188
20684.927985,1110.308913,536.266849,10658.965565
20684.928308,-1258.350101,-1225.752797,8438.347739
20684.928632,-1110.308913,-4060.306139,8438.347739
20684.928955,-2812.782580,-2987.772442,9918.759623
20684.929278,-4367.215058,-3140.991542,9474.636058
20684.929601,-3627.009116,-5056.230287,7846.182985
20684.929925,-2590.720797,-3677.258390,8956.491898
20684.930248,-3552.988522,-229.828649,11621.233289
20684.930571,-3478.967927,306.438199,10584.944971
20684.930895,-962.267725,-2451.505594,7254.018232
20684.931218,148.041188,-2451.505594,7105.977043
20684.931541,-1184.329507,229.828649,10732.986159
20684.931864,-962.267725,919.314598,9548.656652
20684.932188,2220.617826,536.266849,8808.450710
20684.932511,3701.029710,1762.019645,10214.842000
20684.932834,1332.370696,3294.210641,10214.842000
20684.933158,148.041188,995.924147,8216.285956
20684.933481,3478.967927,-153.219100,7179.997637
20684.933804,3034.844362,1762.019645,9622.677246
20684.934127,1776.494261,2221.676944,10732.986159
20684.934451,1850.514855,1991.848295,8216.285956
20684.934774,5107.421000,1915.238745,8068.244768
20684.935097,4219.173869,3830.477490,11177.109724
20684.935421,-222.061783,4060.306139,10140.821405
20684.935744,-1924.535449,995.924147,7328.038826
20684.936067,-518.144159,-612.876398,6883.915261
20684.936390,-3404.947333,0.000000,9252.574275
20684.936714,-6365.771101,-306.438199,7550.100608
20684.937037,-7105.977043,-2298.286494,6513.812290
20684.937360,-5625.565159,-1608.800546,7105.977043
20684.937684,-6735.874072,76.609550,10066.800811
20684.938007,-7179.997637,-995.924147,8586.388927
20684.938330,-5699.585753,-2987.772442,7550.100608
20684.938653,-3330.926739,-2834.553343,8956.491898
20684.938977,-4071.132681,-919.314598,9252.574275
20684.939300,-2442.679609,-766.095498,8068.244768
20684.939623,1924.535449,-766.095498,7402.059420
20684.939947,3404.947333,1685.410096,11029.068536
20684.940270,2886.803174,3447.429741,11251.130318
20684.940593,3923.091493,1455.581446,10214.842000
20684.940916,6661.853478,-76.609550,10140.821405
20684.941240,5995.668130,1072.533697,11473.192101
20684.941563,5181.441594,1685.410096,9918.759623
20684.941886,5255.462188,76.609550,8808.450710
20684.942210,5181.441594,229.828649,8882.471304
20684.942533,3256.906145,1838.629195,10140.821405
20684.942856,518.144159,306.438199,9770.718434
20684.943179,0.000000,-1991.848295,8364.327145
20684.943503,0.000000,-2451.505594,8512.368333
20684.943826,-2664.741391,-2911.162892,9622.677246
20684.944149,-4441.235652,-4136.915689,6735.874072
20684.944473,-3701.029710,-3907.087040,7254.018232
20684.944796,-2960.823768,-2911.162892,10066.800811
20684.945119,-5847.626942,-1915.238745,9474.636058
20684.945442,-3775.050304,-4366.744339,7179.997637
20684.945766,-888.247130,-4826.401637,6883.915261
20684.946089,-2590.720797,-2757.943793,11177.109724
20684.946412,-3775.050304,-2068.457845,9844.739029
20684.946736,-740.205942,-2528.115143,8290.306550
20684.947059,2516.700203,-3064.381992,10066.800811
20684.947382,1332.370696,995.924147,11843.295072
20684.947705,2220.617826,766.095498,9474.636058
20684.948029,3923.091493,-1455.581446,6809.894666
20684.948352,3849.070898,766.095498,10955.047942
20684.948675,3923.091493,2987.772442,10140.821405
20684.948999,3478.967927,2068.457845,7772.162391
20684.949322,3775.050304,-1685.410096,6957.935855
20684.949645,1998.556043,1378.971896,10881.027347
20684.949968,-370.102971,2374.896044,13471.748144
20684.950292,-2146.597232,76.609550,9844.739029
20684.950615,-1258.350101,-2374.896044,7846.182985
20684.950938,-1998.556043,-1991.848295,8808.450710
20684.951262,-5403.503377,-612.876398,9400.615463
20684.951585,-5477.523971,-1302.362347,8734.430116
20684.951908,-3182.885551,-1608.800546,8068.244768
20684.952231,-4737.318029,306.438199,9104.533087
20684.952555,-7920.203579,-306.438199,7624.121203
20684.952878,-7328.038826,-2374.896044,5329.482782
20684.953201,-6217.729913,-2681.334243,7772.162391
20684.953525,-5847.626942,-1455.581446,9548.656652
20684.953848,-4885.359217,-766.095498,8660.409521
20684.954171,-2368.659014,-1149.143247,8142.265362
20684.954495,-1480.411884,0.000000,9326.594869
20684.954818,-962.267725,1532.190996,9844.739029
20684.955141,1258.350101,306.438199,8956.491898
20684.955464,3997.112087,-766.095498,7994.224174
20684.955788,4589.276840,766.095498,10066.800811
20684.956111,5403.503377,1762.019645,9474.636058
20684.956434,7105.977043,1991.848295,8956.491898
20684.956758,8734.430116,2068.457845,9326.594869
20684.957081,6513.812290,3677.258390,10658.965565
20684.957404,3330.926739,1685.410096,9696.697840
20684.957727,4293.194464,-1225.752797,9474.636058
20684.958051,4367.215058,-1762.019645,9252.574275
20684.958374,592.164754,-383.047749,12287.418637
20684.958697,-1332.370696,-1378.971896,11325.150913
20684.959021,0.000000,-3064.381992,8068.244768
20684.959344,0.000000,-1762.019645,9474.636058
20684.959667,-3108.864956,-229.828649,10584.944971
20684.959990,-4367.215058,-2145.067394,8142.265362
20684.960314,-3330.926739,-3753.867940,8512.368333
20684.960637,-2442.679609,-3064.381992,9474.636058
20684.960960,-4663.297435,-1685.410096,9104.533087
20684.961284,-3701.029710,-2757.943793,6439.791695
20684.961607,-1554.432478,-2221.676944,7698.141797
20684.961930,0.000000,229.828649,10288.862594
20684.962253,592.164754,919.314598,10881.027347
20684.962577,2516.700203,-459.657299,9474.636058
20684.962900,6069.688724,-153.219100,9474.636058
20684.963223,4367.215058,1455.581446,9844.739029
20684.963547,2516.700203,1915.238745,8660.409521
20684.963870,4367.215058,1225.752797,7846.182985
20684.964193,4441.235652,3370.820191,9770.718434
20684.964516,2368.659014,2757.943793,9696.697840
20684.964840,-1184.329507,1455.581446,7254.018232
20684.965163,-592.164754,-1685.410096,5625.565159
20684.965486,-962.267725,-1455.581446,9474.636058
20684.965810,-4737.318029,-1532.190996,10881.027347
20684.966133,-6217.729913,-1991.848295,7402.059420
20684.966456,-4663.297435,-2451.505594,9400.615463
20684.966779,-5625.565159,-689.485948,10658.965565
20684.967103,-6217.729913,-229.828649,10140.821405
20684.967426,-4811.338623,-3217.601092,6883.915261
20684.967749,-3627.009116,-2757.943793,7846.182985
20684.968073,-3478.967927,0.000000,10658.965565
20684.968396,-2516.700203,459.657299,8734.430116
20684.968719,-1258.350101,-842.705048,7550.100608
20684.969042,-1924.535449,536.266849,10881.027347
20684.969366,-2812.782580,2145.067394,10288.862594
20684.969689,-2146.597232,-612.876398,7105.977043
20684.970012,-518.144159,-3677.258390,6883.915261
20684.970336,-370.102971,-2068.457845,10362.883188
20684.970659,-296.082377,76.609550,11325.150913
20684.970982,1184.329507,-1302.362347,9992.780217
20684.971305,3034.844362,-1072.533697,8882.471304
20684.971629,3034.844362,1302.362347,9548.656652
20684.971952,2368.659014,1685.410096,9474.636058
20684.972275,5107.421000,-229.828649,7179.997637
20684.972599,7031.956449,229.828649,9104.533087
20684.972922,3627.009116,1685.410096,11177.109724
20684.973245,814.226536,229.828649,7550.100608
20684.973568,2886.803174,-1225.752797,5107.421000
20684.973892,3849.070898,-1838.629195,9474.636058
20684.974215,0.000000,766.095498,13397.727550
20684.974538,-1258.350101,-995.924147,11325.150913
20684.974862,74.020594,-3907.087040,9030.512492
20684.975185,-1110.308913,-4519.963438,9400.615463
20684.975508,-3182.885551,-2987.772442,8882.471304
20684.975831,-2368.659014,-2451.505594,8586.388927
20684.976155,0.000000,-1915.238745,8142.265362
20684.976478,666.185348,1302.362347,10510.924376
20684.976801,-1924.535449,995.924147,10214.842000
20684.977125,-2294.638420,-1378.971896,8142.265362
20684.977448,-370.102971,-2145.067394,8216.285956
20684.977771,0.000000,-1072.533697,9548.656652
20684.978094,-1332.370696,-536.266849,9474.636058
20684.978418,-222.061783,-1378.971896,7624.121203
20684.978741,2294.638420,1149.143247,9252.574275
20684.979064,444.123565,2374.896044,11177.109724
20684.979388,-370.102971,1685.410096,9918.759623
20684.979711,1998.556043,-153.219100,8512.368333
20684.980034,2368.659014,153.219100,8808.450710
20684.980357,296.082377,766.095498,9474.636058
20684.980681,-296.082377,1685.410096,7846.182985
20684.981004,0.000000,1455.581446,7772.162391
20684.981327,-1036.288319,1762.019645,9252.574275
20684.981651,-3256.906145,1149.143247,8438.347739
20684.981974,-4071.132681,-995.924147,6883.915261
20684.982297,-3997.112087,-1455.581446,7994.224174
20684.982621,-5107.421000,-689.485948,9696.697840
20684.982944,-5921.647536,-1608.800546,8956.491898
20684.983267,-3478.967927,-2451.505594,6809.894666
20684.983591,-2738.761985,-919.314598,8586.388927
20684.983914,-3775.050304,306.438199,10658.965565
20684.984237,-4441.235652,-383.047749,9178.553681
20684.984561,-1480.411884,-2145.067394,8956.491898
20684.984884,-592.164754,-1149.143247,8956.491898
20684.985207,-2294.638420,-919.314598,9844.739029
20684.985531,-592.164754,-2298.286494,7698.141797
20684.985854,2072.576638,-1378.971896,7920.203579
20684.986177,2368.659014,1685.410096,11325.150913
20684.986501,1776.494261,1378.971896,10362.883188
20684.986824,3256.906145,-536.266849,8438.347739
20684.987147,5551.544565,-1225.752797,9474.636058
20684.987471,4663.297435,919.314598,13249.686362
20684.987794,3404.947333,0.000000,9918.759623
20684.988117,2294.638420,-1838.629195,7254.018232
20684.988440,3775.050304,-842.705048,8216.285956
20684.988764,3627.009116,612.876398,8586.388927
20684.989087,-222.061783,536.266849,10140.821405
20684.989410,518.144159,-2987.772442,8956.491898
20684.989734,1110.308913,-2221.676944,9770.718434
20684.990057,370.102971,-1685.410096,10955.047942
20684.990380,-1998.556043,-2298.286494,10658.965565
20684.990704,-1332.370696,-3677.258390,6883.915261
20684.991027,370.102971,-2911.162892,8956.491898
20684.991350,-1776.494261,-459.657299,11325.150913
20684.991674,-1332.370696,0.000000,8808.450710
20684.991997,148.041188,-1532.190996,7328.038826
20684.992320,-1258.350101,-2374.896044,7772.162391
20684.992644,-2516.700203,-1608.800546,8956.491898
20684.992967,-1258.350101,-2298.286494,8956.491898
20684.993290,-592.164754,-1915.238745,9400.615463
20684.993614,-814.226536,-459.657299,11621.233289
20684.993937,-1332.370696,0.000000,8734.430116
20684.994260,666.185348,-1915.238745,6809.894666
20684.994584,1924.535449,229.828649,10362.883188
20684.994907,2442.679609,2298.286494,11399.171507
20684.995230,2220.617826,2757.943793,8216.285956
20684.995554,2146.597232,76.609550,7402.059420
20684.995877,2442.679609,1455.581446,8808.450710
20684.996200,-148.041188,3753.867940,11843.295072
20684.996524,-1850.514855,1302.362347,10066.800811
20684.996847,-814.226536,-1302.362347,7105.977043
20684.997170,-2442.679609,-306.438199,8438.347739
20684.997494,-5847.626942,-995.924147,9252.574275
20684.997817,-5181.441594,-1302.362347,7772.162391
20684.998140,-3849.070898,-1225.752797,9252.574275
20684.998464,-5403.503377,689.485948,10732.986159
20684.998787,-7254.018232,612.876398,8068.244768
20684.999110,-4293.194464,-2145.067394,4515.256246
20684.999434,-2368.659014,-1991.848295,7179.997637
20684.999757,-4367.215058,153.219100,10732.986159
20685.000080,-3552.988522,1302.362347,9030.512492
20685.000403,-148.041188,-766.095498,7254.018232
20685.000727,1110.308913,-536.266849,8882.471304
20685.001050,-1924.535449,1149.143247,10362.883188
20685.001373,-1702.473667,-1302.362347,7402.059420
20685.001697,2368.659014,-2528.115143,8660.409521
20685.002020,5329.482782,-689.485948,10955.047942
20685.002343,3034.844362,1149.143247,10955.047942
20685.002667,4219.173869,-536.266849,8586.388927
20685.002990,7402.059420,0.000000,8290.306550
20685.003313,6883.915261,2451.505594,13471.748144
20685.003637,4145.153275,1915.238745,12213.398043
20685.003960,4219.173869,-306.438199,7772.162391
20685.004283,5477.523971,-2374.896044,7476.080014
20685.004607,2886.803174,-689.485948,11769.274478
20685.004930,-74.020594,-766.095498,10584.944971
20685.005253,0.000000,-2834.553343,8216.285956
20685.005577,148.041188,-2834.553343,9030.512492
20685.005900,-2368.659014,-612.876398,11029.068536
20685.006223,-2886.803174,-1915.238745,9178.553681
20685.006547,-1628.453072,-4443.353888,7920.203579
20685.006870,-3256.906145,-2757.943793,9992.780217
20685.007193,-4663.297435,-383.047749,9992.780217
20685.007517,-2516.700203,-1685.410096,6439.791695
20685.007840,740.205942,-2221.676944,7031.956449
20685.008163,-1036.288319,76.609550,10066.800811
20685.008487,-1776.494261,919.314598,9622.677246
20685.008810,518.144159,0.000000,8956.491898
20685.009133,2146.597232,-766.095498,8586.388927
20685.009457,444.123565,1762.019645,9474.636058
20685.009780,592.164754,536.266849,7698.141797
20685.010103,2294.638420,-536.266849,6291.750507
20685.010427,3404.947333,2604.724693,9918.759623
20685.010750,2146.597232,5056.230287,12139.377449
20685.011073,962.267725,2528.115143,7920.203579
20685.011397,2294.638420,-919.314598,6957.935855
20685.011720,2146.597232,0.000000,10658.965565
20685.012043,-222.061783,1991.848295,11991.336260
20685.012366,-444.123565,1149.143247,9474.636058
20685.012690,-814.226536,153.219100,8142.265362
20685.013013,-3478.967927,842.705048,8068.244768
20685.013336,-6957.935855,995.924147,8068.244768
20685.013660,-6809.894666,-1762.019645,7254.018232
20685.013983,-7105.977043,-3524.039291,8068.244768
20685.014306,-7994.224174,-1991.848295,7994.224174
20685.014630,-9178.553681,-2528.115143,8364.327145
20685.014953,-6883.915261,-3983.696590,7402.059420
20685.015276,-4071.132681,-2374.896044,8586.388927
20685.015600,-4515.256246,-995.924147,11103.089130
20685.015923,-4885.359217,-1608.800546,8660.409521
20685.016246,-888.247130,-1762.019645,7994.224174
20685.016570,3478.967927,-536.266849,9992.780217
20685.016893,2664.741391,153.219100,10732.986159
20685.017216,3552.988522,-459.657299,7772.162391
20685.017540,5847.626942,0.000000,7846.182985
20685.017863,7105.977043,1532.190996,12213.398043
20685.018186,7476.080014,2528.115143,12953.603985
20685.018510,7031.956449,1532.190996,9844.739029
20685.018833,7105.977043,-1149.143247,8438.347739
20685.019156,4811.338623,-1225.752797,9326.594869
20685.019480,2368.659014,76.609550,10436.903782
20685.019803,3182.885551,-995.924147,9696.697840
20685.020126,1776.494261,-2757.943793,9622.677246
20685.020450,-2886.803174,-3600.648841,9400.615463
20685.020773,-5625.565159,-4749.792088,10214.842000
20685.021096,-5403.503377,-5515.887586,9474.636058
20685.021420,-4145.153275,-5286.058936,9252.574275
20685.021743,-4589.276840,-4519.963438,8956.491898
20685.022066,-4145.153275,-3907.087040,7772.162391
20685.022390,-2664.741391,-2374.896044,8882.471304
20685.022713,-2294.638420,0.000000,11251.130318
20685.023036,-1776.494261,612.876398,9696.697840
20685.023360,-222.061783,-1532.190996,7105.977043
20685.023683,1036.288319,-1225.752797,8512.368333
20685.024006,2146.597232,842.705048,10436.903782
20685.024329,2146.597232,1915.238745,9178.553681
20685.024653,3108.864956,459.657299,7698.141797
20685.024976,5107.421000,2298.286494,9622.677246
20685.025299,3923.091493,3753.867940,10658.965565
20685.025623,2442.679609,3140.991542,10881.027347
20685.025946,3997.112087,842.705048,7920.203579
20685.026269,3775.050304,2221.676944,8290.306550
20685.026593,74.020594,3217.601092,9474.636058
20685.026916,-962.267725,2451.505594,7254.018232
20685.027239,1776.494261,2145.067394,6661.853478
20685.027563,0.000000,3447.429741,10658.965565
20685.027886,-4441.235652,2757.943793,10584.944971
20685.028209,-5773.606348,995.924147,7031.956449
20685.028533,-4515.256246,-2528.115143,7254.018232
20685.028856,-6439.791695,-1455.581446,9844.739029
20685.029179,-9252.574275,383.047749,9992.780217
20685.029503,-8734.430116,-2221.676944,5995.668130
20685.029826,-5773.606348,-3830.477490,5699.585753
20685.030149,-5995.668130,-536.266849,9252.574275
20685.030473,-6661.853478,842.705048,9696.697840
20685.030796,-4737.318029,-2451.505594,7994.224174
20685.031119,-2146.597232,-1915.238745,9474.636058
20685.031443,0.000000,-229.828649,10288.862594
20685.031766,148.041188,689.485948,7920.203579
20685.032089,3775.050304,-153.219100,6291.750507
20685.032413,7105.977043,2068.457845,8586.388927
20685.032736,7105.977043,4060.306139,12065.356855
20685.033059,7179.997637,2068.457845,9622.677246
20685.033383,7698.141797,0.000000,8216.285956
20685.033706,5773.606348,-306.438199,11177.109724
20685.034029,3404.947333,153.219100,11843.295072
20685.034353,5255.462188,-1378.971896,8734.430116
20685.034676,7402.059420,-1838.629195,10066.800811
20685.034999,2368.659014,-306.438199,11843.295072
20685.035323,-518.144159,153.219100,9400.615463
20685.035646,222.061783,-2757.943793,9030.512492
20685.035969,-444.123565,-4290.134789,9548.656652
20685.036292,-4515.256246,-3140.991542,11177.109724
20685.036616,-5551.544565,-4596.572988,8734.430116
20685.036939,-4145.153275,-6128.763984,7624.121203
20685.037262,-5403.503377,-4826.401637,9696.697840
20685.037586,-7550.100608,-3370.820191,10510.924376
20685.037909,-6809.894666,-4826.401637,8364.327145
20685.038232,-2664.741391,-6052.154434,7254.018232
20685.038556,-814.226536,-4060.306139,8956.491898
20685.038879,-222.061783,-1455.581446,10510.924376
20685.039202,4441.235652,-612.876398,9770.718434
20685.039526,7105.977043,1685.410096,9918.759623
20685.039849,5551.544565,3524.039291,9844.739029
20685.040172,3552.988522,2834.553343,8216.285956
20685.040496,4737.318029,1302.362347,9104.533087
20685.040819,6143.709319,995.924147,9030.512492
20685.041142,2590.720797,2374.896044,10214.842000
20685.041466,444.123565,153.219100,7105.977043
20685.041789,-740.205942,153.219100,7254.018232
20685.042112,-1924.535449,842.705048,10658.965565
20685.042436,-5847.626942,766.095498,9548.656652
20685.042759,-7031.956449,-1915.238745,7254.018232
20685.043082,-6587.832884,-3370.820191,7698.141797
20685.043406,-6809.894666,-766.095498,9770.718434
20685.043729,-7698.141797,153.219100,10362.883188
20685.044052,-6513.812290,-1149.143247,5921.647536
20685.044376,-5551.544565,-612.876398,5773.606348
20685.044699,-5921.647536,1838.629195,9844.739029
20685.045022,-4959.379811,1762.019645,9400.615463
20685.045346,-2886.803174,153.219100,8956.491898
20685.045669,-814.226536,-536.266849,7846.182985
20685.045992,-1406.391290,1608.800546,9104.533087
20685.046316,-370.102971,1225.752797,7402.059420
20685.046639,2960.823768,0.000000,7105.977043
20685.046962,3849.070898,1762.019645,9770.718434
20685.047286,2590.720797,3447.429741,12805.562797
20685.047609,3997.112087,2145.067394,10436.903782
20685.047932,6513.812290,-536.266849,7772.162391
20685.048255,6513.812290,-536.266849,9030.512492
20685.048579,4515.256246,2221.676944,10510.924376
20685.048902,4959.379811,2068.457845,9474.636058
20685.049225,7476.080014,766.095498,8512.368333
20685.049549,4071.132681,842.705048,9252.574275
20685.049872,666.185348,689.485948,9474.636058
20685.050195,518.144159,-1149.143247,7994.224174
20685.050519,1184.329507,-3370.820191,8290.306550
20685.050842,-1332.370696,-2604.724693,10584.944971
20685.051165,-4219.173869,-2834.553343,9252.574275
20685.051489,-2072.576638,-3907.087040,7476.080014
20685.051812,-2146.597232,-2987.772442,10732.986159
20685.052135,-3627.009116,-2528.115143,12361.439231
20685.052459,-4219.173869,-2987.772442,9918.759623
20685.052782,-1332.370696,-5822.325785,7698.141797
20685.053105,-814.226536,-3677.258390,9548.656652
20685.053429,-3256.906145,-919.314598,11547.212695
20685.053752,-1036.288319,-1608.800546,8660.409521
20685.054075,2738.761985,-2451.505594,8808.450710
20685.054399,2590.720797,0.000000,10436.903782
20685.054722,1036.288319,1302.362347,9400.615463
20685.055045,2738.761985,0.000000,7624.121203
20685.055369,4885.359217,-383.047749,8956.491898
20685.055692,3775.050304,1915.238745,10658.965565
20685.056015,1332.370696,2221.676944,9622.677246
20685.056339,1628.453072,-459.657299,7179.997637
20685.056662,1924.535449,0.000000,9696.697840
20685.056985,-962.267725,842.705048,10658.965565
20685.057309,-3256.906145,-536.266849,8364.327145
20685.057632,-3701.029710,-2451.505594,7550.100608
20685.057955,-3775.050304,-1608.800546,9696.697840
20685.058279,-6217.729913,0.000000,9104.533087
20685.058602,-7920.203579,-2221.676944,5699.585753
20685.058925,-6513.812290,-3217.601092,6883.915261
20685.059249,-5699.585753,-842.705048,9770.718434
20685.059572,-6217.729913,459.657299,8956.491898
20685.059895,-5255.462188,-1608.800546,8216.285956
20685.060218,-4885.359217,-2298.286494,8438.347739
20685.060542,-4515.256246,-1072.533697,9622.677246
20685.060865,-2368.659014,-536.266849,9030.512492
20685.061188,518.144159,-1685.410096,7550.100608
20685.061512,1850.514855,306.438199,9474.636058
20685.061835,1480.411884,2068.457845,10658.965565
20685.062158,2960.823768,1532.190996,9178.553681
20685.062482,5033.400406,-306.438199,7846.182985
20685.062805,5921.647536,689.485948,8142.265362
20685.063128,3701.029710,1838.629195,10510.924376
20685.063452,3997.112087,0.000000,10214.842000
20685.063775,5773.606348,-383.047749,9474.636058
20685.064098,4515.256246,229.828649,11695.253884
20685.064422,-1110.308913,0.000000,12065.356855
20685.064745,-2220.617826,-2987.772442,7698.141797
20685.065068,-592.164754,-4903.011187,7031.956449
20685.065392,-1850.514855,-6205.373534,9474.636058
20685.065715,-4737.318029,-3140.991542,9918.759623
20685.066038,-4071.132681,-3064.381992,9548.656652
20685.066362,-2664.741391,-3447.429741,9326.594869
20685.066685,-3552.988522,-1532.190996,10881.027347
20685.067008,-4145.153275,-2451.505594,8660.409521
20685.067332,-1406.391290,-3830.477490,6365.771101
20685.067655,370.102971,-3447.429741,10510.924376
20685.067978,-370.102971,-536.266849,12213.398043
20685.068302,-1258.350101,0.000000,9400.615463
20685.068625,0.000000,-3217.601092,7105.977043
20685.068948,0.000000,-2528.115143,8882.471304
20685.069272,-222.061783,766.095498,10807.006753
20685.069595,1406.391290,766.095498,9104.533087
20685.069918,2590.720797,-766.095498,9178.553681
20685.070242,1628.453072,383.047749,8290.306550
20685.070565,-1332.370696,842.705048,7994.224174
20685.070888,-2368.659014,-842.705048,6661.853478
20685.071212,-2738.761985,-1532.190996,8364.327145
20685.071535,-2072.576638,153.219100,8808.450710
20685.071858,-3627.009116,459.657299,10510.924376
20685.072181,-5181.441594,-2681.334243,8216.285956
20685.072505,-6143.709319,-2298.286494,8512.368333
20685.072828,-6217.729913,-3600.648841,7624.121203
20685.073151,-7846.182985,-3447.429741,9400.615463
20685.073475,-8512.368333,-4213.525239,9918.759623
20685.073798,-7105.977043,-3370.820191,8734.430116
20685.074121,-4811.338623,-3140.991542,8142.265362
20685.074445,-5107.421000,-1915.238745,9104.533087
20685.074768,-5477.523971,-995.924147,9770.718434
20685.075091,-4737.318029,-1532.190996,9844.739029
20685.075415,-2072.576638,-3217.601092,6809.894666
20685.075738,-2664.741391,-2681.334243,7550.100608
20685.076061,-3552.988522,-2604.724693,9178.553681
20685.076385,-5107.421000,-1915.238745,11399.171507
20685.076708,-2294.638420,-4136.915689,8216.285956
20685.077031,592.164754,-4366.744339,7476.080014
20685.077355,-962.267725,-3907.087040,10214.842000
20685.077678,-2886.803174,-2911.162892,11103.089130
20685.078001,-1998.556043,-3600.648841,10066.800811
20685.078325,592.164754,-5132.839837,7476.080014
20685.078648,370.102971,-4366.744339,8586.388927
20685.078971,-1184.329507,-3753.867940,8586.388927
20685.079295,-2220.617826,-2681.334243,9104.533087
20685.079618,-222.061783,-4519.963438,8142.265362
20685.079941,222.061783,-3217.601092,9178.553681
20685.080265,666.185348,-3064.381992,11473.192101
20685.080588,-814.226536,-3140.991542,11769.274478
20685.080911,-1998.556043,-4749.792088,10732.986159
20685.081235,-1924.535449,-6128.763984,9178.553681
20685.081558,-3108.864956,-6435.202183,9178.553681
20685.081881,-4367.215058,-5822.325785,9696.697840
20685.082204,-3330.926739,-5898.935335,11399.171507
20685.082528,-3627.009116,-6281.983084,9030.512492
20685.082851,-3552.988522,-5362.668486,8512.368333
20685.083174,-1110.308913,-3983.696590,9770.718434
20685.083498,370.102971,-995.924147,10436.903782
20685.083821,1406.391290,-612.876398,9770.718434
20685.084144,2146.597232,-689.485948,7105.977043
20685.084468,888.247130,-1302.362347,6957.935855
20685.084791,222.061783,-1455.581446,8364.327145
20685.085114,-1480.411884,-1072.533697,9030.512492
20685.085437,-2368.659014,-2834.553343,9400.615463
20685.085761,-2960.823768,-3600.648841,8882.471304
20685.086084,-4589.276840,-3294.210641,9548.656652
20685.086407,-3849.070898,-2834.553343,9844.739029
20685.086731,-3701.029710,-2374.896044,9178.553681
20685.087054,-2664.741391,-1608.800546,7698.141797
20685.087377,-3182.885551,459.657299,9918.759623
20685.087701,-3627.009116,1455.581446,11251.130318
20685.088024,-4145.153275,-153.219100,9178.553681
20685.088347,-5773.606348,-1762.019645,7105.977043
20685.088670,-7772.162391,-3524.039291,7179.997637
20685.088994,-7920.203579,-2604.724693,10140.821405
20685.089317,-6439.791695,-2221.676944,11695.253884
20685.089640,-5773.606348,-2528.115143,8956.491898
20685.089964,-5847.626942,-2451.505594,7476.080014
20685.090287,-4811.338623,-1072.533697,6661.853478
20685.090610,-2220.617826,229.828649,7476.080014
20685.090934,1184.329507,1991.848295,9400.615463
20685.091257,3330.926739,2834.553343,9696.697840
20685.091580,3182.885551,3753.867940,9548.656652
20685.091903,1924.535449,1685.410096,8956.491898
20685.092227,740.205942,-459.657299,7328.038826
20685.092550,222.061783,-2221.676944,9030.512492
20685.092873,-740.205942,-2451.505594,10584.944971
20685.093197,-1924.535449,-2298.286494,10955.047942
20685.093520,-2294.638420,-3600.648841,8364.327145
20685.093843,-4071.132681,-4136.915689,7624.121203
20685.094167,-4441.235652,-3600.648841,7550.100608
20685.094490,-3330.926739,-2068.457845,7476.080014
20685.094813,-1702.473667,-1455.581446,8586.388927
20685.095136,-1702.473667,-1072.533697,8956.491898
20685.095460,-2072.576638,-919.314598,8586.388927
20685.095783,-2960.823768,-1685.410096,8290.306550
20685.096106,-3627.009116,-3907.087040,9030.512492
20685.096430,-3923.091493,-5669.106685,9844.739029
20685.096753,-4737.318029,-6741.640382,12213.398043
20685.097076,-4737.318029,-7124.688131,13027.624579
20685.097400,-4145.153275,-7507.735880,12657.521608
20685.097723,-3552.988522,-7201.297681,11547.212695
20685.098046,-2368.659014,-5286.058936,10066.800811
20685.098369,1036.288319,-2681.334243,9474.636058
20685.098693,2960.823768,-459.657299,8956.491898
20685.099016,2516.700203,1149.143247,7328.038826
20685.099339,1998.556043,1225.752797,6217.729913
20685.099663,1776.494261,842.705048,6217.729913
20685.099986,222.061783,306.438199,7476.080014
20685.100309,-1036.288319,-1072.533697,8438.347739
20685.100633,-2738.761985,-3753.867940,8512.368333
20685.100956,-5847.626942,-6358.592633,10066.800811
20685.101279,-8512.368333,-8427.050478,11103.089130
20685.101603,-10362.883188,-10265.679673,10955.047942
20685.101926,-9992.780217,-11874.480219,9474.636058
20685.102249,-8142.265362,-10495.508323,8956.491898
20685.102572,-6439.791695,-6511.811733,9548.656652
20685.102896,-4441.235652,-3140.991542,9326.594869
20685.103219,-666.185348,-1302.362347,8734.430116
20685.103542,1924.535449,1378.971896,7846.182985
20685.103866,2072.576638,3370.820191,7328.038826
20685.104189,1702.473667,2528.115143,7105.977043
20685.104512,0.000000,612.876398,8068.244768
20685.104836,-1850.514855,-1225.752797,9400.615463
20685.105159,-2590.720797,-3140.991542,9992.780217
20685.105482,-5033.400406,-6052.154434,10436.903782
20685.105805,-5699.585753,-7814.174080,11547.212695
20685.106129,-5551.544565,-8427.050478,12213.398043
20685.106452,-3182.885551,-7890.783629,12953.603985
20685.106775,-2442.679609,-5745.716235,12435.459826
20685.107099,-1924.535449,-3524.039291,11621.233289
20685.107422,518.144159,-2221.676944,9326.594869
20685.107745,3034.844362,0.000000,7402.059420
20685.108069,3849.070898,2451.505594,6365.771101
20685.108392,2590.720797,4060.306139,7105.977043
20685.108715,1332.370696,4979.620737,6291.750507
20685.109038,1184.329507,4596.572988,5921.647536
20685.109362,74.020594,3064.381992,5921.647536
20685.109685,-3552.988522,689.485948,6365.771101
20685.110008,-7105.977043,-1762.019645,6883.915261
20685.110332,-9104.533087,-4443.353888,7846.182985
20685.110655,-9400.615463,-6358.592633,9030.512492
20685.110978,-9770.718434,-7431.126331,9400.615463
20685.111302,-9326.594869,-7814.174080,9918.759623
20685.111625,-7698.141797,-6894.859482,11621.233289
20685.111948,-4737.318029,-5056.230287,11695.253884
20685.112271,-518.144159,-3447.429741,10214.842000
20685.112595,2516.700203,-766.095498,10066.800811
20685.112918,4737.318029,2068.457845,10955.047942
20685.113241,5773.606348,3830.477490,9992.780217
20685.113565,6735.874072,4903.011187,8438.347739
20685.113888,6513.812290,4443.353888,8808.450710
20685.114211,3552.988522,3983.696590,9104.533087
20685.114535,518.144159,1991.848295,8956.491898
20685.114858,-1184.329507,-1225.752797,9178.553681
20685.115181,-3701.029710,-4060.306139,9918.759623
20685.115504,-6883.915261,-5439.278036,10140.821405
20685.115828,-8068.244768,-6971.469032,10510.924376
20685.116151,-8734.430116,-7890.783629,10066.800811
20685.116474,-8956.491898,-8044.002729,9696.697840
20685.116798,-7772.162391,-7354.516781,9474.636058
20685.117121,-5107.421000,-5898.935335,8586.388927
20685.117444,-4441.235652,-4136.915689,7105.977043
20685.117768,-3478.967927,-1915.238745,5699.585753
20685.118091,-1554.432478,-612.876398,5921.647536
20685.118414,0.000000,919.314598,5773.606348
20685.118737,296.082377,1072.533697,6661.853478
20685.119061,-666.185348,536.266849,7402.059420
20685.119384,-1702.473667,0.000000,7105.977043
20685.119707,-2442.679609,-2145.067394,9030.512492
20685.120031,-2960.823768,-5132.839837,10288.862594
20685.120354,-4145.153275,-7048.078582,11473.192101
20685.120677,-5551.544565,-8733.488677,12435.459826
20685.121001,-6217.729913,-9269.755526,13175.665768
20685.121324,-4811.338623,-9576.193725,12731.542202
20685.121647,-3627.009116,-8810.098227,12731.542202
20685.121970,-1924.535449,-7277.907231,12361.439231
20685.122294,-666.185348,-4749.792088,11177.109724
20685.122617,740.205942,-2221.676944,10436.903782
20685.122940,2072.576638,-229.828649,9326.594869
20685.123264,3256.906145,1455.581446,8660.409521
20685.123587,3034.844362,2068.457845,7994.224174
20685.123910,1702.473667,1991.848295,7402.059420
20685.124234,-148.041188,1225.752797,7105.977043
20685.124557,-2368.659014,-459.657299,6439.791695
20685.124880,-3701.029710,-2911.162892,8512.368333
20685.125203,-6217.729913,-4366.744339,8808.450710
20685.125527,-7105.977043,-5515.887586,9770.718434
20685.125850,-7031.956449,-6894.859482,9400.615463
20685.126173,-6513.812290,-6588.421283,7920.203579
20685.126497,-4737.318029,-6281.983084,8956.491898
20685.126820,-4293.194464,-3370.820191,9548.656652
20685.127143,-2664.741391,-689.485948,9252.574275
20685.127467,1702.473667,1302.362347,8290.306550
20685.127790,3849.070898,2451.505594,7328.038826
20685.128113,3478.967927,3447.429741,7772.162391
20685.128436,3182.885551,3830.477490,8290.306550
20685.128760,2220.617826,3753.867940,8586.388927
20685.129083,1776.494261,2068.457845,9696.697840
20685.129406,222.061783,1455.581446,10436.903782
20685.129730,-1998.556043,229.828649,10658.965565
20685.130053,-3701.029710,-1685.410096,10288.862594
20685.130376,-3775.050304,-2911.162892,10288.862594
20685.130700,-2442.679609,-2604.724693,11399.171507
20685.131023,-1998.556043,-2221.676944,11325.150913
20685.131346,-3182.885551,-1225.752797,10140.821405
20685.131669,-3478.967927,-2298.286494,9030.512492
20685.131993,-3849.070898,-1532.190996,8364.327145
20685.132316,-3775.050304,-766.095498,7772.162391
20685.132639,-3478.967927,76.609550,8142.265362
20685.132963,-3182.885551,229.828649,7179.997637
20685.133286,-3182.885551,0.000000,6735.874072
20685.133609,-2886.803174,-306.438199,7031.956449
20685.133933,-3849.070898,-842.705048,6587.832884
20685.134256,-5033.400406,-1608.800546,6365.771101
20685.134579,-5181.441594,-2834.553343,6513.812290
20685.134903,-4293.194464,-3907.087040,7328.038826
20685.135226,-3404.947333,-4596.572988,9326.594869
20685.135549,-2812.782580,-4213.525239,10140.821405
20685.135872,-2442.679609,-4979.620737,10066.800811
20685.136196,-1406.391290,-5056.230287,9770.718434
20685.136519,-962.267725,-4596.572988,10288.862594
20685.136842,0.000000,-4596.572988,11399.171507
20685.137166,148.041188,-4596.572988,12139.377449
20685.137489,-962.267725,-4366.744339,11103.089130
20685.137812,-2590.720797,-4290.134789,9844.739029
20685.138136,-3330.926739,-5515.887586,9474.636058
20685.138459,-4441.235652,-5975.544884,9474.636058
20685.138782,-4737.318029,-6128.763984,10362.883188
20685.139105,-4737.318029,-6588.421283,10436.903782
20685.139429,-5477.523971,-6665.030833,10510.924376
20685.139752,-4737.318029,-6894.859482,10214.842000
20685.140075,-3108.864956,-6741.640382,10584.944971
20685.140399,-1998.556043,-6128.763984,10955.047942
20685.140722,-1998.556043,-5439.278036,10140.821405
20685.141045,-1406.391290,-5362.668486,9918.759623
20685.141369,0.000000,-4903.011187,9770.718434
20685.141692,0.000000,-4290.134789,9992.780217
20685.142015,-962.267725,-3830.477490,8882.471304
20685.142338,-1332.370696,-3447.429741,7920.203579
20685.142662,-2146.597232,-2528.115143,7698.141797
20685.142985,-2516.700203,-1608.800546,7772.162391
20685.143308,-2738.761985,-1149.143247,7179.997637
20685.143632,-3552.988522,-1149.143247,6661.853478
20685.143955,-4737.318029,-1608.800546,6069.688724
20685.144278,-4811.338623,-1685.410096,6439.791695
20685.144602,-5181.441594,-1915.238745,7402.059420
20685.144925,-5699.585753,-2451.505594,8586.388927
20685.145248,-5995.668130,-3064.381992,8882.471304
20685.145571,-5477.523971,-4060.306139,10362.883188
20685.145895,-4737.318029,-4903.011187,11473.192101
20685.146218,-3627.009116,-4826.401637,11843.295072
20685.146541,-1924.535449,-4213.525239,12065.356855
20685.146865,-666.185348,-2757.943793,12435.459826
20685.147188,1110.308913,-536.266849,11843.295072
20685.147511,2886.803174,1608.800546,12065.356855
20685.147835,4293.194464,2451.505594,11473.192101
20685.148158,4515.256246,4213.525239,9770.718434
20685.148481,4293.194464,4749.792088,8290.306550
20685.148804,3404.947333,4979.620737,7328.038826
20685.149128,2146.597232,4519.963438,6587.832884
20685.149451,148.041188,3600.648841,6735.874072
20685.149774,-2886.803174,1838.629195,7105.977043
20685.150098,-6291.750507,-612.876398,6439.791695
20685.150421,-7772.162391,-3294.210641,6809.894666
20685.150744,-8068.244768,-4519.963438,6883.915261
20685.151068,-8290.306550,-4903.011187,7624.121203
20685.151391,-7920.203579,-4136.915689,8068.244768
20685.151714,-5995.668130,-3447.429741,7402.059420
20685.152037,-2812.782580,-1378.971896,7328.038826
20685.152361,-740.205942,0.000000,7920.203579
20685.152684,888.247130,2221.676944,8734.430116
20685.153007,1702.473667,3217.601092,9030.512492
20685.153331,1776.494261,2451.505594,8734.430116
20685.153654,1850.514855,919.314598,9104.533087
20685.153977,-222.061783,-1072.533697,9992.780217
20685.154301,-3108.864956,-3447.429741,10658.965565
20685.154624,-4811.338623,-5745.716235,11251.130318
20685.154947,-4811.338623,-8503.660028,11547.212695
20685.155270,-4515.256246,-8963.317327,12805.562797
20685.155594,-4663.297435,-8503.660028,13619.789333
20685.155917,-4071.132681,-8350.440928,13545.768739
20685.156240,-3256.906145,-7431.126331,12287.418637
20685.156564,-1332.370696,-6205.373534,11177.109724
20685.156887,518.144159,-4519.963438,10214.842000
20685.157210,0.000000,-2911.162892,9474.636058
20685.157534,-370.102971,-1991.848295,7254.018232
20685.157857,-296.082377,-1149.143247,5551.544565
20685.158180,0.000000,-1225.752797,5625.565159
20685.158503,-2146.597232,-1225.752797,6439.791695
20685.158827,-4663.297435,-2451.505594,6217.729913
20685.159150,-5403.503377,-4596.572988,6587.832884
20685.159473,-6809.894666,-6894.859482,7031.956449
20685.159797,-7179.997637,-7584.345430,8364.327145
20685.160120,-7031.956449,-8886.707777,9178.553681
20685.160443,-5773.606348,-9193.145976,10362.883188
20685.160767,-4737.318029,-8273.831378,11177.109724
20685.161090,-2442.679609,-6971.469032,12805.562797
20685.161413,222.061783,-5515.887586,13397.727550
20685.161736,1776.494261,-4290.134789,12213.398043
20685.162060,3256.906145,-2757.943793,11251.130318
20685.162383,2516.700203,-689.485948,9844.739029
20685.162706,2368.659014,612.876398,8808.450710
20685.163030,2220.617826,2451.505594,8438.347739
20685.163353,74.020594,2757.943793,8438.347739
20685.163676,-2442.679609,2068.457845,6291.750507
20685.164000,-4589.276840,-153.219100,6365.771101
20685.164323,-6143.709319,-1455.581446,7698.141797
20685.164646,-7624.121203,-2604.724693,9622.677246
20685.164970,-10510.924376,-4366.744339,9622.677246
20685.165293,-11843.295072,-7201.297681,8808.450710
20685.165616,-10436.903782,-8503.660028,8660.409521
20685.165939,-9104.533087,-8197.221829,9622.677246
20685.166263,-6587.832884,-7507.735880,9474.636058
20685.166586,-2368.659014,-4596.572988,10140.821405
20685.166909,1184.329507,-842.705048,10214.842000
20685.167233,3849.070898,2681.334243,9992.780217
20685.167556,5403.503377,5592.497135,9104.533087
20685.167879,7031.956449,6741.640382,7550.100608
20685.168203,7772.162391,7584.345430,5181.441594
20685.168526,6217.729913,7584.345430,5921.647536
20685.168849,3034.844362,6588.421283,7624.121203
20685.169172,-1628.453072,3524.039291,8364.327145
20685.169496,-6143.709319,-1225.752797,7550.100608
20685.169819,-11177.109724,-6435.202183,7698.141797
20685.170142,-14434.015869,-9576.193725,9622.677246
20685.170466,-13915.871710,-11031.775171,11029.068536
20685.170789,-10140.821405,-10955.165621,11917.315666
20685.171112,-9474.636058,-9499.584175,11843.295072
20685.171436,-6365.771101,-5745.716235,10066.800811
20685.171759,0.000000,-2451.505594,9178.553681
20685.172082,5625.565159,689.485948,9474.636058
20685.172405,8734.430116,4903.011187,10510.924376
20685.172729,9844.739029,7507.735880,10362.883188
20685.173052,8068.244768,6128.763984,8438.347739
20685.173375,6661.853478,3524.039291,6809.894666
20685.173699,4959.379811,842.705048,6957.935855
20685.174022,370.102971,-1685.410096,8882.471304
20685.174345,-4959.379811,-4673.182538,10288.862594
20685.174669,-7105.977043,-7124.688131,11103.089130
20685.174992,-7179.997637,-9193.145976,10510.924376
20685.175315,-8142.265362,-9652.803275,10732.986159
20685.175638,-8956.491898,-8120.612279,9992.780217
20685.175962,-7476.080014,-7814.174080,8142.265362
20685.176285,-4737.318029,-6665.030833,8660.409521
20685.176608,-2294.638420,-4979.620737,8068.244768
20685.176932,-1110.308913,-2221.676944,7846.182985
20685.177255,-814.226536,-1685.410096,8364.327145
20685.177578,-296.082377,-1225.752797,7031.956449
20685.177902,1554.432478,-612.876398,8364.327145
20685.178225,3256.906145,-536.266849,9696.697840
20685.178548,740.205942,-306.438199,9474.636058
20685.178871,-962.267725,-306.438199,10436.903782
20685.179195,-2812.782580,-2757.943793,9992.780217
20685.179518,-4219.173869,-5515.887586,9104.533087
20685.179841,-4737.318029,-7201.297681,9474.636058
20685.180165,-5625.565159,-6741.640382,11029.068536
20685.180488,-8512.368333,-6435.202183,12509.480420
20685.180811,-9548.656652,-7277.907231,10510.924376
20685.181135,-5995.668130,-7507.735880,8956.491898
20685.181458,-3478.967927,-6052.154434,10140.821405
20685.181781,-3552.988522,-2911.162892,10584.944971
20685.182104,-3256.906145,-1685.410096,8882.471304
20685.182428,-1628.453072,-1838.629195,7624.121203
20685.182751,-888.247130,-1915.238745,6735.874072
20685.183074,-1628.453072,153.219100,7254.018232
20685.183398,-1406.391290,842.705048,8956.491898
20685.183721,-888.247130,-995.924147,7031.956449
20685.184044,-370.102971,-612.876398,7179.997637
20685.184368,222.061783,-919.314598,9474.636058
20685.184691,-1998.556043,-536.266849,10807.006753
20685.185014,-3182.885551,-2374.896044,9104.533087
20685.185337,-3330.926739,-4136.915689,6069.688724
20685.185661,-3108.864956,-5209.449386,7402.059420
20685.185984,-4145.153275,-4136.915689,10140.821405
20685.186307,-3701.029710,-2528.115143,11695.253884
20685.186631,-1258.350101,-2911.162892,9326.594869
20685.186954,-1332.370696,-2068.457845,10510.924376
20685.187277,-2072.576638,-919.314598,10881.027347
20685.187601,-1110.308913,76.609550,10214.842000
20685.187924,296.082377,-766.095498,8808.450710
20685.188247,814.226536,-306.438199,7476.080014
20685.188571,-2516.700203,1378.971896,9918.759623
20685.188894,-2368.659014,0.000000,7179.997637
20685.189217,592.164754,-459.657299,7031.956449
20685.189540,1110.308913,383.047749,11325.150913
20685.189864,-2664.741391,1302.362347,13249.686362
20685.190187,-4441.235652,-1378.971896,9548.656652
20685.190510,-2590.720797,-4903.011187,8364.327145
20685.190834,-1332.370696,-3600.648841,8512.368333
20685.191157,-2368.659014,-2374.896044,8808.450710
20685.191480,-3182.885551,-2374.896044,8882.471304
20685.191804,74.020594,-2221.676944,7624.121203
20685.192127,3701.029710,919.314598,9326.594869
20685.192450,3330.926739,3064.381992,11547.212695
20685.192773,2072.576638,1915.238745,9992.780217
20685.193097,3775.050304,459.657299,6587.832884
20685.193420,4885.359217,1149.143247,5329.482782
20685.193743,3034.844362,1838.629195,6365.771101
20685.194067,1924.535449,2145.067394,7476.080014
20685.194390,1998.556043,1455.581446,7254.018232
20685.194713,74.020594,919.314598,10362.883188
20685.195037,-2220.617826,-1225.752797,11917.315666
20685.195360,-2368.659014,-3370.820191,11103.089130
20685.195683,-1924.535449,-5286.058936,10066.800811
20685.196007,-4885.359217,-4749.792088,11695.253884
20685.196330,-5329.482782,-3524.039291,11177.109724
20685.196653,-1702.473667,-3140.991542,8438.347739
20685.196976,814.226536,-1915.238745,9252.574275
20685.197300,-518.144159,842.705048,10214.842000
20685.197623,-2738.761985,1532.190996,9696.697840
20685.197946,-592.164754,-229.828649,8142.265362
20685.198270,1184.329507,-459.657299,8660.409521
20685.198593,-962.267725,153.219100,8734.430116
20685.198916,-3552.988522,0.000000,6661.853478
20685.199240,-2812.782580,-1225.752797,5329.482782
20685.199563,-1258.350101,-153.219100,8290.306550
20685.199886,-1332.370696,0.000000,10140.821405
20685.200209,-1924.535449,-1991.848295,8290.306550
20685.200533,-592.164754,-3447.429741,7179.997637
20685.200856,-1184.329507,-1532.190996,9548.656652
20685.201179,-1258.350101,-536.266849,10807.006753
20685.201503,2146.597232,-1455.581446,8734.430116
20685.201826,3552.988522,-1762.019645,8512.368333
20685.202149,1554.432478,1072.533697,9548.656652
20685.202473,370.102971,1532.190996,9252.574275
20685.202796,1184.329507,-995.924147,9474.636058
20685.203119,1480.411884,-1608.800546,10436.903782
20685.203443,-1110.308913,229.828649,10732.986159
20685.203766,-2664.741391,-306.438199,9400.615463
20685.204089,-1998.556043,-2451.505594,7476.080014
20685.204412,-740.205942,-1072.533697,9770.718434
20685.204736,-2886.803174,0.000000,10288.862594
20685.205059,-5329.482782,-2068.457845,8734.430116
20685.205382,-3849.070898,-3907.087040,7105.977043
20685.205706,-3034.844362,-2911.162892,9474.636058
20685.206029,-3404.947333,-2298.286494,10955.047942
20685.206352,-2294.638420,-2221.676944,9030.512492
20685.206676,1184.329507,-1532.190996,8660.409521
20685.206999,1628.453072,383.047749,10510.924376
20685.207322,1776.494261,995.924147,9030.512492
20685.207646,3552.988522,-459.657299,7994.224174
20685.207969,3923.091493,0.000000,9918.759623
20685.208292,4219.173869,2068.457845,9178.553681
20685.208615,5107.421000,3447.429741,7550.100608
20685.208939,7105.977043,2298.286494,6291.750507
20685.209262,6069.688724,3294.210641,8586.388927
20685.209585,2516.700203,4443.353888,9104.533087
20685.209909,444.123565,1072.533697,7920.203579
20685.210232,-222.061783,-1302.362347,7846.182985
20685.210555,-1850.514855,-2068.457845,8808.450710
20685.210879,-2516.700203,-2604.724693,9474.636058
20685.211202,-3849.070898,-2987.772442,10066.800811
20685.211525,-1258.350101,-1915.238745,10732.986159
20685.211848,-1258.350101,-919.314598,11769.274478
20685.212172,-3182.885551,-1378.971896,9622.677246
20685.212495,-1554.432478,-2451.505594,8808.450710
20685.212818,1110.308913,-1455.581446,10436.903782
20685.213142,444.123565,1225.752797,12361.439231
20685.213465,-592.164754,1455.581446,10436.903782
20685.213788,296.082377,1149.143247,7402.059420
20685.214112,2072.576638,1225.752797,8216.285956
20685.214435,-1184.329507,1608.800546,8660.409521
20685.214758,-2812.782580,459.657299,8438.347739
20685.215082,-962.267725,-766.095498,8956.491898
20685.215405,-740.205942,-383.047749,9474.636058
20685.215728,-3552.988522,0.000000,8882.471304
20685.216051,-3701.029710,-1608.800546,5255.462188
20685.216375,-740.205942,-1685.410096,5625.565159
20685.216698,-1998.556043,306.438199,9178.553681
20685.217021,-3849.070898,1455.581446,10140.821405
20685.217345,-2072.576638,-919.314598,7624.121203
20685.217668,-518.144159,-1991.848295,7254.018232
20685.217991,-740.205942,-1149.143247,9252.574275
20685.218315,-888.247130,76.609550,9622.677246
20685.218638,1702.473667,459.657299,9474.636058
20685.218961,2146.597232,766.095498,9918.759623
20685.219284,888.247130,2145.067394,9770.718434
20685.219608,-518.144159,-306.438199,8364.327145
20685.219931,0.000000,-2757.943793,8364.327145
20685.220254,0.000000,-2374.896044,12139.377449
20685.220578,-1776.494261,-1149.143247,11843.295072
20685.220901,-2590.720797,-3600.648841,9178.553681
20685.221224,-2072.576638,-4826.401637,8586.388927
20685.221548,-1110.308913,-3447.429741,11103.089130
20685.221871,-2368.659014,-2451.505594,11843.295072
20685.222194,-814.226536,-3983.696590,9252.574275
20685.222518,2368.659014,-3677.258390,7476.080014
20685.222841,2960.823768,-995.924147,9326.594869
20685.223164,2368.659014,306.438199,8290.306550
20685.223487,3552.988522,306.438199,7476.080014
20685.223811,6661.853478,1455.581446,8512.368333
20685.224134,5995.668130,3370.820191,10510.924376
20685.224457,4589.276840,2374.896044,8438.347739
20685.224781,5107.421000,459.657299,7105.977043
20685.225104,4293.194464,306.438199,9622.677246
20685.225427,592.164754,842.705048,9548.656652
20685.225751,148.041188,766.095498,7994.224174
20685.226074,814.226536,-2145.067394,7105.977043
20685.226397,-2220.617826,-1225.752797,9844.739029
20685.226720,-6069.688724,-842.705048,10955.047942
20685.227044,-4885.359217,-2374.896044,8956.491898
20685.227367,-3478.967927,-4060.306139,9474.636058
20685.227690,-5699.585753,-1455.581446,10881.027347
20685.228014,-6291.750507,0.000000,8956.491898
20685.228337,-2812.782580,-383.047749,6513.812290
20685.228660,0.000000,689.485948,8660.409521
20685.228984,-1406.391290,3370.820191,10584.944971
20685.229307,-2516.700203,3370.820191,8512.368333
20685.229630,222.061783,229.828649,6661.853478
20685.229954,1998.556043,1378.971896,9918.759623
20685.230277,-592.164754,3064.381992,12583.501014
20685.230600,-1554.432478,1838.629195,8290.306550
20685.230923,296.082377,-383.047749,6661.853478
20685.231247,1110.308913,1302.362347,9474.636058
20685.231570,-1406.391290,3064.381992,10066.800811
20685.231893,-1628.453072,842.705048,7624.121203
20685.232217,148.041188,-1225.752797,8142.265362
20685.232540,-1258.350101,766.095498,9696.697840
20685.232863,-3034.844362,1991.848295,9252.574275
20685.233187,-2072.576638,-459.657299,7698.141797
20685.233510,-518.144159,-689.485948,8364.327145
20685.233833,-1924.535449,689.485948,9326.594869
20685.234157,-4959.379811,0.000000,8512.368333
20685.234480,-3108.864956,-3217.601092,5921.647536
20685.234803,-2664.741391,-2298.286494,8586.388927
20685.235126,-3478.967927,-1608.800546,11547.212695
20685.235450,-2516.700203,-2451.505594,9918.759623
20685.235773,-148.041188,-3447.429741,9400.615463
20685.236096,148.041188,-2145.067394,11621.233289
20685.236420,-740.205942,-995.924147,10955.047942
20685.236743,0.000000,-3524.039291,7254.018232
20685.237066,1702.473667,-4136.915689,7328.038826
20685.237390,2294.638420,-2221.676944,10658.965565
20685.237713,2886.803174,0.000000,11769.274478
20685.238036,4811.338623,-1762.019645,9474.636058
20685.238359,5181.441594,-1532.190996,10881.027347
20685.238683,4515.256246,842.705048,12065.356855
20685.239006,3182.885551,153.219100,9918.759623
20685.239329,5477.523971,-2528.115143,7031.956449
20685.239653,6513.812290,-1455.581446,7476.080014
20685.239976,2368.659014,1302.362347,11029.068536
20685.240299,1480.411884,995.924147,9252.574275
20685.240623,4663.297435,0.000000,7994.224174
20685.240946,3701.029710,76.609550,8734.430116
20685.241269,-1480.411884,766.095498,10214.842000
20685.241593,-3108.864956,-1762.019645,7994.224174
20685.241916,-1776.494261,-3447.429741,8586.388927
20685.242239,-2368.659014,-1838.629195,10955.047942
20685.242562,-5329.482782,-919.314598,9400.615463
20685.242886,-5329.482782,-2681.334243,5847.626942
20685.243209,-3330.926739,-2681.334243,7402.059420
20685.243532,-3923.091493,1072.533697,10214.842000
20685.243856,-5255.462188,1455.581446,9178.553681
20685.244179,-4071.132681,-995.924147,5255.462188
20685.244502,-1924.535449,-229.828649,8586.388927
20685.244826,-2220.617826,1532.190996,9326.594869
20685.245149,-2812.782580,2298.286494,7994.224174
20685.245472,666.185348,0.000000,6143.709319
20685.245795,2368.659014,1762.019645,8586.388927
20685.246119,592.164754,3983.696590,11991.336260
20685.246442,-296.082377,1991.848295,9992.780217
20685.246765,1702.473667,-229.828649,8512.368333
20685.247089,2220.617826,-383.047749,10362.883188
20685.247412,-814.226536,1225.752797,10732.986159
20685.247735,-666.185348,0.000000,8142.265362
20685.248059,1110.308913,76.609550,8216.285956
20685.248382,0.000000,1302.362347,10881.027347
20685.248705,-2886.803174,1915.238745,10436.903782
20685.249029,-3478.967927,-1225.752797,7624.121203
20685.249352,-2812.782580,-3447.429741,7105.977043
20685.249675,-4589.276840,-1455.581446,10881.027347
20685.249998,-4219.173869,-1378.971896,10584.944971
20685.250322,-4071.132681,-3064.381992,9030.512492
20685.250645,-3034.844362,-3753.867940,8660.409521
20685.250968,-5033.400406,-2374.896044,9548.656652
20685.251292,-3923.091493,-3447.429741,7328.038826
20685.251615,-1628.453072,-4673.182538,7994.224174
20685.251938,1184.329507,-3447.429741,9770.718434
20685.252262,370.102971,-536.266849,10658.965565
20685.252585,3182.885551,-1072.533697,8882.471304
20685.252908,6883.915261,-536.266849,8438.347739
20685.253231,6809.894666,0.000000,9622.677246
20685.253555,4441.235652,919.314598,9992.780217
20685.253878,6217.729913,-842.705048,8142.265362
20685.254201,8068.244768,-153.219100,8882.471304
20685.254525,6217.729913,0.000000,10288.862594
20685.254848,2368.659014,-153.219100,9696.697840
20685.255171,2368.659014,-1149.143247,9770.718434
20685.255495,4885.359217,-995.924147,10214.842000
20685.255818,1332.370696,-536.266849,11177.109724
20685.256141,-2294.638420,-3140.991542,8438.347739
20685.256465,-1110.308913,-3294.210641,8290.306550
20685.256788,592.164754,-2298.286494,10881.027347
20685.257111,-1850.514855,-1072.533697,11103.089130
20685.257434,-3627.009116,-1685.410096,8956.491898
20685.257758,-2590.720797,-2298.286494,9178.553681
20685.258081,-2960.823768,-459.657299,10288.862594
20685.258404,-4811.338623,-536.266849,10362.883188
20685.258728,-4293.194464,-1838.629195,9030.512492
20685.259051,-2960.823768,-1685.410096,7550.100608
20685.259374,-3330.926739,0.000000,7624.121203
20685.259698,-3404.947333,536.266849,6513.812290
20685.260021,-2294.638420,1378.971896,6587.832884
20685.260344,-518.144159,3064.381992,10214.842000
20685.260668,-1406.391290,3677.258390,10288.862594
20685.260991,-2294.638420,2374.896044,6069.688724
20685.261314,-370.102971,-612.876398,4367.215058
20685.261637,-148.041188,1455.581446,7994.224174
20685.261961,-296.082377,2374.896044,9326.594869
20685.262284,518.144159,1378.971896,6957.935855
20685.262607,592.164754,919.314598,8882.471304
20685.262931,-2664.741391,2681.334243,12435.459826
20685.263254,-3552.988522,919.314598,10732.986159
20685.263577,0.000000,-2757.943793,7328.038826
20685.263901,222.061783,-3294.210641,8586.388927
20685.264224,-1776.494261,612.876398,11917.315666
20685.264547,-1258.350101,2298.286494,8586.388927
20685.264870,-296.082377,-536.266849,8142.265362
20685.265194,-592.164754,76.609550,10066.800811
20685.265517,-3330.926739,1685.410096,10807.006753
20685.265840,-2886.803174,-1762.019645,9104.533087
20685.266164,-962.267725,-4979.620737,7402.059420
20685.266487,-2442.679609,-2834.553343,9622.677246
20685.266810,-4589.276840,-1915.238745,9326.594869
20685.267134,-3923.091493,-2987.772442,8216.285956
20685.267457,1776.494261,-4290.134789,7846.182985
20685.267780,1850.514855,-1762.019645,11251.130318
20685.268104,444.123565,-612.876398,10436.903782
20685.268427,4293.194464,-1991.848295,8660.409521
20685.268750,8142.265362,-842.705048,9030.512492
20685.269073,7105.977043,766.095498,11103.089130
20685.269397,5033.400406,689.485948,10807.006753
20685.269720,5995.668130,-383.047749,6365.771101
20685.270043,7624.121203,459.657299,9400.615463
20685.270367,5551.544565,1455.581446,12213.398043
20685.270690,2294.638420,1225.752797,9844.739029
20685.271013,1998.556043,-2451.505594,7476.080014
20685.271337,888.247130,-3217.601092,8660.409521
20685.271660,-2516.700203,-2221.676944,10510.924376
20685.271983,-4663.297435,-2834.553343,9918.759623
20685.272306,-3701.029710,-4673.182538,7994.224174
20685.272630,-4293.194464,-3830.477490,9622.677246
20685.272953,-5699.585753,-1915.238745,10658.965565
20685.273276,-5107.421000,-2911.162892,8512.368333
20685.273600,-3182.885551,-3140.991542,7846.182985
20685.273923,-3478.967927,-2068.457845,8808.450710
20685.274246,-4071.132681,-306.438199,8882.471304
20685.274570,-1924.535449,-536.266849,7476.080014
20685.274893,518.144159,536.266849,9178.553681
20685.275216,0.000000,2604.724693,10362.883188
20685.275540,-1036.288319,2451.505594,9252.574275
20685.275863,518.144159,459.657299,7328.038826
20685.276186,2590.720797,1072.533697,9104.533087
20685.276509,1332.370696,1991.848295,9548.656652
20685.276833,-296.082377,1685.410096,7994.224174
20685.277156,1480.411884,1149.143247,7920.203579
20685.277479,962.267725,2834.553343,10584.944971
20685.277803,-1850.514855,2681.334243,9474.636058
20685.278126,-1406.391290,306.438199,8068.244768
20685.278449,-1036.288319,-612.876398,7846.182985
20685.278773,-2812.782580,-153.219100,8956.491898
20685.279096,-4737.318029,0.000000,7772.162391
20685.279419,-2960.823768,-1455.581446,6143.709319
20685.279742,-2368.659014,0.000000,8512.368333
20685.280066,-5107.421000,536.266849,10436.903782
20685.280389,-4737.318029,0.000000,9474.636058
20685.280712,-1258.350101,-4290.134789,6957.935855
20685.281036,-1184.329507,-2451.505594,10362.883188
20685.281359,-3182.885551,-536.266849,12287.418637
20685.281682,-2146.597232,-1608.800546,8586.388927
20685.282006,2072.576638,-2911.162892,7550.100608
20685.282329,2368.659014,-995.924147,10436.903782
20685.282652,148.041188,919.314598,10732.986159
20685.282976,1850.514855,-1455.581446,8956.491898
20685.283299,5551.544565,-2757.943793,8290.306550
20685.283622,5625.565159,0.000000,11325.150913
20685.283945,4441.235652,1149.143247,10510.924376
20685.284269,5255.462188,-536.266849,7846.182985
20685.284592,7624.121203,76.609550,7994.224174
20685.284915,5255.462188,2604.724693,11695.253884
20685.285239,3034.844362,1225.752797,9918.759623
20685.285562,3404.947333,-1225.752797,7402.059420
20685.285885,2886.803174,-2068.457845,8660.409521
20685.286208,-1554.432478,-1072.533697,10955.047942
20685.286532,-3034.844362,-1915.238745,9992.780217
20685.286855,-1702.473667,-2604.724693,9400.615463
20685.287178,-1406.391290,-3064.381992,9918.759623
20685.287501,-5107.421000,-1915.238745,9474.636058
20685.287825,-4737.318029,-3830.477490,8068.244768
20685.288148,-2960.823768,-2451.505594,9030.512492
20685.288471,-2146.597232,-995.924147,9992.780217
20685.288795,-4219.173869,-306.438199,8438.347739
20685.289118,-2664.741391,-1915.238745,6143.709319
20685.289441,148.041188,306.438199,7772.162391
20685.289764,-666.185348,1455.581446,11251.130318
20685.290088,-2294.638420,1838.629195,9696.697840
20685.290411,148.041188,-919.314598,7624.121203
20685.290734,1406.391290,-383.047749,8808.450710
20685.291057,-1702.473667,842.705048,9252.574275
20685.291381,-1036.288319,306.438199,7772.162391
20685.291704,1776.494261,-459.657299,7846.182985
20685.292027,888.247130,2374.896044,13027.624579
20685.292350,-1480.411884,2911.162892,9770.718434
20685.292674,-1406.391290,153.219100,5255.462188
20685.292997,-592.164754,-1762.019645,6291.750507
20685.293320,-1628.453072,919.314598,10362.883188
20685.293643,-2812.782580,2528.115143,9918.759623
20685.293967,-1850.514855,-536.266849,8142.265362
20685.294290,-518.144159,-1378.971896,8216.285956
20685.294613,-2220.617826,1608.800546,10214.842000
20685.294937,-5033.400406,0.000000,9104.533087
20685.295260,-3034.844362,-3064.381992,8290.306550
20685.295583,-888.247130,-1991.848295,9770.718434
20685.295906,-2442.679609,-306.438199,10732.986159
20685.296230,-3552.988522,-1532.190996,8734.430116
20685.296553,-1036.288319,-3677.258390,7772.162391
20685.296876,1332.370696,-1302.362347,12583.501014
20685.297199,888.247130,0.000000,12065.356855
20685.297523,1480.411884,0.000000,8586.388927
20685.297846,2886.803174,-1685.410096,8142.265362
20685.298169,3997.112087,229.828649,9030.512492
20685.298492,3997.112087,995.924147,9252.574275
20685.298816,4959.379811,0.000000,8512.368333
20685.299139,6069.688724,612.876398,8734.430116
20685.299462,4293.194464,2451.505594,10066.800811
20685.299786,3256.906145,766.095498,7920.203579
20685.300109,3108.864956,-1838.629195,6661.853478
20685.300432,3108.864956,-1302.362347,9178.553681
20685.300755,1628.453072,0.000000,10362.883188
20685.301079,444.123565,-306.438199,9992.780217
20685.301402,2960.823768,-1455.581446,7031.956449
20685.301725,370.102971,153.219100,8882.471304
20685.302048,-2442.679609,0.000000,11029.068536
20685.302372,-2072.576638,-1455.581446,7105.977043
20685.302695,-814.226536,-2757.943793,7402.059420
20685.303018,-1702.473667,-1608.800546,10436.903782
20685.303341,-4959.379811,0.000000,9918.759623
20685.303665,-3404.947333,-2451.505594,9030.512492
20685.303988,-1036.288319,-2068.457845,10066.800811
20685.304311,-2960.823768,612.876398,11917.315666
20685.304635,-3775.050304,229.828649,9918.759623
20685.304958,-2590.720797,-2221.676944,7698.141797
20685.305281,-592.164754,-1532.190996,9030.512492
20685.305604,-666.185348,1838.629195,10288.862594
20685.305928,-1554.432478,1762.019645,8142.265362
20685.306251,-370.102971,536.266849,6365.771101
20685.306574,888.247130,2068.457845,8142.265362
20685.306897,-1480.411884,3064.381992,10510.924376
20685.307221,-2072.576638,229.828649,7920.203579
20685.307544,-1776.494261,-2298.286494,7254.018232
20685.307867,-2220.617826,-1762.019645,9474.636058
20685.308190,-3849.070898,229.828649,8882.471304
20685.308514,-1998.556043,-689.485948,7846.182985
20685.308837,1628.453072,-1455.581446,9326.594869
20685.309160,-1036.288319,842.705048,11251.130318
20685.309483,-3627.009116,383.047749,9474.636058
20685.309807,-1406.391290,-1915.238745,5625.565159
20685.310130,0.000000,-2528.115143,8068.244768
20685.310453,-2220.617826,-995.924147,10955.047942
20685.310777,-3775.050304,306.438199,10214.842000
20685.311100,-1776.494261,-2298.286494,8512.368333
20685.311423,-1110.308913,-2068.457845,8364.327145
20685.311746,-2664.741391,-2068.457845,10807.006753
20685.312070,-3478.967927,-2374.896044,11325.150913
20685.312393,-666.185348,-3907.087040,10066.800811
20685.312716,1924.535449,-2604.724693,10362.883188
20685.313039,296.082377,-1225.752797,10510.924376
20685.313363,1628.453072,-766.095498,7772.162391
20685.313686,5181.441594,-306.438199,8956.491898
20685.314009,5699.585753,1685.410096,11621.233289
20685.314332,4515.256246,1915.238745,10362.883188
20685.314656,5255.462188,-76.609550,8068.244768
20685.314979,7105.977043,-612.876398,8956.491898
20685.315302,5033.400406,1455.581446,9844.739029
20685.315626,3997.112087,1685.410096,9844.739029
20685.315949,4663.297435,-383.047749,8068.244768
20685.316272,4145.153275,919.314598,8438.347739
20685.316595,296.082377,1532.190996,9622.677246
20685.316919,-1332.370696,-536.266849,8216.285956
20685.317242,0.000000,-2911.162892,7105.977043
20685.317565,-962.267725,-1915.238745,10140.821405
20685.317888,-3627.009116,0.000000,10288.862594
20685.318212,-4293.194464,-2221.676944,7105.977043
20685.318535,-2146.597232,-2298.286494,6883.915261
20685.318858,-2812.782580,0.000000,10288.862594
20685.319181,-4737.318029,306.438199,8512.368333
20685.319505,-3701.029710,-1838.629195,6513.812290
20685.319828,-2072.576638,-1072.533697,8142.265362
20685.320151,-2812.782580,1378.971896,10807.006753
20685.320474,-2886.803174,689.485948,9622.677246
20685.320798,-1036.288319,-1149.143247,8216.285956
20685.321121,1776.494261,306.438199,11621.233289
20685.321444,1776.494261,3370.820191,11473.192101
20685.321768,592.164754,2374.896044,9844.739029
20685.322091,1406.391290,612.876398,9178.553681
20685.322414,1406.391290,1991.848295,9992.780217
20685.322737,296.082377,1762.019645,8956.491898
20685.323061,-1554.432478,612.876398,6661.853478
20685.323384,-1776.494261,612.876398,6217.729913
20685.323707,-2368.659014,766.095498,9178.553681
20685.324030,-4959.379811,-459.657299,8216.285956
20685.324354,-6069.688724,-2451.505594,7624.121203
20685.324677,-5033.400406,-3140.991542,9770.718434
20685.325000,-5181.441594,-2298.286494,9474.636058
20685.325323,-4737.318029,-2757.943793,9400.615463
20685.325647,-3034.844362,-4213.525239,8290.306550
20685.325970,-1702.473667,-1838.629195,7846.182985
20685.326293,-2664.741391,0.000000,10140.821405
20685.326617,-888.247130,-1149.143247,8216.285956
20685.326940,814.226536,-2221.676944,7254.018232
20685.327263,1036.288319,-2374.896044,9030.512492
20685.327586,962.267725,-2451.505594,9844.739029
20685.327910,2220.617826,-1991.848295,9770.718434
20685.328233,4145.153275,-1225.752797,10807.006753
20685.328556,4071.132681,-153.219100,12287.418637
20685.328879,3849.070898,-689.485948,10066.800811
20685.329203,5699.585753,-2604.724693,7105.977043
20685.329526,5921.647536,-1838.629195,10140.821405
20685.329849,4145.153275,306.438199,11177.109724
20685.330172,2664.741391,1378.971896,9326.594869
20685.330496,5033.400406,-1455.581446,7328.038826
20685.330819,4811.338623,0.000000,8956.491898
20685.331142,1406.391290,1608.800546,11621.233289
20685.331466,-1554.432478,-1072.533697,8364.327145
20685.331789,-1258.350101,-3064.381992,8290.306550
20685.332112,0.000000,-3907.087040,8586.388927
20685.332435,-2664.741391,-995.924147,10362.883188
20685.332759,-3034.844362,-2298.286494,8660.409521
20685.333082,-1924.535449,-3140.991542,7920.203579
20685.333405,-2220.617826,0.000000,10658.965565
20685.333728,-3256.906145,1225.752797,9918.759623
20685.334052,-2812.782580,-306.438199,8216.285956
20685.334375,-1036.288319,-2451.505594,7772.162391
20685.334698,-2146.597232,-383.047749,8586.388927
20685.335021,-2886.803174,383.047749,8660.409521
20685.335345,-1628.453072,536.266849,7772.162391
20685.335668,-666.185348,1532.190996,8734.430116
20685.335991,-1924.535449,2221.676944,9474.636058
20685.336314,-2220.617826,1455.581446,8660.409521
20685.336638,-888.247130,76.609550,8216.285956
20685.336961,814.226536,1302.362347,9474.636058
20685.337284,0.000000,2298.286494,9474.636058
20685.337608,-814.226536,1302.362347,7846.182985
20685.337931,148.041188,1378.971896,7624.121203
20685.338254,74.020594,2298.286494,10362.883188
20685.338577,-2442.679609,2068.457845,10955.047942
20685.338901,-2516.700203,-536.266849,8660.409521
20685.339224,-1184.329507,-1685.410096,7846.182985
20685.339547,-3478.967927,-766.095498,9474.636058
20685.339870,-4589.276840,-536.266849,9178.553681
20685.340194,-3627.009116,-1838.629195,7179.997637
20685.340517,-2146.597232,-1072.533697,7624.121203
20685.340840,-2590.720797,153.219100,9104.533087
20685.341163,-3034.844362,-1149.143247,9474.636058
20685.341487,-2220.617826,-2681.334243,7920.203579
20685.341810,-740.205942,-2145.067394,8956.491898
20685.342133,-1480.411884,-1608.800546,9474.636058
20685.342457,-2368.659014,-3140.991542,8660.409521
20685.342780,1702.473667,-3907.087040,7920.203579
20685.343103,3701.029710,-1302.362347,11621.233289
20685.343426,2516.700203,-919.314598,12361.439231
20685.343750,1998.556043,-1225.752797,9474.636058
20685.344073,5995.668130,-1915.238745,9548.656652
20685.344396,7105.977043,-842.705048,11177.109724
20685.344719,5033.400406,76.609550,9548.656652
20685.345043,6069.688724,-1149.143247,7994.224174
20685.345366,6957.935855,-153.219100,9548.656652
20685.345689,5403.503377,1838.629195,12287.418637
20685.346012,2368.659014,842.705048,9696.697840
20685.346336,1332.370696,-2987.772442,7105.977043
20685.346659,962.267725,-3140.991542,8956.491898
20685.346982,-1776.494261,-995.924147,11547.212695
20685.347306,-3478.967927,-1838.629195,10140.821405
20685.347629,-3108.864956,-3907.087040,7105.977043
20685.347952,-2590.720797,-2374.896044,8364.327145
20685.348275,-5107.421000,0.000000,9548.656652
20685.348599,-5625.565159,-1455.581446,8660.409521
20685.348922,-2368.659014,-3830.477490,5847.626942
20685.349245,-2368.659014,-919.314598,9770.718434
20685.349568,-3182.885551,1072.533697,12583.501014
20685.349892,-2072.576638,1455.581446,9844.739029
20685.350215,888.247130,229.828649,9474.636058
20685.350538,1332.370696,1225.752797,9844.739029
20685.350861,-1776.494261,4290.134789,9548.656652
20685.351185,0.000000,2145.067394,6735.874072
20685.351508,-592.164754,536.266849,5773.606348
20685.351831,-1998.556043,2451.505594,8512.368333
20685.352154,-1406.391290,2298.286494,7105.977043
20685.352478,-1332.370696,1838.629195,5773.606348
20685.352801,-222.061783,1991.848295,8512.368333
20685.353124,-1480.411884,4366.744339,10881.027347
20685.353448,-1924.535449,1838.629195,10288.862594
20685.353771,-592.164754,-766.095498,7698.141797
20685.354094,-1332.370696,153.219100,9474.636058
20685.354417,-2368.659014,0.000000,8216.285956
20685.354741,-1850.514855,-306.438199,7476.080014
20685.355064,0.000000,-919.314598,7698.141797
20685.355387,-518.144159,1455.581446,10955.047942
20685.355710,-2368.659014,1302.362347,11251.130318
20685.356034,-2738.761985,-1455.581446,7920.203579
20685.356357,-1332.370696,-2757.943793,7698.141797
20685.356680,-2368.659014,-2757.943793,10288.862594
20685.357003,-3256.906145,-1455.581446,10510.924376
20685.357327,74.020594,-2834.553343,7328.038826
20685.357650,1184.329507,-1685.410096,9104.533087
20685.357973,-1998.556043,-1532.190996,10436.903782
20685.358297,-2368.659014,-2834.553343,8512.368333
20685.358620,2516.700203,-4903.011187,8142.265362
20685.358943,4885.359217,-3217.601092,12213.398043
20685.359266,2368.659014,-919.314598,11843.295072
20685.359590,2590.720797,-1072.533697,9400.615463
20685.359913,7105.977043,-2451.505594,7920.203579
20685.360236,7328.038826,306.438199,10362.883188
20685.360559,4811.338623,919.314598,10436.903782
20685.360883,4441.235652,-1532.190996,8216.285956
20685.361206,6291.750507,-1532.190996,9474.636058
20685.361529,4663.297435,0.000000,12509.480420
20685.361852,888.247130,-229.828649,10658.965565
20685.362176,0.000000,-3524.039291,7550.100608
20685.362499,-74.020594,-3600.648841,9474.636058
20685.362822,-2294.638420,-1455.581446,11547.212695
20685.363145,-5107.421000,-1991.848295,9474.636058
20685.363469,-4811.338623,-3677.258390,8290.306550
20685.363792,-4293.194464,-3677.258390,8068.244768
20685.364115,-5773.606348,-2068.457845,7772.162391
20685.364439,-5477.523971,-1762.019645,6735.874072
20685.364762,-2516.700203,-1149.143247,8068.244768
20685.365085,-2220.617826,1838.629195,11695.253884
20685.365408,-3108.864956,1838.629195,10436.903782
20685.365732,-1850.514855,-459.657299,5773.606348
20685.366055,0.000000,-919.314598,7179.997637
20685.366378,-740.205942,1762.019645,10066.800811
20685.366701,-1110.308913,3217.601092,9548.656652
20685.367025,1480.411884,1762.019645,7624.121203
20685.367348,2368.659014,2528.115143,9178.553681
20685.367671,-592.164754,4213.525239,9770.718434
20685.367994,-2664.741391,1532.190996,6513.812290
20685.368318,-888.247130,-459.657299,5551.544565
20685.368641,0.000000,995.924147,9104.533087
20685.368964,-2368.659014,2757.943793,10584.944971
20685.369288,-3034.844362,1762.019645,9474.636058
20685.369611,-1554.432478,0.000000,7550.100608
20685.369934,-2738.761985,153.219100,9474.636058
20685.370257,-5403.503377,-306.438199,8364.327145
20685.370581,-3775.050304,-1838.629195,6587.832884
20685.370904,-592.164754,-2068.457845,8660.409521
20685.371227,-1480.411884,76.609550,10955.047942
20685.371550,-3627.009116,842.705048,9400.615463
20685.371874,-592.164754,-2681.334243,7179.997637
20685.372197,2294.638420,-1991.848295,9770.718434
20685.372520,444.123565,536.266849,12139.377449
20685.372843,296.082377,-383.047749,10214.842000
20685.373167,2664.741391,-2528.115143,8956.491898
20685.373490,4589.276840,-1915.238745,10807.006753
20685.373813,2590.720797,306.438199,11547.212695
20685.374137,2960.823768,-1378.971896,7698.141797
20685.374460,6143.709319,-2145.067394,6883.915261
20685.374783,6513.812290,766.095498,11251.130318
20685.375106,4219.173869,2451.505594,12287.418637
20685.375430,2738.761985,-383.047749,7846.182985
20685.375753,2960.823768,-2681.334243,5995.668130
20685.376076,2886.803174,-1608.800546,8068.244768
20685.376399,1924.535449,-919.314598,8956.491898
20685.376723,2368.659014,-1302.362347,9030.512492
20685.377046,2812.782580,-1225.752797,10955.047942
20685.377369,444.123565,536.266849,12213.398043
20685.377692,-1406.391290,-1838.629195,10066.800811
20685.378016,-592.164754,-4443.353888,7846.182985
20685.378339,-814.226536,-3983.696590,11399.171507
20685.378662,-2516.700203,-1838.629195,12065.356855
20685.378985,-2516.700203,-1149.143247,8734.430116
20685.379309,-1554.432478,-1838.629195,6217.729913
20685.379632,-2960.823768,-1915.238745,7920.203579
20685.379955,-4959.379811,153.219100,9104.533087
20685.380279,-4737.318029,-1378.971896,7698.141797
20685.380602,-2812.782580,-1685.410096,9252.574275
20685.380925,-2960.823768,-612.876398,9918.759623
20685.381248,-4515.256246,612.876398,9030.512492
20685.381572,-2294.638420,-612.876398,7698.141797
20685.381895,0.000000,842.705048,7698.141797
20685.382218,-1184.329507,2451.505594,10214.842000
20685.382541,-2220.617826,1991.848295,9178.553681
20685.382865,0.000000,689.485948,7994.224174
20685.383188,1332.370696,842.705048,9400.615463
20685.383511,-1332.370696,1225.752797,9548.656652
20685.383834,-3108.864956,842.705048,9474.636058
20685.384158,296.082377,-459.657299,7994.224174
20685.384481,148.041188,1685.410096,9178.553681
20685.384804,-3404.947333,2221.676944,10732.986159
20685.385128,-3256.906145,-229.828649,7328.038826
20685.385451,-1258.350101,-1302.362347,5995.668130
20685.385774,-1110.308913,-229.828649,8956.491898
20685.386097,-3775.050304,1149.143247,8734.430116
20685.386421,-3701.029710,-1225.752797,7254.018232
20685.386744,-1628.453072,-1608.800546,7772.162391
20685.387067,-1702.473667,-766.095498,9770.718434
20685.387391,-3404.947333,-1915.238745,9770.718434
20685.387714,-2738.761985,-3753.867940,8290.306550
20685.388037,0.000000,-3830.477490,9474.636058
20685.388361,1258.350101,-1149.143247,11251.130318
20685.388684,1776.494261,-995.924147,9252.574275
20685.389007,4219.173869,-1608.800546,9326.594869
20685.389331,6143.709319,153.219100,9992.780217
20685.389654,4885.359217,2298.286494,11695.253884
20685.389977,5847.626942,0.000000,9622.677246
20685.390300,6735.874072,-1225.752797,8956.491898
20685.390624,5847.626942,-689.485948,10140.821405
20685.390947,3701.029710,306.438199,9548.656652
20685.391270,4071.132681,-995.924147,7846.182985
20685.391594,3404.947333,-459.657299,9474.636058
20685.391917,1776.494261,995.924147,12731.542202
20685.392240,814.226536,-919.314598,8882.471304
20685.392564,-222.061783,-2834.553343,6735.874072
20685.392887,-1184.329507,-2911.162892,8290.306550
20685.393210,-1480.411884,-153.219100,9696.697840
20685.393533,-1924.535449,-383.047749,7994.224174
20685.393857,-814.226536,-1532.190996,7994.224174
20685.394180,-740.205942,459.657299,10510.924376
20685.394503,-3923.091493,995.924147,10955.047942
20685.394827,-3627.009116,-1302.362347,9252.574275
20685.395150,-1332.370696,-2681.334243,8438.347739
20685.395473,-2738.761985,-1378.971896,9030.512492
20685.395797,-5477.523971,-153.219100,8438.347739
20685.396120,-3701.029710,0.000000,7550.100608
20685.396443,-1776.494261,1455.581446,9178.553681
20685.396767,-3034.844362,1991.848295,10732.986159
20685.397090,-4737.318029,536.266849,8586.388927
20685.397413,-2812.782580,-1455.581446,6217.729913
20685.397736,-1702.473667,76.609550,8512.368333
20685.398060,-1036.288319,2221.676944,10362.883188
20685.398383,-1998.556043,1915.238745,7772.162391
20685.398706,-518.144159,-383.047749,6587.832884
20685.399030,296.082377,1532.190996,10362.883188
20685.399353,-2072.576638,3140.991542,10140.821405
20685.399676,-1998.556043,-536.266849,6809.894666
20685.400000,222.061783,-3217.601092,6735.874072
20685.400323,0.000000,-459.657299,11029.068536
20685.400646,-2368.659014,1225.752797,11325.150913
20685.400969,-962.267725,-459.657299,8142.265362
20685.401293,-222.061783,-1915.238745,7105.977043
20685.401616,-1628.453072,-995.924147,9548.656652
20685.401939,-2072.576638,-1455.581446,8364.327145
20685.402263,0.000000,-2834.553343,8142.265362
20685.402586,-592.164754,-3140.991542,10510.924376
20685.402909,-4219.173869,-1762.019645,11103.089130
20685.403233,-2590.720797,-3830.477490,7550.100608
20685.403556,296.082377,-4979.620737,6661.853478
20685.403879,2146.597232,-2834.553343,12139.377449
20685.404203,1628.453072,-995.924147,11399.171507
20685.404526,3034.844362,-1991.848295,9696.697840
20685.404849,5625.565159,-2451.505594,9844.739029
20685.405172,5625.565159,229.828649,11621.233289
20685.405496,5847.626942,459.657299,10807.006753
20685.405819,6587.832884,0.000000,9252.574275
20685.406142,7179.997637,0.000000,9474.636058
20685.406466,5995.668130,1685.410096,11843.295072
20685.406789,3034.844362,0.000000,9548.656652
20685.407112,2738.761985,-1915.238745,8216.285956
20685.407436,2516.700203,-1991.848295,9252.574275
20685.407759,-296.082377,-689.485948,9474.636058
20685.408082,-1554.432478,-383.047749,9844.739029
20685.408405,0.000000,-1149.143247,8364.327145
20685.408729,-666.185348,459.657299,7698.141797
20685.409052,-4885.359217,0.000000,7846.182985
20685.409375,-5033.400406,-1149.143247,6957.935855
20685.409699,-1998.556043,-536.266849,7624.121203
20685.410022,-3034.844362,766.095498,8956.491898
20685.410345,-5773.606348,1072.533697,7994.224174
20685.410669,-4737.318029,-919.314598,6809.894666
20685.410992,-2960.823768,-612.876398,8734.430116
20685.411315,-3034.844362,919.314598,11917.315666
20685.411638,-4441.235652,306.438199,9696.697840
20685.411962,-3256.906145,-612.876398,7328.038826
20685.412285,-1628.453072,-306.438199,8808.450710
20685.412608,-1628.453072,1838.629195,9252.574275
20685.412932,-1036.288319,1991.848295,7772.162391
20685.413255,1110.308913,1149.143247,7624.121203
20685.413578,2368.659014,3600.648841,9474.636058
20685.413902,666.185348,4290.134789,10214.842000
20685.414225,-888.247130,1532.190996,9400.615463
20685.414548,-518.144159,-919.314598,7254.018232
20685.414872,-518.144159,-383.047749,8808.450710
20685.415195,-2072.576638,-306.438199,9548.656652
20685.415518,-2516.700203,-1915.238745,7846.182985
20685.415841,-1998.556043,-1302.362347,9178.553681
20685.416165,-3182.885551,153.219100,12213.398043
20685.416488,-4219.173869,-919.314598,10436.903782
20685.416811,-2664.741391,-3983.696590,6217.729913
20685.417135,-2738.761985,-4903.011187,8660.409521
20685.417458,-3330.926739,-1838.629195,10288.862594
20685.417781,-2146.597232,-689.485948,10288.862594
20685.418105,666.185348,-2374.896044,9030.512492
20685.418428,444.123565,-1608.800546,9178.553681
20685.418751,-148.041188,-995.924147,9770.718434
20685.419074,1110.308913,-2068.457845,8512.368333
20685.419398,2664.741391,-2757.943793,9252.574275
20685.419721,4589.276840,-1225.752797,11029.068536
20685.420044,3404.947333,0.000000,10140.821405
20685.420368,4219.173869,-1532.190996,9104.533087
20685.420691,6513.812290,-1149.143247,8216.285956
20685.421014,5551.544565,1455.581446,10362.883188
20685.421338,4071.132681,766.095498,11177.109724
20685.421661,4885.359217,-995.924147,9770.718434
20685.421984,5773.606348,-1225.752797,8882.471304
20685.422308,2368.659014,-1685.410096,9770.718434
20685.422631,-740.205942,-1149.143247,9400.615463
20685.422954,518.144159,-2068.457845,8586.388927
20685.423277,740.205942,-1225.752797,10510.924376
20685.423601,-1998.556043,-612.876398,11029.068536
20685.423924,-4071.132681,-2145.067394,7550.100608
20685.424247,-4145.153275,-3830.477490,7105.977043
20685.424571,-3701.029710,-3524.039291,8882.471304
20685.424894,-4515.256246,-306.438199,9400.615463
20685.425217,-3701.029710,-766.095498,8216.285956
20685.425541,-1776.494261,-306.438199,8734.430116
20685.425864,-1480.411884,1991.848295,9918.759623
20685.426187,-2368.659014,2145.067394,9030.512492
20685.426510,-1998.556043,0.000000,7254.018232
20685.426834,-296.082377,-995.924147,6661.853478
20685.427157,0.000000,1455.581446,9252.574275
20685.427480,-444.123565,2834.553343,10140.821405
20685.427804,666.185348,1915.238745,9178.553681
20685.428127,1924.535449,2298.286494,9844.739029
20685.428450,148.041188,2757.943793,10510.924376
20685.428774,-592.164754,2298.286494,7476.080014
20685.429097,0.000000,459.657299,7031.956449
20685.429420,592.164754,536.266849,7698.141797
20685.429744,-1702.473667,2221.676944,10362.883188
20685.430067,-3330.926739,1685.410096,9030.512492
20685.430390,-1850.514855,0.000000,7624.121203
20685.430713,-1850.514855,76.609550,9474.636058
20685.431037,-3627.009116,76.609550,9400.615463
20685.431360,-4145.153275,-2145.067394,7476.080014
20685.431683,-4663.297435,-3447.429741,6513.812290
20685.432007,-5107.421000,-2757.943793,8586.388927
20685.432330,-5625.565159,-1991.848295,8734.430116
20685.432653,-3256.906145,-3600.648841,7994.224174
20685.432977,-370.102971,-3370.820191,9844.739029
20685.433300,0.000000,-1685.410096,12583.501014
20685.433623,962.267725,-229.828649,12805.562797
20685.433946,3552.988522,-2834.553343,9400.615463
20685.434270,5181.441594,-2528.115143,9696.697840
20685.434593,3849.070898,-842.705048,11621.233289
20685.434916,3404.947333,-459.657299,10140.821405
20685.435240,7328.038826,-1149.143247,8660.409521
20685.435563,6957.935855,0.000000,11991.336260
20685.435886,2664.741391,536.266849,10881.027347
20685.436210,2516.700203,-1378.971896,7994.224174
20685.436533,5329.482782,-2604.724693,8512.368333
20685.436856,3997.112087,-766.095498,9992.780217
20685.437180,444.123565,0.000000,9400.615463
20685.437503,1702.473667,-2604.724693,5329.482782
20685.437826,2590.720797,-1302.362347,7846.182985
20685.438149,888.247130,1991.848295,11695.253884
20685.438473,-1110.308913,1149.143247,9474.636058
20685.438796,-1924.535449,-3217.601092,7179.997637
20685.439119,-2072.576638,-4060.306139,9104.533087
20685.439443,-4071.132681,-1378.971896,10066.800811
20685.439766,-4219.173869,-1685.410096,8808.450710
20685.440089,-1924.535449,-2451.505594,9030.512492
20685.440413,-2368.659014,0.000000,10658.965565
20685.440736,-4145.153275,1608.800546,9030.512492
20685.441059,-3552.988522,-612.876398,6661.853478
20685.441382,-1480.411884,-1225.752797,7476.080014
20685.441706,-740.205942,1608.800546,10436.903782
20685.442029,-1850.514855,2068.457845,9178.553681
20685.442352,-592.164754,766.095498,7402.059420
20685.442676,962.267725,1685.410096,8808.450710
20685.442999,-370.102971,3830.477490,11399.171507
20685.443322,-518.144159,2604.724693,9474.636058
20685.443646,296.082377,76.609550,7476.080014
20685.443969,740.205942,766.095498,8956.491898
20685.444292,-444.123565,1991.848295,9548.656652
20685.444615,-2220.617826,1455.581446,7179.997637
20685.444939,-1258.350101,612.876398,7920.203579
20685.445262,-1406.391290,1685.410096,10066.800811
20685.445585,-3478.967927,1532.190996,9696.697840
20685.445909,-3256.906145,-1225.752797,7698.141797
20685.446232,-2664.741391,-2604.724693,6809.894666
20685.446555,-4737.318029,-1608.800546,9252.574275
20685.446879,-5625.565159,-1532.190996,9474.636058
20685.447202,-3330.926739,-2298.286494,7698.141797
20685.447525,-2368.659014,-2374.896044,9104.533087
20685.447849,-3923.091493,-1302.362347,10066.800811
20685.448172,-3923.091493,-2068.457845,9178.553681
20685.448495,-1184.329507,-4136.915689,7994.224174
20685.448818,1332.370696,-3064.381992,10066.800811
20685.449142,1924.535449,-612.876398,11473.192101
20685.449465,2664.741391,-766.095498,9474.636058
20685.449788,5033.400406,-2298.286494,9252.574275
20685.450112,6809.894666,229.828649,11621.233289
20685.450435,6513.812290,842.705048,12583.501014
20685.450758,6513.812290,-383.047749,10584.944971
20685.451082,7846.182985,-1762.019645,9030.512492
20685.451405,7476.080014,-995.924147,9992.780217
20685.451728,4145.153275,0.000000,10214.842000
20685.452051,3478.967927,-995.924147,8512.368333
20685.452375,4663.297435,-229.828649,9252.574275
20685.452698,3330.926739,0.000000,10214.842000
20685.453021,-370.102971,-689.485948,9104.533087
20685.453345,-1332.370696,-2298.286494,6957.935855
20685.453668,-1110.308913,-2221.676944,8290.306550
20685.453991,-3108.864956,-1225.752797,9326.594869
20685.454315,-4737.318029,-1608.800546,7254.018232
20685.454638,-3330.926739,-2604.724693,5995.668130
20685.454961,-2812.782580,-1225.752797,9030.512492
20685.455285,-4071.132681,536.266849,10732.986159
20685.455608,-3478.967927,0.000000,9474.636058
20685.455931,-2220.617826,-1608.800546,8586.388927
20685.456254,-2294.638420,-1225.752797,9030.512492
20685.456578,-2368.659014,0.000000,8512.368333
20685.456901,-1554.432478,383.047749,7698.141797
20685.457224,-444.123565,919.314598,9474.636058
20685.457548,-518.144159,3830.477490,11547.212695
20685.457871,-592.164754,3064.381992,9622.677246
20685.458194,-740.205942,459.657299,7031.956449
20685.458518,296.082377,0.000000,7624.121203
20685.458841,-814.226536,1302.362347,9030.512492
20685.459164,-2664.741391,2451.505594,7698.141797
20685.459487,-888.247130,1072.533697,7402.059420
20685.459811,-370.102971,1149.143247,8734.430116
20685.460134,-3182.885551,1608.800546,8734.430116
20685.460457,-4441.235652,-536.266849,8956.491898
20685.460781,-1850.514855,-2987.772442,6439.791695
20685.461104,-2368.659014,-1072.533697,9844.739029
20685.461427,-2960.823768,-689.485948,11251.130318
20685.461751,-1110.308913,-459.657299,8882.471304
20685.462074,74.020594,-1378.971896,9474.636058
20685.462397,-2220.617826,-842.705048,10510.924376
20685.462721,-2886.803174,-842.705048,9178.553681
20685.463044,-666.185348,-2681.334243,8512.368333
20685.463367,1776.494261,-3447.429741,9918.759623
20685.463690,1036.288319,-1915.238745,11621.233289
20685.464014,-962.267725,-1991.848295,10066.800811
20685.464337,444.123565,-2681.334243,7846.182985
20685.464660,3997.112087,-1072.533697,9844.739029
20685.464984,2886.803174,306.438199,11029.068536
20685.465307,2220.617826,-842.705048,10288.862594
20685.465630,4663.297435,-1991.848295,8438.347739
20685.465954,5255.462188,-1378.971896,8586.388927
20685.466277,2442.679609,0.000000,9622.677246
20685.466600,2664.741391,-536.266849,8956.491898
20685.466923,4959.379811,-842.705048,8660.409521
20685.467247,3923.091493,229.828649,12139.377449
20685.467570,1628.453072,229.828649,12065.356855
20685.467893,1258.350101,-2374.896044,8068.244768
20685.468217,1036.288319,-3140.991542,7846.182985
20685.468540,-370.102971,-1532.190996,9770.718434
20685.468863,-370.102971,306.438199,9474.636058
20685.469187,1184.329507,-919.314598,7772.162391
20685.469510,666.185348,0.000000,8808.450710
20685.469833,-1258.350101,1762.019645,10288.862594
20685.470157,-2960.823768,919.314598,9252.574275
20685.470480,-1702.473667,-1225.752797,9104.533087
20685.470803,-592.164754,-229.828649,9104.533087
20685.471126,-3775.050304,1455.581446,9918.759623
20685.471450,-4293.194464,-306.438199,8068.244768
20685.471773,-3923.091493,-153.219100,7624.121203
20685.472096,-3108.864956,842.705048,9326.594869
20685.472420,-4515.256246,1378.971896,9474.636058
20685.472743,-4589.276840,-153.219100,6957.935855
20685.473066,-2960.823768,0.000000,8438.347739
20685.473390,-3034.844362,1991.848295,10214.842000
20685.473713,-3701.029710,2374.896044,9104.533087
20685.474036,74.020594,1225.752797,7254.018232
20685.474359,1702.473667,1991.848295,7920.203579
20685.474683,-518.144159,3294.210641,9252.574275
20685.475006,-1998.556043,2221.676944,7994.224174
20685.475329,444.123565,1149.143247,7105.977043
20685.475653,1258.350101,995.924147,9474.636058
20685.475976,-1110.308913,536.266849,9178.553681
20685.476299,-1258.350101,-383.047749,7476.080014
20685.476623,0.000000,-1762.019645,7994.224174
20685.476946,0.000000,0.000000,10214.842000
20685.477269,-2886.803174,229.828649,11325.150913
20685.477592,-2886.803174,-2987.772442,7624.121203
20685.477916,-1480.411884,-4366.744339,7920.203579
20685.478239,-740.205942,-3677.258390,10436.903782
20685.478562,-2294.638420,-2451.505594,10584.944971
20685.478886,-1332.370696,-5209.449386,9178.553681
20685.479209,666.185348,-4366.744339,9622.677246
20685.479532,-148.041188,-1915.238745,13989.892304
20685.479856,-740.205942,-2374.896044,11621.233289
20685.480179,1184.329507,-5975.544884,8068.244768
20685.480502,2738.761985,-5362.668486,9326.594869
20685.480826,3182.885551,-2145.067394,10436.903782
20685.481149,3849.070898,-689.485948,8068.244768
20685.481472,6291.750507,-1072.533697,8512.368333
20685.481795,6291.750507,1225.752797,10955.047942
20685.482119,4515.256246,2681.334243,10658.965565
20685.482442,3478.967927,-689.485948,9030.512492
20685.482765,3552.988522,-3064.381992,7624.121203
20685.483089,2812.782580,-842.705048,10584.944971
20685.483412,518.144159,-766.095498,10732.986159
20685.483735,-592.164754,-1838.629195,9474.636058
20685.484059,-518.144159,-1072.533697,9400.615463
20685.484382,-1480.411884,0.000000,9844.739029
20685.484705,-3849.070898,-842.705048,8290.306550
20685.485028,-2516.700203,-2911.162892,6217.729913
20685.485352,-1480.411884,-536.266849,8586.388927
20685.485675,-2738.761985,1455.581446,9770.718434
20685.485998,-2590.720797,1302.362347,6809.894666
20685.486322,-444.123565,766.095498,5699.585753
20685.486645,-2072.576638,2221.676944,8364.327145
20685.486968,-3775.050304,3064.381992,9770.718434
20685.487291,-2368.659014,689.485948,6439.791695
20685.487615,-1776.494261,-536.266849,7476.080014
20685.487938,-4293.194464,689.485948,9844.739029
20685.488261,-4959.379811,1455.581446,8364.327145
20685.488585,-2886.803174,-536.266849,8142.265362
20685.488908,740.205942,383.047749,9400.615463
20685.489231,592.164754,3140.991542,10584.944971
20685.489554,-1554.432478,2834.553343,10955.047942
20685.489878,-370.102971,383.047749,7179.997637
20685.490201,2590.720797,1991.848295,7994.224174
20685.490524,1554.432478,2528.115143,9918.759623
20685.490848,-1776.494261,1608.800546,7994.224174
20685.491171,222.061783,-229.828649,7328.038826
20685.491494,814.226536,842.705048,11177.109724
20685.491817,-2072.576638,459.657299,11769.274478
20685.492141,-3108.864956,-1608.800546,8364.327145
20685.492464,-2590.720797,-3677.258390,7698.141797
20685.492787,-2960.823768,-2451.505594,10807.006753
20685.493111,-2738.761985,-1225.752797,10436.903782
20685.493434,-1184.329507,-2987.772442,5995.668130
20685.493757,-222.061783,-3370.820191,8660.409521
20685.494080,-1184.329507,-919.314598,11325.150913
20685.494404,-740.205942,-1762.019645,9622.677246
20685.494727,2146.597232,-3983.696590,8068.244768
20685.495050,2220.617826,-2451.505594,11325.150913
20685.495373,2442.679609,-1378.971896,11177.109724
20685.495697,2442.679609,-2145.067394,9844.739029
20685.496020,4811.338623,-3753.867940,8660.409521
20685.496343,5847.626942,-536.266849,10214.842000
20685.496667,4071.132681,459.657299,10584.944971
20685.496990,3108.864956,-1072.533697,8068.244768
20685.497313,4663.297435,-1225.752797,7920.203579
20685.497636,4737.318029,-229.828649,10436.903782
20685.497960,2220.617826,0.000000,11473.192101
20685.498283,2368.659014,-1455.581446,8956.491898
20685.498606,2886.803174,-536.266849,9252.574275
20685.498930,1184.329507,0.000000,10214.842000
20685.499253,-2442.679609,-459.657299,9844.739029
20685.499576,-1036.288319,-2451.505594,6957.935855
20685.499899,-592.164754,-1608.800546,7550.100608
20685.500223,-2590.720797,0.000000,10510.924376
20685.500546,-3404.947333,0.000000,8512.368333
20685.500869,-2516.700203,-1072.533697,6365.771101
20685.501193,-2220.617826,-612.876398,8956.491898
20685.501516,-5625.565159,995.924147,9992.780217
20685.501839,-5403.503377,-76.609550,7624.121203
20685.502162,-2516.700203,-1455.581446,7179.997637
20685.502486,-1998.556043,-383.047749,9548.656652
20685.502809,-4811.338623,1302.362347,9622.677246
20685.503132,-4441.235652,0.000000,8068.244768
20685.503455,-1184.329507,-612.876398,7402.059420
20685.503779,-1184.329507,1915.238745,11917.315666
20685.504102,-3256.906145,2528.115143,11843.295072
20685.504425,-2590.720797,-383.047749,7698.141797
20685.504749,1406.391290,-1991.848295,7550.100608
20685.505072,-222.061783,612.876398,9252.574275
20685.505395,-1036.288319,2221.676944,8512.368333
20685.505718,962.267725,919.314598,6809.894666
20685.506042,1332.370696,1608.800546,9400.615463
20685.506365,0.000000,2911.162892,11917.315666
20685.506688,-740.205942,689.485948,9844.739029
20685.507012,-518.144159,-3217.601092,7476.080014
20685.507335,-1406.391290,-3140.991542,10288.862594
20685.507658,-3330.926739,-1608.800546,9696.697840
20685.507981,-2146.597232,-2221.676944,8290.306550
20685.508305,-888.247130,-2221.676944,9474.636058
20685.508628,-2146.597232,-612.876398,10658.965565
20685.508951,-2368.659014,-1915.238745,8142.265362
20685.509275,-1036.288319,-3447.429741,7105.977043
20685.509598,1332.370696,-3064.381992,8586.388927
20685.509921,296.082377,0.000000,10658.965565
20685.510244,0.000000,-459.657299,9400.615463
20685.510568,1924.535449,-1915.238745,7846.182985
20685.510891,3701.029710,-153.219100,9474.636058
20685.511214,3701.029710,76.609550,10436.903782
20685.511538,3849.070898,-1072.533697,9252.574275
20685.511861,6365.771101,-1378.971896,9178.553681
20685.512184,6217.729913,536.266849,11473.192101
20685.512507,3701.029710,1149.143247,11251.130318
20685.512831,4441.235652,-536.266849,8512.368333
20685.513154,5625.565159,-536.266849,8142.265362
20685.513477,4219.173869,995.924147,10436.903782
20685.513800,2294.638420,919.314598,10955.047942
20685.514124,1998.556043,-383.047749,8882.471304
20685.514447,1776.494261,-919.314598,9030.512492
20685.514770,-1258.350101,-459.657299,9030.512492
20685.515094,-3775.050304,-383.047749,7402.059420
20685.515417,-2812.782580,-1455.581446,7105.977043
20685.515740,-2738.761985,-383.047749,8438.347739
20685.516063,-5255.462188,995.924147,9474.636058
20685.516387,-6735.874072,-919.314598,7031.956449
20685.516710,-5995.668130,-3064.381992,6365.771101
20685.517033,-4737.318029,-2221.676944,8438.347739
20685.517357,-4589.276840,-306.438199,9622.677246
20685.517680,-2812.782580,0.000000,9474.636058
20685.518003,-518.144159,1378.971896,9992.780217
20685.518326,74.020594,2604.724693,10584.944971
20685.518650,-444.123565,2911.162892,9992.780217
20685.518973,-666.185348,76.609550,8068.244768
20685.519296,592.164754,153.219100,8660.409521
20685.519620,592.164754,919.314598,10584.944971
20685.519943,-814.226536,919.314598,10066.800811
20685.520266,-888.247130,306.438199,9178.553681
20685.520589,-740.205942,536.266849,8586.388927
20685.520913,-1480.411884,1072.533697,9770.718434
20685.521236,-2738.761985,-229.828649,8660.409521
20685.521559,-3108.864956,-1838.629195,7476.080014
20685.521882,-2220.617826,-2145.067394,7772.162391
20685.522206,-4145.153275,-1915.238745,7772.162391
20685.522529,-3256.906145,-1532.190996,7328.038826
20685.522852,0.000000,-1072.533697,7994.224174
20685.523176,-814.226536,-612.876398,8512.368333
20685.523499,-2738.761985,-689.485948,10288.862594
20685.523822,-1332.370696,-2451.505594,9104.533087
20685.524145,296.082377,-3753.867940,8734.430116
20685.524469,0.000000,-4749.792088,9696.697840
20685.524792,-74.020594,-4443.353888,9104.533087
20685.525115,2072.576638,-2987.772442,9326.594869
20685.525439,4219.173869,-995.924147,13027.624579
20685.525762,3849.070898,1072.533697,13101.645173
20685.526085,4293.194464,-536.266849,9326.594869
20685.526408,6291.750507,-2374.896044,7105.977043
20685.526732,6587.832884,-919.314598,10140.821405
20685.527055,5255.462188,1302.362347,10807.006753
20685.527378,4441.235652,1608.800546,8956.491898
20685.527702,5107.421000,153.219100,8290.306550
20685.528025,3256.906145,229.828649,10214.842000
20685.528348,296.082377,306.438199,9992.780217
20685.528671,-370.102971,-2221.676944,9474.636058
20685.528995,0.000000,-3370.820191,9770.718434
20685.529318,-1628.453072,-1762.019645,11621.233289
20685.529641,-3701.029710,-995.924147,9844.739029
20685.529965,-2664.741391,-1378.971896,7179.997637
20685.530288,-740.205942,-383.047749,7254.018232
20685.530611,-2664.741391,1915.238745,8438.347739
20685.530934,-3923.091493,995.924147,7328.038826
20685.531258,-2664.741391,-919.314598,6735.874072
20685.531581,-2516.700203,0.000000,8142.265362
20685.531904,-3849.070898,919.314598,9326.594869
20685.532227,-4737.318029,0.000000,8216.285956
20685.532551,-2368.659014,-612.876398,6883.915261
20685.532874,-1924.535449,1915.238745,9696.697840
20685.533197,-2812.782580,2528.115143,10658.965565
20685.533521,-2442.679609,919.314598,8290.306550
20685.533844,-962.267725,0.000000,6957.935855
20685.534167,-740.205942,1149.143247,8956.491898
20685.534490,-222.061783,2528.115143,9844.739029
20685.534814,1924.535449,2451.505594,9252.574275
20685.535137,2886.803174,2987.772442,9844.739029
20685.535460,1776.494261,3294.210641,10658.965565
20685.535784,0.000000,919.314598,10510.924376
20685.536107,-370.102971,-1149.143247,7772.162391
20685.536430,-74.020594,-1225.752797,7698.141797
20685.536753,-1332.370696,-612.876398,9326.594869
20685.537077,-3552.988522,-766.095498,10066.800811
20685.537400,-2294.638420,-1149.143247,8216.285956
20685.537723,-1332.370696,-1072.533697,7920.203579
20685.538047,-4737.318029,-1455.581446,9474.636058
20685.538370,-5403.503377,-3064.381992,7624.121203
20685.538693,-2516.700203,-4366.744339,6661.853478
20685.539016,-1554.432478,-4596.572988,8734.430116
20685.539340,-2590.720797,-2604.724693,10584.944971
20685.539663,-1628.453072,-1915.238745,9548.656652
20685.539986,2368.659014,-2834.553343,9696.697840
20685.540309,2368.659014,-2068.457845,10436.903782
20685.540633,1036.288319,-1685.410096,10066.800811
20685.540956,2664.741391,-2451.505594,9326.594869
20685.541279,6143.709319,-1915.238745,10510.924376
20685.541603,6513.812290,-536.266849,11695.253884
20685.541926,6069.688724,0.000000,10436.903782
20685.542249,6143.709319,-612.876398,8956.491898
20685.542572,6587.832884,919.314598,9696.697840
20685.542896,4145.153275,1915.238745,12657.521608
20685.543219,1184.329507,-1302.362347,9622.677246
20685.543542,1554.432478,-2528.115143,8808.450710
20685.543866,1110.308913,-2298.286494,9844.739029
20685.544189,-592.164754,-995.924147,9400.615463
20685.544512,-2442.679609,-1072.533697,8808.450710
20685.544835,-1924.535449,-766.095498,8290.306550
20685.545159,-2294.638420,1302.362347,9548.656652
20685.545482,-4071.132681,76.609550,7254.018232
20685.545805,-4589.276840,-1915.238745,5107.421000
20685.546129,-4367.215058,-1685.410096,6809.894666
20685.546452,-4737.318029,229.828649,10066.800811
20685.546775,-4219.173869,919.314598,8808.450710
20685.547098,-3775.050304,-536.266849,7550.100608
20685.547422,-2368.659014,612.876398,9770.718434
20685.547745,-3330.926739,1532.190996,10510.924376
20685.548068,-3256.906145,-153.219100,9696.697840
20685.548392,-740.205942,-1225.752797,9400.615463
20685.548715,-1036.288319,689.485948,9992.780217
20685.549038,-1110.308913,1838.629195,8438.347739
20685.549361,518.144159,1455.581446,5921.647536
20685.549685,2294.638420,2911.162892,7550.100608
20685.550008,2812.782580,4903.011187,10881.027347
20685.550331,592.164754,4979.620737,10066.800811
20685.550654,1332.370696,1455.581446,6661.853478
20685.550978,1776.494261,0.000000,7772.162391
20685.551301,0.000000,153.219100,8290.306550
20685.551624,-2146.597232,306.438199,9326.594869
20685.551948,-1184.329507,-612.876398,8216.285956
20685.552271,0.000000,689.485948,9178.553681
20685.552594,-2590.720797,383.047749,10362.883188
20685.552917,-3997.112087,-2528.115143,7624.121203
20685.553241,-2294.638420,-3677.258390,8068.244768
20685.553564,-888.247130,-2451.505594,10955.047942
20685.553887,-1110.308913,0.000000,10807.006753
20685.554211,74.020594,-1302.362347,8882.471304
20685.554534,2368.659014,-2681.334243,7550.100608
20685.554857,444.123565,229.828649,11695.253884
20685.555180,0.000000,0.000000,10288.862594
20685.555504,962.267725,-1532.190996,7698.141797
20685.555827,3923.091493,-3907.087040,8808.450710
20685.556150,1184.329507,-1762.019645,9844.739029
20685.556474,-666.185348,-1455.581446,9548.656652
20685.556797,2072.576638,-2604.724693,8438.347739
20685.557120,2960.823768,-1455.581446,11399.171507
20685.557443,1480.411884,-1225.752797,11251.130318
20685.557767,370.102971,-2451.505594,8660.409521
20685.558090,2590.720797,-3447.429741,7031.956449
20685.558413,3034.844362,-1532.190996,9400.615463
20685.558736,2146.597232,-306.438199,9918.759623
20685.559060,1998.556043,-306.438199,7624.121203
20685.559383,2738.761985,-1378.971896,7476.080014
20685.559706,2220.617826,0.000000,10436.903782
20685.560030,-888.247130,-612.876398,10658.965565
20685.560353,-2294.638420,-3370.820191,8586.388927
20685.560676,-1628.453072,-4673.182538,8068.244768
20685.560999,-2886.803174,-3294.210641,9548.656652
20685.561323,-4737.318029,-3447.429741,9030.512492
20685.561646,-3997.112087,-2757.943793,9400.615463
20685.561969,-2812.782580,-1378.971896,10436.903782
20685.562293,-5033.400406,-689.485948,10510.924376
20685.562616,-5329.482782,-2221.676944,8438.347739
20685.562939,-3034.844362,-2374.896044,7179.997637
20685.563262,-1702.473667,-459.657299,9918.759623
20685.563586,-2738.761985,229.828649,10881.027347
20685.563909,-2368.659014,-306.438199,8586.388927
20685.564232,74.020594,-459.657299,6735.874072
20685.564556,74.020594,1762.019645,9844.739029
20685.564879,-962.267725,2145.067394,10510.924376
20685.565202,-370.102971,919.314598,8512.368333
20685.565525,1998.556043,-383.047749,7920.203579
20685.565849,1110.308913,842.705048,9696.697840
20685.566172,-1110.308913,2068.457845,9178.553681
20685.566495,0.000000,919.314598,7254.018232
20685.566819,2072.576638,2145.067394,9474.636058
20685.567142,1110.308913,3217.601092,10140.821405
20685.567465,-1406.391290,2221.676944,8216.285956
20685.567788,222.061783,-1072.533697,4959.379811
20685.568112,814.226536,-459.657299,7105.977043
20685.568435,-740.205942,1838.629195,9622.677246
20685.568758,-1776.494261,2145.067394,10510.924376
20685.569081,740.205942,0.000000,9252.574275
20685.569405,1406.391290,459.657299,9474.636058
20685.569728,-1998.556043,689.485948,11029.068536
20685.570051,-2146.597232,-229.828649,9030.512492
20685.570375,0.000000,-2604.724693,7624.121203
20685.570698,962.267725,-1225.752797,9992.780217
20685.571021,0.000000,383.047749,9992.780217
20685.571344,74.020594,76.609550,8216.285956
20685.571668,1702.473667,76.609550,8882.471304
20685.571991,1258.350101,1532.190996,10510.924376
20685.572314,518.144159,536.266849,7920.203579
20685.572638,592.164754,-1378.971896,6143.709319
20685.572961,1702.473667,-153.219100,9252.574275
20685.573284,1850.514855,689.485948,9326.594869
20685.573607,1776.494261,459.657299,7402.059420
20685.573931,3849.070898,-459.657299,8364.327145
20685.574254,4663.297435,1608.800546,10288.862594
20685.574577,3404.947333,2451.505594,11251.130318
20685.574901,3256.906145,-536.266849,9474.636058
20685.575224,3849.070898,-919.314598,9104.533087
20685.575547,2442.679609,-1455.581446,10732.986159
20685.575870,444.123565,-459.657299,9030.512492
20685.576194,1776.494261,-1455.581446,8660.409521
20685.576517,962.267725,-459.657299,9844.739029
20685.576840,-1850.514855,-306.438199,10214.842000
20685.577163,-4663.297435,-2757.943793,8364.327145
20685.577487,-4515.256246,-4673.182538,6883.915261
20685.577810,-5107.421000,-4213.525239,9030.512492
20685.578133,-6883.915261,-3217.601092,10362.883188
20685.578457,-6587.832884,-4060.306139,9030.512492
20685.578780,-4737.318029,-3447.429741,10140.821405
20685.579103,-2886.803174,-919.314598,10658.965565
20685.579426,-4515.256246,-766.095498,8956.491898
20685.579750,-3627.009116,-2834.553343,7105.977043
20685.580073,-962.267725,-2528.115143,6957.935855
20685.580396,518.144159,-383.047749,8512.368333
20685.580720,-1480.411884,-76.609550,9326.594869
20685.581043,-1332.370696,-1072.533697,9252.574275
20685.581366,962.267725,-383.047749,10140.821405
20685.581689,1036.288319,306.438199,11325.150913
20685.582013,-592.164754,-1072.533697,11473.192101
20685.582336,148.041188,-2604.724693,8512.368333
20685.582659,518.144159,-1608.800546,10214.842000
20685.582983,-518.144159,-1762.019645,9844.739029
20685.583306,-1850.514855,-1302.362347,8586.388927
20685.583629,-1776.494261,-2374.896044,7031.956449
20685.583952,-1258.350101,-1225.752797,8586.388927
20685.584276,-2590.720797,-383.047749,9770.718434
20685.584599,-4145.153275,-2451.505594,7772.162391
20685.584922,-2516.700203,-3830.477490,7476.080014
20685.585246,-1184.329507,-2681.334243,8734.430116
