#time,accel_x,accel_y,accel_z
1163.770429,666.185348,306.438199,9844.739029
1163.770755,-592.164754,612.876398,9030.512492
1163.771081,-592.164754,919.314598,8882.471304
1163.771407,296.082377,536.266849,9400.615463
1163.771733,-370.102971,0.000000,9474.636058
1163.772059,-1776.494261,383.047749,8586.388927
1163.772385,-962.267725,842.705048,8660.409521
1163.772711,-148.041188,536.266849,9252.574275
1163.773037,-370.102971,0.000000,9104.533087
1163.773363,-592.164754,383.047749,9474.636058
1163.773689,0.000000,1149.143247,8660.409521
1163.774015,962.267725,766.095498,9030.512492
1163.774341,1406.391290,229.828649,9696.697840
1163.774667,962.267725,1072.533697,9474.636058
1163.774993,0.000000,1685.410096,9030.512492
1163.775319,518.144159,919.314598,9326.594869
1163.775645,1110.308913,0.000000,9770.718434
1163.775971,-444.123565,229.828649,9474.636058
1163.776297,-444.123565,1149.143247,9252.574275
1163.776623,296.082377,1455.581446,8956.491898
1163.776949,296.082377,459.657299,9178.553681
1163.777275,-296.082377,76.609550,9696.697840
1163.777601,0.000000,1302.362347,8882.471304
1163.777928,148.041188,1991.848295,8734.430116
1163.778254,1184.329507,1225.752797,9548.656652
1163.778580,740.205942,536.266849,9252.574275
1163.778906,296.082377,1149.143247,9252.574275
1163.779232,222.061783,2145.067394,9474.636058
1163.779558,1110.308913,1225.752797,9474.636058
1163.779884,740.205942,229.828649,9844.739029
1163.780210,222.061783,919.314598,9326.594869
1163.780536,1332.370696,1915.238745,9548.656652
1163.780862,1998.556043,1762.019645,9474.636058
1163.781188,2442.679609,1685.410096,10066.800811
1163.781514,2738.761985,1915.238745,10214.842000
1163.781840,2960.823768,2911.162892,9400.615463
1163.782166,4367.215058,3140.991542,9696.697840
1163.782492,4441.235652,2451.505594,10066.800811
1163.782818,3478.967927,2604.724693,9474.636058
1163.783144,3404.947333,3753.867940,9326.594869
1163.783470,4367.215058,3907.087040,8734.430116
1163.783796,3627.009116,3447.429741,9104.533087
1163.784122,2294.638420,3140.991542,8290.306550
1163.784448,2072.576638,3753.867940,7772.162391
1163.784774,2590.720797,3677.258390,8142.265362
1163.785100,1850.514855,3370.820191,8290.306550
1163.785427,1036.288319,3447.429741,8068.244768
1163.785753,1258.350101,4519.963438,7550.100608
1163.786079,1480.411884,3907.087040,7994.224174
1163.786405,1702.473667,3524.039291,8660.409521
1163.786731,1258.350101,3524.039291,8808.450710
1163.787057,370.102971,4136.915689,8290.306550
1163.787383,1628.453072,3753.867940,8882.471304
1163.787709,2442.679609,3447.429741,9622.677246
1163.788035,1628.453072,2834.553343,9992.780217
1163.788361,1554.432478,3370.820191,9400.615463
1163.788687,2812.782580,2987.772442,10066.800811
1163.789013,3182.885551,3217.601092,10955.047942
1163.789339,3182.885551,3217.601092,11547.212695
1163.789665,3330.926739,3907.087040,11103.089130
1163.789991,3849.070898,4213.525239,10140.821405
1163.790317,5255.462188,3600.648841,10584.944971
1163.790643,4071.132681,3983.696590,10214.842000
1163.790969,3775.050304,4826.401637,9178.553681
1163.791295,3627.009116,4673.182538,8216.285956
1163.791621,3701.029710,3370.820191,8216.285956
1163.791947,1924.535449,3370.820191,7698.141797
1163.792273,222.061783,3677.258390,7105.977043
1163.792599,-370.102971,2911.162892,6883.915261
1163.792925,-1554.432478,1685.410096,6957.935855
1163.793252,-1258.350101,459.657299,7105.977043
1163.793578,-1776.494261,1072.533697,7994.224174
1163.793904,-1776.494261,1991.848295,7624.121203
1163.794230,-740.205942,1225.752797,8438.347739
1163.794556,0.000000,306.438199,9622.677246
1163.794882,-740.205942,229.828649,9696.697840
1163.795208,-1554.432478,229.828649,9844.739029
1163.795534,0.000000,-612.876398,10584.944971
1163.795860,0.000000,-1762.019645,11991.336260
1163.796186,-296.082377,-1838.629195,12361.439231
1163.796512,740.205942,-1762.019645,12139.377449
1163.796838,1184.329507,-1378.971896,12657.521608
1163.797164,1480.411884,-1072.533697,11843.295072
1163.797490,2664.741391,153.219100,10955.047942
1163.797816,3923.091493,1532.190996,8660.409521
1163.798142,5847.626942,3370.820191,8142.265362
1163.798468,7476.080014,4903.011187,7920.203579
1163.798794,7994.224174,6128.763984,7179.997637
1163.799120,6809.894666,6511.811733,6587.832884
1163.799446,6809.894666,5898.935335,6809.894666
1163.799772,6883.915261,4673.182538,8438.347739
1163.800098,4737.318029,3753.867940,9844.739029
1163.800424,1924.535449,2298.286494,10362.883188
1163.800751,814.226536,306.438199,11917.315666
1163.801077,-222.061783,-1225.752797,11843.295072
1163.801403,-740.205942,-1302.362347,11251.130318
1163.801729,74.020594,995.924147,10436.903782
1163.802055,1850.514855,3983.696590,8660.409521
1163.802381,4071.132681,6588.421283,7031.956449
1163.802707,5551.544565,7201.297681,4885.359217
1163.803033,4737.318029,8810.098227,3182.885551
1163.803359,3701.029710,9576.193725,2664.741391
1163.803685,3997.112087,9269.755526,5033.400406
1163.804011,1480.411884,7124.688131,7920.203579
1163.804337,-2590.720797,3140.991542,9030.512492
1163.804663,-3775.050304,-919.314598,10140.821405
1163.804989,-3701.029710,-2068.457845,13323.706956
1163.805315,-3330.926739,-1455.581446,15914.427753
1163.805641,-2368.659014,-229.828649,17098.757260
1163.805967,0.000000,459.657299,15470.304188
1163.806293,1776.494261,1225.752797,13841.851115
1163.806619,3997.112087,3064.381992,11325.150913
1163.806945,4589.276840,7048.078582,7994.224174
1163.807271,5403.503377,8580.269578,5107.421000
1163.807597,7624.121203,8197.221829,4219.173869
1163.807923,7254.018232,8197.221829,4145.153275
1163.808250,5847.626942,8656.879127,3627.009116
1163.808576,4293.194464,8427.050478,4071.132681
1163.808902,3627.009116,5592.497135,5773.606348
1163.809228,3034.844362,2987.772442,7402.059420
1163.809554,1554.432478,1302.362347,9548.656652
1163.809880,-1184.329507,306.438199,9770.718434
1163.810206,-2072.576638,-1072.533697,11177.109724
1163.810532,-1406.391290,-2528.115143,13693.809927
1163.810858,-814.226536,-2834.553343,14656.077652
1163.811184,-1924.535449,-1532.190996,13915.871710
1163.811510,-1924.535449,-1915.238745,13693.809927
1163.811836,-814.226536,-3064.381992,13397.727550
1163.812162,-518.144159,-2911.162892,10436.903782
1163.812488,962.267725,-1302.362347,8734.430116
1163.812814,3034.844362,1608.800546,9474.636058
1163.813140,5255.462188,3753.867940,7698.141797
1163.813466,7328.038826,4673.182538,6883.915261
1163.813792,8142.265362,4903.011187,6291.750507
1163.814118,7105.977043,5745.716235,5551.544565
1163.814444,7328.038826,6588.421283,4219.173869
1163.814770,8438.347739,5515.887586,6217.729913
1163.815096,6513.812290,4596.572988,8586.388927
1163.815422,2812.782580,3524.039291,10510.924376
1163.815748,1406.391290,2221.676944,12361.439231
1163.816075,-888.247130,-1838.629195,13545.768739
1163.816401,-4219.173869,-6281.983084,13027.624579
1163.816727,-3997.112087,-6588.421283,14137.933492
1163.817053,-2072.576638,-1762.019645,15988.448347
1163.817379,-222.061783,2145.067394,13767.830521
1163.817705,1036.288319,3370.820191,8808.450710
1163.818031,4293.194464,3370.820191,3701.029710
1163.818357,7624.121203,7584.345430,1110.308913
1163.818683,8882.471304,14096.157163,-222.061783
1163.819009,8660.409521,16547.662757,148.041188
1163.819335,8068.244768,13176.842566,2442.679609
1163.819661,5477.523971,9346.365076,5551.544565
1163.819987,1110.308913,5592.497135,8586.388927
1163.820313,-4959.379811,842.705048,10362.883188
1163.820639,-9104.533087,-4673.182538,12583.501014
1163.820965,-8586.388927,-7584.345430,18653.189738
1163.821291,-6883.915261,-7048.078582,21317.931130
1163.821617,-7698.141797,-4596.572988,20281.642811
1163.821943,-5477.523971,-3907.087040,15618.345376
1163.822269,1184.329507,-766.095498,10436.903782
1163.822595,7105.977043,7124.688131,7105.977043
1163.822921,10732.986159,14555.814462,5773.606348
1163.823247,11399.171507,16777.491406,3034.844362
1163.823574,10288.862594,12257.527968,222.061783
1163.823900,8882.471304,6665.030833,-0.000000
1163.824226,5107.421000,7431.126331,3775.050304
1163.824552,1702.473667,8427.050478,8216.285956
1163.824878,-888.247130,2604.724693,11399.171507
1163.825204,-3256.906145,-7048.078582,10807.006753
1163.825530,-5403.503377,-9346.365076,11843.295072
1163.825856,-5773.606348,-4443.353888,12361.439231
1163.826182,-3627.009116,2221.676944,11547.212695
1163.826507,0.000000,1302.362347,12435.459826
1163.826833,1480.411884,-2451.505594,12139.377449
1163.827159,370.102971,-459.657299,9844.739029
1163.827485,1184.329507,3907.087040,8364.327145
1163.827811,3478.967927,4366.744339,7476.080014
1163.828137,3997.112087,1378.971896,7624.121203
1163.828463,4811.338623,-1225.752797,7402.059420
1163.828788,6809.894666,1915.238745,9252.574275
1163.829114,6217.729913,5439.278036,10288.862594
1163.829440,4589.276840,4290.134789,8808.450710
1163.829766,5329.482782,1455.581446,9030.512492
1163.830092,4737.318029,383.047749,7698.141797
1163.830418,2368.659014,919.314598,8956.491898
1163.830744,-814.226536,995.924147,11103.089130
1163.831069,-3256.906145,0.000000,11991.336260
1163.831395,-4293.194464,-2604.724693,11843.295072
1163.831721,-3108.864956,-5669.106685,9622.677246
1163.832047,-2146.597232,-5132.839837,11399.171507
1163.832373,-2072.576638,-766.095498,12213.398043
1163.832699,-1850.514855,2604.724693,11991.336260
1163.833025,-518.144159,1838.629195,9770.718434
1163.833350,518.144159,-1532.190996,6513.812290
1163.833676,-814.226536,0.000000,5773.606348
1163.834002,222.061783,3294.210641,5551.544565
1163.834328,296.082377,3753.867940,8438.347739
1163.834654,-222.061783,2451.505594,7846.182985
1163.834980,444.123565,-1225.752797,6661.853478
1163.835306,1036.288319,-1378.971896,6957.935855
1163.835631,-148.041188,2145.067394,8882.471304
1163.835957,-2516.700203,4060.306139,10658.965565
1163.836283,-1850.514855,0.000000,10214.842000
1163.836609,-1554.432478,-4519.963438,9622.677246
1163.836935,-2294.638420,-3830.477490,11547.212695
1163.837261,-3034.844362,1072.533697,12583.501014
1163.837587,-2960.823768,1685.410096,12065.356855
1163.837913,-888.247130,-2757.943793,11399.171507
1163.838238,2220.617826,-2451.505594,11917.315666
1163.838564,4071.132681,3600.648841,10510.924376
1163.838890,2960.823768,6971.469032,7179.997637
1163.839216,1924.535449,4290.134789,4959.379811
1163.839542,1924.535449,76.609550,4737.318029
1163.839868,1332.370696,2145.067394,6439.791695
1163.840194,888.247130,5439.278036,7698.141797
1163.840519,-1554.432478,4290.134789,8364.327145
1163.840845,-2664.741391,-1991.848295,6957.935855
1163.841171,-2294.638420,-4443.353888,7846.182985
1163.841497,-1110.308913,-459.657299,10140.821405
1163.841823,-1998.556043,2987.772442,12731.542202
1163.842149,-2812.782580,612.876398,11547.212695
1163.842475,-1406.391290,-3140.991542,11399.171507
1163.842800,-1184.329507,-2604.724693,12287.418637
1163.843126,-1480.411884,1149.143247,11103.089130
1163.843452,-888.247130,2451.505594,8734.430116
1163.843778,2442.679609,229.828649,8808.450710
1163.844104,5255.462188,459.657299,9770.718434
1163.844430,5107.421000,4519.963438,8438.347739
1163.844756,4293.194464,7354.516781,7031.956449
1163.845081,4515.256246,4443.353888,6957.935855
1163.845407,3552.988522,766.095498,6661.853478
1163.845733,2442.679609,1532.190996,6661.853478
1163.846059,0.000000,4290.134789,9030.512492
1163.846385,-2368.659014,2298.286494,9918.759623
1163.846711,-3108.864956,-2757.943793,10436.903782
1163.847037,-1480.411884,-5898.935335,11473.192101
1163.847363,-1406.391290,-2145.067394,12583.501014
1163.847688,-2516.700203,2451.505594,11991.336260
1163.848014,-1480.411884,1149.143247,11325.150913
1163.848340,-1258.350101,-2911.162892,8956.491898
1163.848666,-1776.494261,-2987.772442,8216.285956
1163.848992,-2664.741391,1455.581446,8142.265362
1163.849318,-1924.535449,3370.820191,6735.874072
1163.849644,-370.102971,1149.143247,5995.668130
1163.849969,1332.370696,-2221.676944,7476.080014
1163.850295,0.000000,1302.362347,7328.038826
1163.850621,2072.576638,4826.401637,6217.729913
1163.850947,2590.720797,4136.915689,8660.409521
1163.851273,0.000000,-306.438199,9178.553681
1163.851599,-2664.741391,-3064.381992,9326.594869
1163.851925,-2368.659014,-2221.676944,11473.192101
1163.852250,-2738.761985,-1915.238745,14137.933492
1163.852576,-4589.276840,-3294.210641,13397.727550
1163.852902,-2294.638420,-4749.792088,11769.274478
1163.853228,1406.391290,-2528.115143,13175.665768
1163.853554,2664.741391,1302.362347,13249.686362
1163.853880,1554.432478,3140.991542,10214.842000
1163.854206,3701.029710,1915.238745,6439.791695
1163.854531,4663.297435,1302.362347,5181.441594
1163.854857,3404.947333,4443.353888,7476.080014
1163.855183,2220.617826,5822.325785,7476.080014
1163.855509,1406.391290,2834.553343,7476.080014
1163.855835,296.082377,-1762.019645,7772.162391
1163.856161,222.061783,-2451.505594,8882.471304
1163.856487,0.000000,766.095498,9400.615463
1163.856812,-814.226536,1302.362347,10658.965565
1163.857138,-2368.659014,-1762.019645,11843.295072
1163.857464,-1332.370696,-3677.258390,9696.697840
1163.857790,-1036.288319,-2451.505594,10140.821405
1163.858116,-2516.700203,1378.971896,10510.924376
1163.858442,-1036.288319,2145.067394,9844.739029
1163.858768,1110.308913,383.047749,9252.574275
1163.859094,2886.803174,-76.609550,8956.491898
1163.859419,2812.782580,3370.820191,8512.368333
1163.859745,2368.659014,6665.030833,7179.997637
1163.860071,3627.009116,4366.744339,7328.038826
1163.860397,3256.906145,689.485948,6587.832884
1163.860723,370.102971,536.266849,6143.709319
1163.861049,-1776.494261,3370.820191,7920.203579
1163.861375,-2516.700203,3217.601092,9030.512492
1163.861700,-3182.885551,0.000000,9844.739029
1163.862026,-3404.947333,-3677.258390,9622.677246
1163.862352,-3627.009116,-2451.505594,10658.965565
1163.862678,-2664.741391,1378.971896,11251.130318
1163.863004,-1554.432478,2757.943793,12213.398043
1163.863330,-962.267725,-1378.971896,10140.821405
1163.863656,-2738.761985,-3064.381992,9252.574275
1163.863981,-2886.803174,229.828649,10066.800811
1163.864307,-296.082377,3983.696590,10510.924376
1163.864633,296.082377,2068.457845,9178.553681
1163.864959,814.226536,-2374.896044,7772.162391
1163.865285,1850.514855,-995.924147,7994.224174
1163.865611,2590.720797,3983.696590,8808.450710
1163.865937,2368.659014,5132.839837,9696.697840
1163.866262,1406.391290,1455.581446,8956.491898
1163.866588,1184.329507,-2451.505594,7550.100608
1163.866914,666.185348,-1072.533697,10362.883188
1163.867240,-370.102971,1225.752797,11251.130318
1163.867566,-2294.638420,76.609550,10658.965565
1163.867892,-2220.617826,-4213.525239,9844.739029
1163.868218,222.061783,-5515.887586,9474.636058
1163.868544,518.144159,-383.047749,9918.759623
1163.868869,296.082377,3677.258390,10584.944971
1163.869195,1110.308913,2374.896044,9252.574275
1163.869521,1924.535449,-2374.896044,6365.771101
1163.869847,0.000000,-2145.067394,7031.956449
1163.870173,-370.102971,1762.019645,8586.388927
1163.870499,148.041188,3907.087040,8882.471304
1163.870825,1554.432478,919.314598,8586.388927
1163.871150,2590.720797,-3294.210641,8438.347739
1163.871476,1924.535449,-919.314598,10214.842000
1163.871802,1702.473667,3140.991542,10214.842000
1163.872128,2368.659014,3217.601092,11029.068536
1163.872454,1332.370696,-1915.238745,10288.862594
1163.872780,-1184.329507,-3524.039291,10214.842000
1163.873106,-1702.473667,1532.190996,10140.821405
1163.873431,-444.123565,2987.772442,10436.903782
1163.873757,-1924.535449,0.000000,9844.739029
1163.874083,-740.205942,-3600.648841,9178.553681
1163.874409,370.102971,1302.362347,10066.800811
1163.874735,2812.782580,6052.154434,9622.677246
1163.875061,2368.659014,6358.592633,8586.388927
1163.875387,1258.350101,1608.800546,7031.956449
1163.875712,-370.102971,-842.705048,6069.688724
1163.876038,-962.267725,2834.553343,6439.791695
1163.876364,-370.102971,4136.915689,9252.574275
1163.876690,-2590.720797,1608.800546,9992.780217
1163.877016,-3701.029710,-1915.238745,8734.430116
1163.877342,-2146.597232,-2451.505594,9474.636058
1163.877668,-592.164754,612.876398,11029.068536
1163.877993,-2368.659014,3907.087040,10436.903782
1163.878319,-1480.411884,1838.629195,9918.759623
1163.878645,148.041188,-1149.143247,8364.327145
1163.878971,-592.164754,-306.438199,8734.430116
1163.879297,-1924.535449,1915.238745,10288.862594
1163.879623,-1998.556043,2221.676944,9622.677246
1163.879949,-518.144159,153.219100,8068.244768
1163.880275,2220.617826,-1302.362347,9918.759623
1163.880600,2072.576638,1072.533697,9918.759623
1163.880926,222.061783,4060.306139,7624.121203
1163.881252,814.226536,1302.362347,7846.182985
1163.881578,2072.576638,-2451.505594,7624.121203
1163.881904,1776.494261,-536.266849,9770.718434
1163.882230,1554.432478,2145.067394,11399.171507
1163.882556,962.267725,3447.429741,11103.089130
1163.882881,-814.226536,-1302.362347,9030.512492
1163.883207,814.226536,-4749.792088,9474.636058
1163.883533,2072.576638,-995.924147,9992.780217
1163.883859,1184.329507,4749.792088,9770.718434
1163.884185,74.020594,3677.258390,9844.739029
1163.884511,1406.391290,-2757.943793,7698.141797
1163.884837,-1110.308913,-3294.210641,8068.244768
1163.885162,-2960.823768,-306.438199,9178.553681
1163.885488,-3182.885551,2374.896044,9252.574275
1163.885814,-1554.432478,0.000000,9474.636058
1163.886140,444.123565,-4903.011187,10066.800811
1163.886466,888.247130,-2221.676944,9844.739029
1163.886792,962.267725,3217.601092,8512.368333
1163.887118,1850.514855,4136.915689,9178.553681
1163.887443,3034.844362,766.095498,8586.388927
1163.887769,2072.576638,-612.876398,8068.244768
1163.888095,296.082377,2145.067394,9770.718434
1163.888421,-518.144159,3677.258390,10436.903782
1163.888747,-1924.535449,76.609550,10214.842000
1163.889073,-2368.659014,-4443.353888,9178.553681
1163.889399,-296.082377,-2757.943793,9992.780217
1163.889725,444.123565,1915.238745,11843.295072
1163.890050,-1110.308913,3447.429741,11843.295072
1163.890376,-740.205942,306.438199,9770.718434
1163.890702,-222.061783,-2298.286494,7476.080014
1163.891028,-814.226536,689.485948,7105.977043
1163.891354,-444.123565,4596.572988,7402.059420
1163.891680,-296.082377,3524.039291,7698.141797
1163.892006,296.082377,383.047749,8142.265362
1163.892331,1184.329507,-612.876398,7846.182985
1163.892657,888.247130,2987.772442,9326.594869
1163.892983,592.164754,4060.306139,8956.491898
1163.893309,0.000000,2298.286494,7698.141797
1163.893635,-518.144159,-1608.800546,8660.409521
1163.893961,-2072.576638,-1608.800546,9030.512492
1163.894287,-3034.844362,1532.190996,9104.533087
1163.894612,-2516.700203,2451.505594,9770.718434
1163.894938,-1258.350101,-1608.800546,9252.574275
1163.895264,296.082377,-2145.067394,9400.615463
1163.895590,1406.391290,536.266849,10807.006753
1163.895916,444.123565,4443.353888,10658.965565
1163.896242,962.267725,2987.772442,8882.471304
1163.896568,2072.576638,-2145.067394,7179.997637
1163.896893,296.082377,-1532.190996,7772.162391
1163.897219,-148.041188,2374.896044,9548.656652
1163.897545,-518.144159,4060.306139,11621.233289
1163.897871,-222.061783,-229.828649,11177.109724
1163.898197,444.123565,-4443.353888,9918.759623
1163.898523,962.267725,-2068.457845,11473.192101
1163.898849,1406.391290,3294.210641,10732.986159
1163.899174,1332.370696,4290.134789,10214.842000
1163.899500,1554.432478,-459.657299,10584.944971
1163.899826,-370.102971,-2451.505594,8512.368333
1163.900152,-2294.638420,229.828649,7624.121203
1163.900478,-1258.350101,2374.896044,9252.574275
1163.900804,-1258.350101,1302.362347,9178.553681
1163.901130,-2072.576638,-1991.848295,7402.059420
1163.901456,-222.061783,-2298.286494,7328.038826
1163.901781,0.000000,766.095498,8142.265362
1163.902107,0.000000,2987.772442,7698.141797
1163.902433,0.000000,1838.629195,8808.450710
1163.902759,74.020594,-766.095498,7624.121203
1163.903085,-370.102971,-76.609550,7994.224174
1163.903411,-666.185348,1225.752797,9474.636058
1163.903737,-888.247130,229.828649,9326.594869
1163.904062,-1776.494261,-459.657299,9474.636058
1163.904388,1480.411884,-2145.067394,10362.883188
1163.904714,2812.782580,229.828649,10732.986159
1163.905040,740.205942,2374.896044,10436.903782
1163.905366,-592.164754,1149.143247,10066.800811
1163.905692,1036.288319,76.609550,8882.471304
1163.906018,370.102971,0.000000,8956.491898
1163.906343,-1110.308913,995.924147,10436.903782
1163.906669,-1554.432478,2068.457845,9696.697840
1163.906995,-962.267725,536.266849,9030.512492
1163.907321,666.185348,-2681.334243,9252.574275
1163.907647,888.247130,-766.095498,10288.862594
1163.907973,222.061783,3677.258390,10955.047942
1163.908299,1036.288319,4060.306139,9474.636058
1163.908624,888.247130,-306.438199,7772.162391
1163.908950,-888.247130,-3370.820191,8068.244768
1163.909276,-2516.700203,-306.438199,8512.368333
1163.909602,-1702.473667,3600.648841,9178.553681
1163.909928,0.000000,1455.581446,9400.615463
1163.910254,444.123565,-2987.772442,9326.594869
1163.910580,222.061783,-2068.457845,10140.821405
1163.910906,888.247130,3294.210641,9474.636058
1163.911231,814.226536,4673.182538,8882.471304
1163.911557,2368.659014,-229.828649,8068.244768
1163.911883,2516.700203,-1762.019645,8512.368333
1163.912209,296.082377,2987.772442,10066.800811
1163.912535,0.000000,4290.134789,8956.491898
1163.912861,-1628.453072,1225.752797,9474.636058
1163.913187,-296.082377,-4443.353888,7846.182985
1163.913512,814.226536,-1685.410096,9030.512492
1163.913838,1776.494261,4290.134789,10362.883188
1163.914164,370.102971,5209.449386,10732.986159
1163.914490,-222.061783,612.876398,9844.739029
1163.914816,0.000000,-2911.162892,8364.327145
1163.915142,-1036.288319,-612.876398,8364.327145
1163.915468,-814.226536,2298.286494,9326.594869
1163.915793,-2220.617826,3294.210641,10066.800811
1163.916119,-888.247130,-842.705048,9474.636058
1163.916445,0.000000,-2451.505594,8882.471304
1163.916771,-296.082377,689.485948,8956.491898
1163.917097,-888.247130,3830.477490,8808.450710
1163.917423,74.020594,3217.601092,7550.100608
1163.917749,888.247130,-612.876398,7402.059420
1163.918074,-296.082377,-1225.752797,8882.471304
1163.918400,-2368.659014,2298.286494,9844.739029
1163.918726,-2294.638420,2757.943793,10288.862594
1163.919052,-1554.432478,-842.705048,9474.636058
1163.919378,592.164754,-3677.258390,9474.636058
1163.919704,1258.350101,-766.095498,11251.130318
1163.920030,148.041188,3370.820191,11029.068536
1163.920355,740.205942,3370.820191,10362.883188
1163.920681,2072.576638,-1991.848295,8956.491898
1163.921007,296.082377,-3447.429741,8808.450710
1163.921333,-1554.432478,383.047749,7994.224174
1163.921659,-592.164754,3907.087040,9770.718434
1163.921985,0.000000,919.314598,10658.965565
1163.922311,814.226536,-4136.915689,8512.368333
1163.922637,740.205942,-3064.381992,8808.450710
1163.922962,1258.350101,1915.238745,9326.594869
1163.923288,1110.308913,4290.134789,10140.821405
1163.923614,1850.514855,153.219100,9474.636058
1163.923940,148.041188,-3217.601092,8290.306550
1163.924266,-1776.494261,-1378.971896,8512.368333
1163.924592,-888.247130,2374.896044,9474.636058
1163.924918,-592.164754,1302.362347,10214.842000
1163.925243,-962.267725,-3140.991542,8290.306550
1163.925569,-296.082377,-3140.991542,9104.533087
1163.925895,74.020594,1685.410096,9622.677246
1163.926221,296.082377,4213.525239,9178.553681
1163.926547,518.144159,1838.629195,8142.265362
1163.926873,518.144159,-2451.505594,8364.327145
1163.927198,-740.205942,153.219100,8438.347739
1163.927524,444.123565,3600.648841,9474.636058
1163.927850,74.020594,3064.381992,10584.944971
1163.928176,-1184.329507,-1455.581446,9844.739029
1163.928502,0.000000,-2987.772442,9104.533087
1163.928827,2146.597232,1455.581446,10584.944971
1163.929153,1184.329507,4060.306139,11547.212695
1163.929479,-148.041188,3140.991542,10362.883188
1163.929805,296.082377,-995.924147,9326.594869
1163.930131,0.000000,-1225.752797,8882.471304
1163.930456,-370.102971,2298.286494,9178.553681
1163.930782,74.020594,4366.744339,9622.677246
1163.931108,592.164754,2911.162892,8512.368333
1163.931434,2368.659014,0.000000,8808.450710
1163.931759,1776.494261,1225.752797,9252.574275
1163.932085,444.123565,4060.306139,9030.512492
1163.932411,-222.061783,3447.429741,7772.162391
1163.932737,1184.329507,689.485948,8142.265362
1163.933063,222.061783,-229.828649,9548.656652
1163.933388,-2368.659014,1991.848295,9696.697840
1163.933714,-2294.638420,1991.848295,8808.450710
1163.934040,-1258.350101,-306.438199,8142.265362
1163.934366,-592.164754,-2374.896044,6735.874072
1163.934692,370.102971,842.705048,9030.512492
1163.935017,1332.370696,5286.058936,9400.615463
1163.935343,888.247130,5056.230287,9400.615463
1163.935669,74.020594,306.438199,8956.491898
1163.935995,-666.185348,-2911.162892,7179.997637
1163.936320,-3108.864956,995.924147,8512.368333
1163.936646,-1924.535449,1608.800546,9696.697840
1163.936972,-1924.535449,0.000000,11843.295072
1163.937298,-1998.556043,-3753.867940,10066.800811
1163.937624,-1554.432478,-3600.648841,10807.006753
1163.937949,-370.102971,153.219100,10214.842000
1163.938275,592.164754,2528.115143,9992.780217
1163.938601,888.247130,0.000000,9770.718434
1163.938927,444.123565,-2145.067394,8882.471304
1163.939253,-370.102971,306.438199,9178.553681
1163.939578,592.164754,1762.019645,9918.759623
1163.939904,0.000000,766.095498,10066.800811
1163.940230,-666.185348,-2451.505594,8956.491898
1163.940556,666.185348,-2834.553343,9474.636058
1163.940882,1924.535449,919.314598,11547.212695
1163.941207,518.144159,1685.410096,10807.006753
1163.941533,-592.164754,-306.438199,9104.533087
1163.941859,148.041188,-3447.429741,8142.265362
1163.942185,296.082377,-2451.505594,9326.594869
1163.942510,74.020594,2221.676944,10140.821405
1163.942836,-592.164754,2374.896044,10288.862594
1163.943162,-592.164754,-1685.410096,9030.512492
1163.943488,888.247130,-3524.039291,8438.347739
1163.943814,2442.679609,-766.095498,9030.512492
1163.944139,370.102971,4213.525239,9400.615463
1163.944465,0.000000,3907.087040,7846.182985
1163.944791,2146.597232,-459.657299,7772.162391
1163.945117,1036.288319,-2221.676944,8512.368333
1163.945443,-2590.720797,-612.876398,8586.388927
1163.945768,-3552.988522,2681.334243,8956.491898
1163.946094,-962.267725,459.657299,9252.574275
1163.946420,-444.123565,-3217.601092,9622.677246
1163.946746,0.000000,-1455.581446,10288.862594
1163.947071,518.144159,3064.381992,9474.636058
1163.947397,1332.370696,5209.449386,9104.533087
1163.947723,2294.638420,2298.286494,8734.430116
1163.948049,1184.329507,-459.657299,8438.347739
1163.948375,-370.102971,2604.724693,8586.388927
1163.948700,-296.082377,4979.620737,9992.780217
1163.949026,0.000000,2834.553343,10807.006753
1163.949352,0.000000,-612.876398,8956.491898
1163.949678,740.205942,459.657299,9030.512492
1163.950004,2590.720797,3294.210641,10066.800811
1163.950329,1776.494261,5669.106685,10436.903782
1163.950655,1480.411884,3447.429741,9918.759623
1163.950981,1480.411884,689.485948,8808.450710
1163.951307,0.000000,2068.457845,8290.306550
1163.951632,-296.082377,3217.601092,8512.368333
1163.951958,-592.164754,3447.429741,9252.574275
1163.952284,-1480.411884,1072.533697,9326.594869
1163.952610,-1258.350101,-1225.752797,8734.430116
1163.952936,0.000000,-76.609550,9400.615463
1163.953261,-1554.432478,2451.505594,9770.718434
1163.953587,-2664.741391,1762.019645,8808.450710
1163.953913,-2368.659014,-1532.190996,5773.606348
1163.954239,-2590.720797,-2451.505594,6883.915261
1163.954565,-3404.947333,76.609550,10140.821405
1163.954890,-2664.741391,2451.505594,9992.780217
1163.955216,-814.226536,0.000000,9548.656652
1163.955542,1406.391290,-4519.963438,9622.677246
1163.955868,1850.514855,-2604.724693,11621.233289
1163.956194,2368.659014,2911.162892,10881.027347
1163.956519,2886.803174,3983.696590,10807.006753
1163.956845,2664.741391,-1915.238745,9474.636058
1163.957171,1110.308913,-4596.572988,9400.615463
1163.957497,-814.226536,306.438199,10066.800811
1163.957822,148.041188,3294.210641,9326.594869
1163.958148,-222.061783,0.000000,9548.656652
1163.958474,518.144159,-5286.058936,8882.471304
1163.958800,444.123565,-2068.457845,9252.574275
1163.959126,814.226536,3524.039291,9400.615463
1163.959451,740.205942,2911.162892,8216.285956
1163.959777,1110.308913,-612.876398,9030.512492
1163.960103,148.041188,-2834.553343,8882.471304
1163.960429,-2516.700203,1149.143247,9178.553681
1163.960755,-2812.782580,1608.800546,8882.471304
1163.961080,-2220.617826,-2068.457845,10732.986159
1163.961406,-1480.411884,-3753.867940,9104.533087
1163.961732,-1036.288319,-766.095498,9400.615463
1163.962058,-370.102971,2911.162892,10510.924376
1163.962383,-222.061783,2528.115143,9400.615463
1163.962709,518.144159,0.000000,8512.368333
1163.963035,1036.288319,-1378.971896,7624.121203
1163.963361,-444.123565,2145.067394,7846.182985
1163.963687,0.000000,4979.620737,9844.739029
1163.964012,74.020594,2987.772442,12213.398043
1163.964338,-1406.391290,-2757.943793,8956.491898
1163.964664,-592.164754,-3447.429741,7476.080014
1163.964990,1406.391290,995.924147,9992.780217
1163.965316,2368.659014,5592.497135,11029.068536
1163.965641,666.185348,4673.182538,9474.636058
1163.965967,814.226536,-1455.581446,8142.265362
1163.966293,-888.247130,-1378.971896,8512.368333
1163.966619,-1850.514855,2145.067394,8068.244768
1163.966944,-1332.370696,4290.134789,8956.491898
1163.967270,-518.144159,919.314598,7846.182985
1163.967596,444.123565,-2068.457845,8956.491898
1163.967922,2146.597232,-306.438199,10510.924376
1163.968248,2072.576638,4366.744339,9474.636058
1163.968573,740.205942,5209.449386,8586.388927
1163.968899,2072.576638,536.266849,8068.244768
1163.969225,1998.556043,-383.047749,8142.265362
1163.969551,222.061783,2145.067394,8068.244768
1163.969877,-666.185348,3677.258390,8660.409521
1163.970202,-592.164754,2374.896044,8956.491898
1163.970528,740.205942,-2068.457845,8290.306550
1163.970854,1702.473667,-689.485948,10955.047942
1163.971180,1776.494261,3217.601092,11769.274478
1163.971505,666.185348,4136.915689,10955.047942
1163.971831,1332.370696,536.266849,10510.924376
1163.972157,2294.638420,-2068.457845,9178.553681
1163.972483,0.000000,1149.143247,8512.368333
1163.972809,-1850.514855,3447.429741,8882.471304
1163.973134,-814.226536,1991.848295,9252.574275
1163.973460,-1258.350101,-2068.457845,9474.636058
1163.973786,-1332.370696,-2221.676944,9992.780217
1163.974112,-296.082377,612.876398,9918.759623
1163.974438,0.000000,2987.772442,9770.718434
1163.974763,-518.144159,1149.143247,9474.636058
1163.975089,-740.205942,-1991.848295,8068.244768
1163.975415,-2146.597232,-1685.410096,7772.162391
1163.975741,-1036.288319,612.876398,9474.636058
1163.976067,-1110.308913,1225.752797,11177.109724
1163.976392,-370.102971,-842.705048,9178.553681
1163.976718,-296.082377,-2298.286494,9474.636058
1163.977044,592.164754,-689.485948,9104.533087
1163.977370,814.226536,2911.162892,9696.697840
1163.977695,-444.123565,2911.162892,8660.409521
1163.978021,148.041188,-1302.362347,6809.894666
1163.978347,-1776.494261,-2451.505594,6957.935855
1163.978673,-2368.659014,-612.876398,8586.388927
1163.978999,-2516.700203,1838.629195,10510.924376
1163.979324,-3034.844362,0.000000,10066.800811
1163.979650,-1776.494261,-3753.867940,9400.615463
1163.979976,888.247130,-3064.381992,9030.512492
1163.980302,1554.432478,612.876398,9992.780217
1163.980628,-666.185348,4596.572988,11103.089130
1163.980953,592.164754,459.657299,9178.553681
1163.981279,1480.411884,-3600.648841,7920.203579
1163.981605,-888.247130,-1455.581446,9474.636058
1163.981931,-1480.411884,2757.943793,9400.615463
1163.982256,0.000000,3753.867940,9030.512492
1163.982582,1480.411884,-1608.800546,9548.656652
1163.982908,1184.329507,-3140.991542,11621.233289
1163.983234,1110.308913,1838.629195,10658.965565
1163.983560,1998.556043,4366.744339,9252.574275
1163.983885,2294.638420,1072.533697,9992.780217
1163.984211,2368.659014,-2145.067394,9696.697840
1163.984537,-370.102971,766.095498,9992.780217
1163.984863,-592.164754,2834.553343,9030.512492
1163.985189,0.000000,766.095498,9252.574275
1163.985514,-222.061783,-2145.067394,8216.285956
1163.985840,0.000000,-689.485948,9030.512492
1163.986166,1776.494261,3753.867940,8586.388927
1163.986492,2146.597232,5132.839837,9030.512492
1163.986817,518.144159,2145.067394,8882.471304
1163.987143,444.123565,-306.438199,6883.915261
1163.987469,-296.082377,2451.505594,7846.182985
1163.987795,-296.082377,3907.087040,7994.224174
1163.988121,-518.144159,2451.505594,9548.656652
1163.988446,-962.267725,-459.657299,9400.615463
1163.988772,-370.102971,-995.924147,9104.533087
1163.989098,1406.391290,919.314598,10140.821405
1163.989424,1406.391290,2451.505594,10658.965565
1163.989750,148.041188,2911.162892,10214.842000
1163.990075,740.205942,1149.143247,8290.306550
1163.990401,0.000000,842.705048,8068.244768
1163.990727,-814.226536,766.095498,8586.388927
1163.991053,-1332.370696,2987.772442,9474.636058
1163.991379,-1258.350101,1915.238745,8364.327145
1163.991704,-444.123565,-689.485948,8734.430116
1163.992030,296.082377,-536.266849,10214.842000
1163.992356,-518.144159,1915.238745,11325.150913
1163.992682,-1628.453072,2681.334243,9548.656652
1163.993007,-1036.288319,0.000000,8438.347739
1163.993333,148.041188,-3294.210641,9326.594869
1163.993659,-1406.391290,-612.876398,10881.027347
1163.993985,-3404.947333,2451.505594,9844.739029
1163.994311,-2368.659014,0.000000,9474.636058
1163.994636,-814.226536,-3983.696590,8808.450710
1163.994962,814.226536,-2604.724693,10510.924376
1163.995288,1036.288319,2911.162892,10584.944971
1163.995614,962.267725,5286.058936,9030.512492
1163.995940,1702.473667,459.657299,8142.265362
1163.996265,2072.576638,-3753.867940,7920.203579
1163.996591,-370.102971,-229.828649,8068.244768
1163.996917,-1332.370696,3983.696590,8734.430116
1163.997243,-1258.350101,1685.410096,10658.965565
1163.997568,-962.267725,-4290.134789,9770.718434
1163.997894,-592.164754,-4673.182538,9770.718434
1163.998220,370.102971,-1378.971896,8882.471304
1163.998546,296.082377,1838.629195,9770.718434
1163.998872,-296.082377,612.876398,8216.285956
1163.999197,888.247130,-2681.334243,8586.388927
1163.999523,0.000000,-995.924147,9178.553681
1163.999849,-296.082377,2068.457845,9252.574275
1164.000175,370.102971,2451.505594,9992.780217
1164.000501,1184.329507,-1378.971896,9104.533087
1164.000826,666.185348,-3217.601092,7920.203579
1164.001152,2812.782580,459.657299,10436.903782
1164.001478,2516.700203,3830.477490,10584.944971
1164.001804,444.123565,2681.334243,9474.636058
1164.002129,740.205942,-1302.362347,7550.100608
1164.002455,148.041188,-1532.190996,7772.162391
1164.002781,-888.247130,2221.676944,9918.759623
1164.003107,-1480.411884,4290.134789,10584.944971
1164.003433,-888.247130,1072.533697,9992.780217
1164.003758,0.000000,-3064.381992,8586.388927
1164.004084,740.205942,-1532.190996,9548.656652
1164.004410,1110.308913,3524.039291,10510.924376
1164.004736,518.144159,5056.230287,9918.759623
1164.005062,1036.288319,612.876398,9030.512492
1164.005387,1628.453072,-1762.019645,8808.450710
1164.005713,-444.123565,1915.238745,9030.512492
1164.006039,-1850.514855,4903.011187,8808.450710
1164.006365,-1480.411884,2451.505594,8216.285956
1164.006691,222.061783,-1915.238745,8586.388927
1164.007016,1036.288319,-1149.143247,9400.615463
1164.007342,2072.576638,4596.572988,10955.047942
1164.007668,2146.597232,5822.325785,10362.883188
1164.007994,1332.370696,1378.971896,8882.471304
1164.008319,962.267725,-1302.362347,8142.265362
1164.008645,-1184.329507,1149.143247,8808.450710
1164.008971,-2294.638420,3983.696590,8068.244768
1164.009297,-1480.411884,1455.581446,8660.409521
1164.009623,-592.164754,-3447.429741,9474.636058
1164.009948,-1480.411884,-1915.238745,8734.430116
1164.010274,-592.164754,2451.505594,7550.100608
1164.010600,814.226536,4136.915689,9474.636058
1164.010926,518.144159,1072.533697,8734.430116
1164.011252,148.041188,-1072.533697,7846.182985
1164.011577,148.041188,229.828649,8364.327145
1164.011903,-1480.411884,2681.334243,9474.636058
1164.012229,-2072.576638,1225.752797,9918.759623
1164.012555,-1332.370696,-2298.286494,11325.150913
1164.012880,-1184.329507,-3753.867940,9918.759623
1164.013206,-148.041188,-995.924147,11029.068536
1164.013532,-296.082377,1455.581446,11621.233289
1164.013858,-740.205942,-536.266849,9252.574275
1164.014184,-1628.453072,-2681.334243,8216.285956
1164.014509,-518.144159,-2604.724693,9400.615463
1164.014835,-1776.494261,1532.190996,10732.986159
1164.015161,-1258.350101,1608.800546,9104.533087
1164.015487,-666.185348,-766.095498,9400.615463
1164.015813,888.247130,-2451.505594,7994.224174
1164.016138,2146.597232,0.000000,9474.636058
1164.016464,3108.864956,2987.772442,9770.718434
1164.016790,2442.679609,3600.648841,9696.697840
1164.017116,1702.473667,153.219100,8586.388927
1164.017441,2072.576638,-2145.067394,9030.512492
1164.017767,-222.061783,383.047749,9548.656652
1164.018093,-2146.597232,1455.581446,8660.409521
1164.018419,-2886.803174,-306.438199,9104.533087
1164.018745,-518.144159,-3524.039291,8068.244768
1164.019070,814.226536,-1608.800546,9474.636058
1164.019396,592.164754,2068.457845,10140.821405
1164.019722,-740.205942,3907.087040,9696.697840
1164.020048,888.247130,766.095498,7772.162391
1164.020374,1702.473667,-766.095498,8660.409521
1164.020699,-592.164754,1225.752797,9104.533087
1164.021025,-2072.576638,3140.991542,8364.327145
1164.021351,-1258.350101,1915.238745,8142.265362
1164.021677,-222.061783,-2451.505594,9400.615463
1164.022003,-518.144159,-2221.676944,9622.677246
1164.022328,0.000000,1608.800546,10288.862594
1164.022654,740.205942,3830.477490,10732.986159
1164.022980,1480.411884,1532.190996,10214.842000
1164.023306,1332.370696,-306.438199,8438.347739
1164.023631,888.247130,919.314598,8808.450710
1164.023957,-296.082377,4366.744339,8290.306550
1164.024283,592.164754,4060.306139,10140.821405
1164.024609,1332.370696,153.219100,9548.656652
1164.024935,518.144159,-459.657299,8882.471304
1164.025260,296.082377,2068.457845,10066.800811
1164.025586,2368.659014,3600.648841,10140.821405
1164.025912,1332.370696,2604.724693,9474.636058
1164.026238,0.000000,-153.219100,8216.285956
1164.026564,-740.205942,0.000000,7772.162391
1164.026889,-1480.411884,2451.505594,7624.121203
1164.027215,-1480.411884,2145.067394,8734.430116
1164.027541,-2072.576638,536.266849,10140.821405
1164.027867,-1258.350101,-689.485948,9252.574275
1164.028193,1036.288319,383.047749,9030.512492
1164.028519,1036.288319,2068.457845,10214.842000
1164.028845,-148.041188,2145.067394,10436.903782
1164.029170,-962.267725,1072.533697,8808.450710
1164.029496,148.041188,-766.095498,8660.409521
1164.029822,-962.267725,-1072.533697,9326.594869
1164.030148,-2294.638420,0.000000,9030.512492
1164.030474,-2368.659014,995.924147,9548.656652
1164.030800,-666.185348,-1455.581446,9622.677246
1164.031126,0.000000,-1455.581446,9770.718434
1164.031452,222.061783,153.219100,10584.944971
1164.031778,592.164754,2451.505594,9548.656652
1164.032104,1184.329507,1378.971896,7105.977043
1164.032430,1406.391290,-1149.143247,8290.306550
1164.032756,-444.123565,-612.876398,10140.821405
1164.033081,-1776.494261,1915.238745,9622.677246
1164.033407,0.000000,1455.581446,8956.491898
1164.033733,666.185348,-2604.724693,8882.471304
1164.034059,-740.205942,-2681.334243,9326.594869
1164.034385,-518.144159,1072.533697,9400.615463
1164.034711,1554.432478,3064.381992,10140.821405
1164.035037,1480.411884,306.438199,9030.512492
1164.035363,148.041188,-2681.334243,7550.100608
1164.035689,592.164754,-459.657299,8512.368333
1164.036015,444.123565,3830.477490,9326.594869
1164.036341,0.000000,3370.820191,10436.903782
1164.036666,-592.164754,-1685.410096,9696.697840
1164.036992,-148.041188,-4136.915689,8142.265362
1164.037318,74.020594,0.000000,10288.862594
1164.037644,370.102971,3370.820191,12583.501014
1164.037970,-814.226536,1991.848295,11029.068536
1164.038296,-1332.370696,-2757.943793,8734.430116
1164.038622,-1184.329507,-3983.696590,8882.471304
1164.038948,-2146.597232,383.047749,9474.636058
1164.039274,-2368.659014,3217.601092,9178.553681
1164.039600,-444.123565,153.219100,10066.800811
1164.039926,0.000000,-2298.286494,9178.553681
1164.040252,1406.391290,76.609550,8734.430116
1164.040577,2590.720797,4673.182538,9474.636058
1164.040903,3108.864956,4826.401637,9104.533087
1164.041229,592.164754,1608.800546,8068.244768
1164.041555,1702.473667,-1072.533697,7402.059420
1164.041881,888.247130,1685.410096,7550.100608
1164.042207,-444.123565,3064.381992,7846.182985
1164.042533,-2072.576638,1149.143247,9252.574275
1164.042859,-518.144159,-1225.752797,8512.368333
1164.043185,148.041188,-689.485948,9770.718434
1164.043511,518.144159,1532.190996,10140.821405
1164.043837,592.164754,3524.039291,9770.718434
1164.044162,1036.288319,1762.019645,7698.141797
1164.044488,2368.659014,-153.219100,8216.285956
1164.044814,1554.432478,1225.752797,9622.677246
1164.045140,0.000000,4136.915689,10584.944971
1164.045466,-1332.370696,2987.772442,9770.718434
1164.045792,740.205942,-1915.238745,9844.739029
1164.046118,814.226536,-2374.896044,10436.903782
1164.046444,592.164754,1915.238745,10658.965565
1164.046770,222.061783,3907.087040,10214.842000
1164.047096,444.123565,1225.752797,8660.409521
1164.047422,-888.247130,-2221.676944,8660.409521
1164.047748,-1258.350101,-536.266849,9474.636058
1164.048073,-962.267725,3294.210641,9400.615463
1164.048399,-518.144159,4213.525239,10140.821405
1164.048725,-740.205942,-1302.362347,8808.450710
1164.049051,-1406.391290,-2451.505594,7698.141797
1164.049377,0.000000,1149.143247,8290.306550
1164.049703,-296.082377,3294.210641,9326.594869
1164.050029,-888.247130,1762.019645,8882.471304
1164.050355,-1036.288319,-1838.629195,7402.059420
1164.050681,-518.144159,-1762.019645,8438.347739
1164.051007,-1924.535449,1762.019645,10140.821405
1164.051333,-1628.453072,1302.362347,8660.409521
1164.051658,-1332.370696,-842.705048,9400.615463
1164.051984,148.041188,-2221.676944,9030.512492
1164.052310,1554.432478,-306.438199,8882.471304
1164.052636,2368.659014,2451.505594,9548.656652
1164.052962,962.267725,2757.943793,11473.192101
1164.053288,-518.144159,229.828649,9474.636058
1164.053614,592.164754,-2374.896044,7550.100608
1164.053940,0.000000,-459.657299,8956.491898
1164.054266,-2738.761985,1302.362347,9622.677246
1164.054592,-3330.926739,1762.019645,8660.409521
1164.054918,-1036.288319,-2145.067394,8660.409521
1164.055244,-296.082377,-4136.915689,9548.656652
1164.055569,-222.061783,-229.828649,10140.821405
1164.055895,-222.061783,4596.572988,10362.883188
1164.056221,1110.308913,2068.457845,9400.615463
1164.056547,740.205942,-2298.286494,9474.636058
1164.056873,0.000000,-2451.505594,10214.842000
1164.057199,-888.247130,1532.190996,8808.450710
1164.057525,-962.267725,2451.505594,9252.574275
1164.057851,666.185348,-2068.457845,9918.759623
1164.058177,1998.556043,-2298.286494,9474.636058
1164.058503,1702.473667,1378.971896,10066.800811
1164.058829,1332.370696,3677.258390,9770.718434
1164.059154,888.247130,2374.896044,8512.368333
1164.059480,1110.308913,-1072.533697,7328.038826
1164.059806,296.082377,-919.314598,9252.574275
1164.060132,-1184.329507,2451.505594,9326.594869
1164.060458,-888.247130,2451.505594,9474.636058
1164.060784,74.020594,-1378.971896,9400.615463
1164.061110,518.144159,-3064.381992,8586.388927
1164.061436,888.247130,995.924147,9326.594869
1164.061762,2368.659014,4519.963438,9548.656652
1164.062088,1406.391290,3447.429741,8956.491898
1164.062414,296.082377,-153.219100,7624.121203
1164.062740,148.041188,-1225.752797,8068.244768
1164.063065,0.000000,2604.724693,9104.533087
1164.063391,-888.247130,4213.525239,9252.574275
1164.063717,-1850.514855,766.095498,9992.780217
1164.064043,-148.041188,-2757.943793,8586.388927
1164.064369,1036.288319,-766.095498,9474.636058
1164.064695,1702.473667,3370.820191,11029.068536
1164.065021,518.144159,4596.572988,10807.006753
1164.065347,-370.102971,1838.629195,8290.306550
1164.065673,518.144159,-1378.971896,7698.141797
1164.065999,-370.102971,0.000000,9622.677246
1164.066325,-2368.659014,3447.429741,9770.718434
1164.066650,-2886.803174,3140.991542,8956.491898
1164.066976,-1258.350101,-1532.190996,8956.491898
1164.067302,296.082377,-3294.210641,9696.697840
1164.067628,370.102971,1072.533697,9400.615463
1164.067954,-444.123565,5286.058936,9548.656652
1164.068280,-814.226536,2681.334243,9030.512492
1164.068606,1110.308913,-2757.943793,7772.162391
1164.068932,222.061783,-1302.362347,9770.718434
1164.069258,-2738.761985,2987.772442,9770.718434
1164.069584,-2516.700203,3140.991542,8808.450710
1164.069910,-296.082377,-1838.629195,9252.574275
1164.070236,74.020594,-5056.230287,10066.800811
1164.070561,-740.205942,-766.095498,10214.842000
1164.070887,0.000000,4443.353888,10066.800811
1164.071213,296.082377,2451.505594,10288.862594
1164.071539,1036.288319,-3370.820191,7254.018232
1164.071865,0.000000,-2298.286494,7846.182985
1164.072191,0.000000,2451.505594,8734.430116
1164.072517,296.082377,4366.744339,9252.574275
1164.072843,444.123565,-229.828649,9474.636058
1164.073169,1480.411884,-4749.792088,8882.471304
1164.073495,814.226536,-1072.533697,9844.739029
1164.073821,1480.411884,3294.210641,10510.924376
1164.074146,888.247130,2757.943793,10510.924376
1164.074472,444.123565,-2757.943793,7698.141797
1164.074798,-518.144159,-4136.915689,7179.997637
1164.075124,-888.247130,536.266849,9992.780217
1164.075450,-1110.308913,3370.820191,8660.409521
1164.075776,-1258.350101,383.047749,9326.594869
1164.076102,148.041188,-4136.915689,8512.368333
1164.076428,814.226536,0.000000,9622.677246
1164.076754,1776.494261,4903.011187,10584.944971
1164.077080,518.144159,2987.772442,10140.821405
1164.077406,-1184.329507,-1915.238745,7624.121203
1164.077732,-592.164754,-3600.648841,8956.491898
1164.078057,0.000000,459.657299,10066.800811
1164.078383,0.000000,3753.867940,10732.986159
1164.078709,-1332.370696,1149.143247,11547.212695
1164.079035,962.267725,-4596.572988,9548.656652
1164.079361,2368.659014,-1225.752797,9474.636058
1164.079687,2442.679609,3753.867940,9622.677246
1164.080013,1258.350101,5362.668486,9548.656652
1164.080339,1628.453072,2374.896044,7402.059420
1164.080665,2442.679609,-306.438199,8142.265362
1164.080991,74.020594,1225.752797,9252.574275
1164.081317,-1924.535449,2911.162892,7476.080014
1164.081643,-2072.576638,1762.019645,8216.285956
1164.081968,-296.082377,-1991.848295,9844.739029
1164.082294,-222.061783,-1685.410096,10214.842000
1164.082620,-222.061783,1149.143247,9844.739029
1164.082946,-666.185348,2528.115143,8734.430116
1164.083272,-666.185348,1991.848295,8512.368333
1164.083598,-518.144159,76.609550,7254.018232
1164.083924,666.185348,842.705048,7550.100608
1164.084250,296.082377,3217.601092,8808.450710
1164.084576,-1184.329507,3600.648841,9326.594869
1164.084902,0.000000,766.095498,9178.553681
1164.085228,444.123565,0.000000,8734.430116
1164.085553,-74.020594,612.876398,9992.780217
1164.085879,0.000000,2451.505594,10732.986159
1164.086205,0.000000,2528.115143,9918.759623
1164.086531,-592.164754,-612.876398,9474.636058
1164.086857,-1554.432478,-1915.238745,8660.409521
1164.087183,-2516.700203,459.657299,9178.553681
1164.087509,-1406.391290,1608.800546,9400.615463
1164.087835,-1554.432478,1532.190996,9548.656652
1164.088161,-1184.329507,-76.609550,9326.594869
1164.088487,1036.288319,-536.266849,8142.265362
1164.088813,1702.473667,1991.848295,8364.327145
1164.089139,222.061783,2681.334243,8808.450710
1164.089464,-1554.432478,1455.581446,9030.512492
1164.089790,-1110.308913,-1149.143247,7550.100608
1164.090116,-592.164754,-995.924147,10140.821405
1164.090442,-2368.659014,-1149.143247,10510.924376
1164.090768,-3256.906145,-1302.362347,9252.574275
1164.091094,-1332.370696,-2604.724693,9104.533087
1164.091420,1480.411884,-3140.991542,11177.109724
1164.091746,2220.617826,0.000000,10584.944971
1164.092072,2516.700203,2757.943793,9696.697840
1164.092398,1776.494261,2911.162892,8956.491898
1164.092724,2960.823768,-612.876398,7920.203579
1164.093049,1998.556043,306.438199,10140.821405
1164.093375,1036.288319,1302.362347,9474.636058
1164.093701,-444.123565,1225.752797,9474.636058
1164.094027,740.205942,-2221.676944,8734.430116
1164.094353,148.041188,-3600.648841,10807.006753
1164.094679,-1480.411884,76.609550,10955.047942
1164.095005,-1332.370696,2221.676944,10362.883188
1164.095331,-1332.370696,459.657299,8882.471304
1164.095657,-1184.329507,-3524.039291,7254.018232
1164.095983,-2664.741391,-1991.848295,7772.162391
1164.096309,-2516.700203,3217.601092,7772.162391
1164.096635,-1628.453072,4290.134789,8290.306550
1164.096960,518.144159,-306.438199,8734.430116
1164.097286,1036.288319,-1072.533697,7328.038826
1164.097612,1258.350101,2451.505594,8438.347739
1164.097938,1998.556043,5515.887586,10066.800811
1164.098264,2664.741391,3830.477490,9696.697840
1164.098590,1184.329507,229.828649,8882.471304
1164.098916,518.144159,-1225.752797,8364.327145
1164.099242,-148.041188,1991.848295,9770.718434
1164.099568,-518.144159,3600.648841,10584.944971
1164.099894,-962.267725,306.438199,11399.171507
1164.100220,814.226536,-2145.067394,9252.574275
1164.100545,1776.494261,536.266849,10140.821405
1164.100871,2516.700203,3830.477490,10584.944971
1164.101197,1406.391290,4749.792088,10362.883188
1164.101523,-74.020594,1991.848295,8438.347739
1164.101849,-222.061783,-1149.143247,8290.306550
1164.102175,-1036.288319,766.095498,10066.800811
1164.102501,-1184.329507,2145.067394,9548.656652
1164.102827,-2960.823768,612.876398,9918.759623
1164.103153,-2294.638420,-2681.334243,8512.368333
1164.103479,148.041188,-2221.676944,9622.677246
1164.103805,1702.473667,2528.115143,9178.553681
1164.104131,1332.370696,5592.497135,8142.265362
1164.104456,-148.041188,2911.162892,7254.018232
1164.104782,2146.597232,-2221.676944,6439.791695
1164.105108,0.000000,842.705048,9030.512492
1164.105434,-592.164754,3064.381992,9400.615463
1164.105760,-1998.556043,2374.896044,8512.368333
1164.106086,-444.123565,-1378.971896,8438.347739
1164.106412,518.144159,-3600.648841,9474.636058
1164.106738,0.000000,536.266849,9622.677246
1164.107064,296.082377,3524.039291,9400.615463
1164.107390,148.041188,2298.286494,10066.800811
1164.107716,1036.288319,-1915.238745,8734.430116
1164.108041,-1110.308913,-1302.362347,9252.574275
1164.108367,-2590.720797,1225.752797,9992.780217
1164.108693,-1998.556043,1762.019645,9400.615463
1164.109019,-222.061783,-842.705048,9992.780217
1164.109345,1110.308913,-3907.087040,11177.109724
1164.109671,222.061783,-383.047749,10584.944971
1164.109997,814.226536,3064.381992,10658.965565
1164.110323,1554.432478,919.314598,10584.944971
1164.110649,-444.123565,-1991.848295,9178.553681
1164.110975,-1110.308913,-1685.410096,8882.471304
1164.111301,-888.247130,766.095498,10436.903782
1164.111627,-1332.370696,995.924147,10066.800811
1164.111952,-1998.556043,-2374.896044,10584.944971
1164.112278,-888.247130,-3064.381992,9400.615463
1164.112604,1036.288319,-536.266849,7476.080014
1164.112930,2072.576638,2757.943793,7994.224174
1164.113256,2368.659014,3983.696590,8512.368333
1164.113582,592.164754,2604.724693,7698.141797
1164.113908,740.205942,536.266849,6291.750507
1164.114234,1184.329507,919.314598,7402.059420
1164.114560,-518.144159,1302.362347,9178.553681
1164.114886,-1184.329507,766.095498,9844.739029
1164.115212,-370.102971,-612.876398,9770.718434
1164.115537,1406.391290,-2911.162892,8882.471304
1164.115863,888.247130,-1302.362347,11103.089130
1164.116189,740.205942,2987.772442,10436.903782
1164.116515,1480.411884,4136.915689,9622.677246
1164.116841,2072.576638,612.876398,8808.450710
1164.117167,1036.288319,-1685.410096,9030.512492
1164.117493,-1110.308913,1378.971896,10288.862594
1164.117819,-1702.473667,3140.991542,9030.512492
1164.118145,-148.041188,842.705048,9548.656652
1164.118471,814.226536,-2374.896044,10658.965565
1164.118797,444.123565,-995.924147,10436.903782
1164.119123,0.000000,3907.087040,9030.512492
1164.119448,0.000000,3447.429741,9104.533087
1164.119774,0.000000,-229.828649,9030.512492
1164.120100,0.000000,-459.657299,8438.347739
1164.120426,-888.247130,2987.772442,8882.471304
1164.120752,-444.123565,3524.039291,9400.615463
1164.121078,74.020594,76.609550,8586.388927
1164.121404,222.061783,-1762.019645,9992.780217
1164.121730,962.267725,383.047749,9992.780217
1164.122056,1554.432478,4443.353888,9252.574275
1164.122382,2442.679609,3907.087040,10214.842000
1164.122708,1258.350101,536.266849,9178.553681
1164.123033,0.000000,766.095498,7402.059420
1164.123359,-1036.288319,1991.848295,7994.224174
1164.123685,-1924.535449,2374.896044,8808.450710
1164.124011,-2590.720797,229.828649,7920.203579
1164.124337,-2146.597232,-1915.238745,8142.265362
1164.124663,-814.226536,-383.047749,9400.615463
1164.124989,-962.267725,2298.286494,9326.594869
1164.125315,0.000000,2911.162892,9918.759623
1164.125641,-666.185348,1455.581446,10140.821405
1164.125967,-1332.370696,-995.924147,7254.018232
1164.126293,-1924.535449,-1072.533697,8216.285956
1164.126619,-2886.803174,153.219100,9474.636058
1164.126945,-3256.906145,76.609550,8882.471304
1164.127271,-3034.844362,-2068.457845,9178.553681
1164.127597,0.000000,-2145.067394,10510.924376
1164.127923,1184.329507,306.438199,11473.192101
1164.128249,1628.453072,2068.457845,10955.047942
1164.128575,1406.391290,1685.410096,10510.924376
1164.128901,2442.679609,-383.047749,8882.471304
1164.129227,2590.720797,-383.047749,9326.594869
1164.129553,1332.370696,1915.238745,9992.780217
1164.129879,148.041188,2221.676944,9400.615463
1164.130205,-592.164754,76.609550,8882.471304
1164.130531,888.247130,-2451.505594,9918.759623
1164.130857,1924.535449,-383.047749,9696.697840
1164.131183,1110.308913,2528.115143,9178.553681
1164.131509,-296.082377,1608.800546,8290.306550
1164.131835,-296.082377,-1762.019645,7476.080014
1164.132161,-888.247130,-1838.629195,8438.347739
1164.132487,-2146.597232,536.266849,9400.615463
1164.132813,-2368.659014,2757.943793,8882.471304
1164.133139,-740.205942,-689.485948,7846.182985
1164.133465,592.164754,-2757.943793,8734.430116
1164.133791,666.185348,-306.438199,9474.636058
1164.134117,444.123565,3677.258390,9474.636058
1164.134443,2146.597232,2834.553343,9918.759623
1164.134769,2886.803174,76.609550,9178.553681
1164.135095,888.247130,-459.657299,9400.615463
1164.135421,-1332.370696,153.219100,9178.553681
1164.135747,-1628.453072,1149.143247,9918.759623
1164.136073,-1036.288319,-612.876398,10732.986159
1164.136399,-370.102971,-842.705048,11473.192101
1164.136725,888.247130,306.438199,9622.677246
1164.137051,2294.638420,2451.505594,9400.615463
1164.137377,1850.514855,1685.410096,9030.512492
1164.137703,1036.288319,2374.896044,8808.450710
1164.138029,1184.329507,2604.724693,7476.080014
1164.138355,1480.411884,3064.381992,8660.409521
1164.138681,-518.144159,2528.115143,8660.409521
1164.139007,-1628.453072,1378.971896,8956.491898
1164.139333,-2368.659014,-689.485948,8216.285956
1164.139659,0.000000,-995.924147,8586.388927
1164.139985,888.247130,1838.629195,10362.883188
1164.140311,888.247130,3370.820191,10362.883188
1164.140637,0.000000,3370.820191,8808.450710
1164.140963,148.041188,459.657299,6513.812290
1164.141289,-740.205942,-229.828649,7179.997637
1164.141615,-1554.432478,2987.772442,8364.327145
1164.141941,-1628.453072,4903.011187,9400.615463
1164.142267,-1480.411884,1838.629195,9474.636058
1164.142593,-962.267725,-3140.991542,9622.677246
1164.142919,-1850.514855,-2451.505594,10066.800811
1164.143245,-1850.514855,1455.581446,8512.368333
1164.143571,-1184.329507,2221.676944,9474.636058
1164.143897,666.185348,-1532.190996,8808.450710
1164.144223,296.082377,-2374.896044,10362.883188
1164.144549,-962.267725,1378.971896,11843.295072
1164.144875,-962.267725,2451.505594,10658.965565
1164.145201,0.000000,153.219100,9474.636058
1164.145527,2590.720797,-3524.039291,9696.697840
1164.145853,1628.453072,-306.438199,11177.109724
1164.146179,888.247130,3600.648841,10214.842000
1164.146505,74.020594,2681.334243,10436.903782
1164.146831,0.000000,-3524.039291,8216.285956
1164.147157,-1998.556043,-4366.744339,7550.100608
1164.147483,-2516.700203,383.047749,8068.244768
1164.147809,-1480.411884,3370.820191,9474.636058
1164.148135,-444.123565,0.000000,9326.594869
1164.148461,0.000000,-3907.087040,8364.327145
1164.148787,666.185348,-1762.019645,7402.059420
1164.149113,2516.700203,3140.991542,7994.224174
1164.149439,4885.359217,4366.744339,10436.903782
1164.149765,4145.153275,1455.581446,10881.027347
1164.150091,1480.411884,-536.266849,9030.512492
1164.150417,666.185348,76.609550,9178.553681
1164.150743,814.226536,2068.457845,9548.656652
1164.151069,-1480.411884,76.609550,8734.430116
1164.151395,-2146.597232,-2451.505594,9400.615463
1164.151721,-148.041188,-1685.410096,10140.821405
1164.152047,370.102971,1072.533697,12361.439231
1164.152373,-888.247130,2145.067394,11399.171507
1164.152699,-1850.514855,-229.828649,8438.347739
1164.153025,-888.247130,-1762.019645,6661.853478
1164.153351,518.144159,306.438199,8734.430116
1164.153677,-666.185348,5286.058936,11177.109724
1164.154003,-1776.494261,3064.381992,8882.471304
1164.154329,-2146.597232,-1762.019645,7179.997637
1164.154655,222.061783,-3447.429741,8290.306550
1164.154981,814.226536,1455.581446,10732.986159
1164.155307,888.247130,5745.716235,9326.594869
1164.155633,814.226536,4213.525239,9548.656652
1164.155959,1184.329507,-1915.238745,8586.388927
1164.156285,0.000000,-1991.848295,7179.997637
1164.156611,-370.102971,2911.162892,7550.100608
1164.156937,-518.144159,5439.278036,8290.306550
1164.157263,518.144159,2911.162892,8660.409521
1164.157589,2812.782580,-383.047749,9844.739029
1164.157915,1406.391290,1225.752797,10066.800811
1164.158241,0.000000,4596.572988,8438.347739
1164.158567,222.061783,4136.915689,8290.306550
1164.158893,1184.329507,459.657299,8364.327145
1164.159219,-222.061783,-536.266849,8734.430116
1164.159545,-1924.535449,1149.143247,9252.574275
1164.159871,-3552.988522,1685.410096,9326.594869
1164.160197,-3256.906145,-612.876398,9326.594869
1164.160523,-2516.700203,-1762.019645,10584.944971
1164.160849,-592.164754,-459.657299,10510.924376
1164.161175,0.000000,1838.629195,9178.553681
1164.161501,518.144159,1762.019645,9622.677246
1164.161827,518.144159,-612.876398,9992.780217
1164.162153,-444.123565,-612.876398,7846.182985
1164.162479,-740.205942,919.314598,8956.491898
1164.162805,592.164754,306.438199,11251.130318
1164.163131,296.082377,-306.438199,10658.965565
1164.163457,-1036.288319,-1991.848295,9844.739029
1164.163783,888.247130,-2604.724693,10066.800811
1164.164109,1628.453072,0.000000,10436.903782
1164.164435,1480.411884,1762.019645,9030.512492
1164.164761,444.123565,1838.629195,9400.615463
1164.165087,592.164754,-1225.752797,7476.080014
1164.165413,-444.123565,-919.314598,8438.347739
1164.165739,-296.082377,229.828649,9104.533087
1164.166065,-1702.473667,1149.143247,8512.368333
1164.166391,-1850.514855,-383.047749,7920.203579
1164.166717,814.226536,-2681.334243,8734.430116
1164.167043,1036.288319,-1455.581446,9992.780217
1164.167369,296.082377,919.314598,9030.512492
1164.167695,0.000000,1378.971896,9104.533087
1164.168021,1258.350101,-919.314598,7698.141797
1164.168347,444.123565,-1532.190996,9252.574275
1164.168673,370.102971,1225.752797,11473.192101
1164.168999,-592.164754,3294.210641,10807.006753
1164.169325,-814.226536,383.047749,8142.265362
1164.169651,1480.411884,-4136.915689,7698.141797
1164.169977,888.247130,-536.266849,9326.594869
1164.170303,296.082377,4366.744339,10140.821405
1164.170629,-666.185348,4136.915689,10510.924376
1164.170955,0.000000,-1302.362347,9548.656652
1164.171281,-1554.432478,-3753.867940,8956.491898
1164.171607,-3627.009116,842.705048,8068.244768
1164.171933,-2738.761985,2451.505594,8142.265362
1164.172259,-1628.453072,459.657299,11473.192101
1164.172585,-1036.288319,-2604.724693,10732.986159
1164.172911,0.000000,-1378.971896,10288.862594
1164.173237,962.267725,2987.772442,9548.656652
1164.173563,1924.535449,4903.011187,8734.430116
1164.173889,2368.659014,2987.772442,10140.821405
1164.174215,2812.782580,0.000000,8808.450710
1164.174541,1036.288319,1838.629195,8734.430116
1164.174867,1480.411884,2681.334243,9474.636058
1164.175193,-74.020594,1838.629195,9474.636058
1164.175519,-888.247130,0.000000,7476.080014
1164.175845,1184.329507,-766.095498,9030.512492
1164.176171,1628.453072,2374.896044,9918.759623
1164.176497,2146.597232,4596.572988,8216.285956
1164.176823,814.226536,4366.744339,8216.285956
1164.177149,518.144159,1608.800546,6661.853478
1164.177475,-592.164754,1072.533697,6365.771101
1164.177801,-1110.308913,2221.676944,8956.491898
1164.178127,-1998.556043,1762.019645,9622.677246
1164.178453,-2664.741391,-229.828649,7846.182985
1164.178779,-962.267725,-1685.410096,9252.574275
1164.179105,370.102971,-536.266849,11029.068536
1164.179431,-1110.308913,2145.067394,10584.944971
1164.179757,-814.226536,1685.410096,9474.636058
1164.180083,518.144159,-2145.067394,9326.594869
1164.180409,296.082377,-1608.800546,9400.615463
1164.180735,-444.123565,2528.115143,11103.089130
1164.181061,0.000000,4443.353888,10658.965565
1164.181387,296.082377,995.924147,9178.553681
1164.181713,1110.308913,-3600.648841,8438.347739
1164.182039,2368.659014,-2374.896044,9252.574275
1164.182365,518.144159,4443.353888,10214.842000
1164.182691,370.102971,5056.230287,11399.171507
1164.183017,1036.288319,-459.657299,9326.594869
1164.183343,-444.123565,-4903.011187,7179.997637
1164.183669,-2664.741391,-3294.210641,8290.306550
1164.183995,-2442.679609,2145.067394,9178.553681
1164.184321,-518.144159,1685.410096,9622.677246
1164.184647,518.144159,-3983.696590,10584.944971
1164.184973,1332.370696,-3677.258390,10362.883188
1164.185299,740.205942,1838.629195,8956.491898
1164.185625,1702.473667,4136.915689,8364.327145
1164.185951,2590.720797,536.266849,9770.718434
1164.186277,1110.308913,-1915.238745,8216.285956
1164.186603,-222.061783,0.000000,8364.327145
1164.186929,-888.247130,1455.581446,8882.471304
1164.187255,-1332.370696,612.876398,9918.759623
1164.187581,-2220.617826,-2298.286494,9474.636058
1164.187907,-1110.308913,-3370.820191,9030.512492
1164.188233,296.082377,-689.485948,9918.759623
1164.188559,0.000000,2374.896044,10362.883188
1164.188885,-814.226536,2528.115143,9844.739029
1164.189211,518.144159,-383.047749,6513.812290
1164.189537,814.226536,-995.924147,6513.812290
1164.189863,0.000000,2834.553343,9548.656652
1164.190189,-592.164754,4826.401637,9770.718434
1164.190515,-1258.350101,2298.286494,8734.430116
1164.190841,74.020594,-2068.457845,9474.636058
1164.191167,296.082377,-2145.067394,11177.109724
1164.191493,-444.123565,2757.943793,10288.862594
1164.191819,-518.144159,4366.744339,9844.739029
1164.192145,-370.102971,-536.266849,9178.553681
1164.192471,-1406.391290,-3447.429741,8512.368333
1164.192797,-1554.432478,383.047749,10140.821405
1164.193123,-1628.453072,4443.353888,10658.965565
1164.193449,-1702.473667,3064.381992,8660.409521
1164.193775,592.164754,-1762.019645,8290.306550
1164.194101,2368.659014,-1072.533697,10732.986159
1164.194428,2368.659014,4443.353888,9252.574275
1164.194754,1554.432478,6971.469032,9622.677246
1164.195080,2812.782580,1762.019645,7846.182985
1164.195406,1702.473667,-1225.752797,7328.038826
1164.195732,-444.123565,1302.362347,8068.244768
1164.196058,-666.185348,3140.991542,8956.491898
1164.196384,-1036.288319,1838.629195,9474.636058
1164.196710,-518.144159,-2451.505594,9770.718434
1164.197036,444.123565,-1915.238745,11029.068536
1164.197362,1258.350101,2451.505594,9474.636058
1164.197688,1110.308913,3983.696590,9992.780217
1164.198014,1850.514855,76.609550,8956.491898
1164.198340,518.144159,-1838.629195,6661.853478
1164.198666,-666.185348,1072.533697,7254.018232
1164.198992,-296.082377,3677.258390,8660.409521
1164.199318,-592.164754,3217.601092,9474.636058
1164.199644,-2146.597232,-1915.238745,9178.553681
1164.199970,-1184.329507,-3447.429741,8512.368333
1164.200296,0.000000,-383.047749,9770.718434
1164.200622,-444.123565,1685.410096,10584.944971
1164.200948,-1110.308913,459.657299,10362.883188
1164.201274,0.000000,-3064.381992,8956.491898
1164.201600,-370.102971,-1532.190996,9844.739029
1164.201926,-1258.350101,1838.629195,10436.903782
1164.202252,-222.061783,2604.724693,9622.677246
1164.202578,-962.267725,-153.219100,9548.656652
1164.202904,444.123565,-3140.991542,9178.553681
1164.203230,2072.576638,-766.095498,10066.800811
1164.203556,1702.473667,3753.867940,10436.903782
1164.203882,-1184.329507,3600.648841,9696.697840
1164.204208,-444.123565,-995.924147,7402.059420
1164.204534,370.102971,-3064.381992,8438.347739
1164.204860,-1406.391290,-995.924147,9548.656652
1164.205186,-2738.761985,1685.410096,9622.677246
1164.205512,-2664.741391,995.924147,9474.636058
1164.205838,-518.144159,-3140.991542,9844.739029
1164.206164,518.144159,-2528.115143,9918.759623
1164.206490,296.082377,995.924147,8586.388927
1164.206816,222.061783,3830.477490,9252.574275
1164.207142,1628.453072,766.095498,8364.327145
1164.207468,1406.391290,-1532.190996,8734.430116
1164.207794,-222.061783,-153.219100,8512.368333
1164.208120,-1184.329507,2528.115143,8586.388927
1164.208446,-740.205942,1915.238745,8660.409521
1164.208772,518.144159,-1378.971896,8512.368333
1164.209098,1628.453072,-1378.971896,9844.739029
1164.209424,1258.350101,1762.019645,10881.027347
1164.209750,888.247130,3753.867940,9622.677246
1164.210076,1924.535449,1378.971896,9696.697840
1164.210402,962.267725,-1149.143247,8734.430116
1164.210728,-1110.308913,306.438199,9030.512492
1164.211054,-740.205942,2911.162892,9474.636058
1164.211380,-148.041188,2221.676944,10955.047942
1164.211706,-1184.329507,-1072.533697,9030.512492
1164.212032,0.000000,-1838.629195,7328.038826
1164.212358,1036.288319,1455.581446,9770.718434
1164.212684,1628.453072,4903.011187,10955.047942
1164.213010,666.185348,4673.182538,10436.903782
1164.213336,1184.329507,0.000000,8586.388927
1164.213662,370.102971,-1072.533697,8512.368333
1164.213988,444.123565,2528.115143,8808.450710
1164.214314,814.226536,4060.306139,9622.677246
1164.214640,0.000000,1685.410096,8956.491898
1164.214966,962.267725,-1685.410096,8364.327145
1164.215292,2442.679609,766.095498,9474.636058
1164.215618,1776.494261,4749.792088,9622.677246
1164.215944,-1110.308913,5132.839837,8364.327145
1164.216270,-1110.308913,229.828649,7031.956449
1164.216596,-296.082377,-2987.772442,6809.894666
1164.216922,-1628.453072,306.438199,8660.409521
1164.217248,-2442.679609,4136.915689,10658.965565
1164.217574,-3182.885551,2068.457845,10881.027347
1164.217900,-296.082377,-3983.696590,8956.491898
1164.218226,740.205942,-4213.525239,10436.903782
1164.218552,-1850.514855,1532.190996,10066.800811
1164.218878,-2294.638420,4749.792088,8290.306550
1164.219204,-222.061783,0.000000,9104.533087
1164.219530,-518.144159,-3907.087040,9104.533087
1164.219856,-2960.823768,-1915.238745,8956.491898
1164.220182,-3701.029710,2298.286494,8364.327145
1164.220508,-1702.473667,1225.752797,9104.533087
1164.220834,-592.164754,-4290.134789,9770.718434
1164.221160,74.020594,-3983.696590,11103.089130
1164.221486,222.061783,1072.533697,11473.192101
1164.221812,1332.370696,3064.381992,9474.636058
1164.222138,2442.679609,0.000000,10288.862594
1164.222464,2590.720797,-2528.115143,10066.800811
1164.222790,1406.391290,383.047749,9622.677246
1164.223116,1258.350101,3524.039291,9474.636058
1164.223442,1332.370696,766.095498,9400.615463
1164.223768,-518.144159,-3217.601092,8142.265362
1164.224094,0.000000,-1302.362347,8364.327145
1164.224420,1776.494261,2221.676944,10288.862594
1164.224746,1850.514855,3753.867940,9770.718434
1164.225072,-444.123565,153.219100,9548.656652
1164.225398,-814.226536,-2834.553343,8290.306550
1164.225724,-1628.453072,-1378.971896,7476.080014
1164.226050,-740.205942,842.705048,8660.409521
1164.226376,-1998.556043,2298.286494,11325.150913
1164.226705,-2294.638420,-919.314598,8512.368333
1164.227031,222.061783,-2911.162892,7698.141797
1164.227357,2220.617826,-995.924147,10436.903782
1164.227683,1628.453072,2911.162892,10807.006753
1164.228008,518.144159,4519.963438,9104.533087
1164.228334,1776.494261,1532.190996,7476.080014
1164.228660,1776.494261,-459.657299,7698.141797
1164.228986,-222.061783,2374.896044,8660.409521
1164.229312,-962.267725,3907.087040,9474.636058
1164.229638,-814.226536,2528.115143,9548.656652
1164.229964,-74.020594,-1532.190996,9400.615463
1164.230290,1406.391290,-1225.752797,10955.047942
1164.230616,1480.411884,2681.334243,10658.965565
1164.230942,0.000000,5209.449386,9844.739029
1164.231268,-222.061783,1991.848295,9400.615463
1164.231593,1258.350101,-1378.971896,8512.368333
1164.231919,0.000000,995.924147,7698.141797
1164.232245,-1110.308913,3753.867940,7772.162391
1164.232571,-888.247130,4290.134789,9400.615463
1164.232897,148.041188,153.219100,8660.409521
1164.233223,1110.308913,-612.876398,9548.656652
1164.233549,962.267725,2374.896044,9252.574275
1164.233875,592.164754,4903.011187,8512.368333
1164.234201,814.226536,2681.334243,7994.224174
1164.234527,814.226536,-1149.143247,8734.430116
1164.234853,-1258.350101,-459.657299,9548.656652
1164.235178,-2368.659014,2068.457845,9474.636058
1164.235504,-1998.556043,1302.362347,9474.636058
1164.235830,-1480.411884,-1915.238745,8956.491898
1164.236156,-1036.288319,-2834.553343,8438.347739
1164.236482,-296.082377,1149.143247,9844.739029
1164.236808,592.164754,3600.648841,10658.965565
1164.237134,148.041188,1838.629195,9992.780217
1164.237460,222.061783,-1838.629195,9104.533087
1164.237786,-814.226536,-1532.190996,8512.368333
1164.238112,-888.247130,1072.533697,8882.471304
1164.238438,0.000000,1455.581446,10658.965565
1164.238763,-1480.411884,-1225.752797,10732.986159
1164.239089,-1332.370696,-3677.258390,9622.677246
1164.239415,814.226536,-1838.629195,10140.821405
1164.239741,592.164754,1225.752797,10362.883188
1164.240067,-1110.308913,1532.190996,8586.388927
1164.240393,444.123565,-459.657299,6883.915261
1164.240719,814.226536,-766.095498,7179.997637
1164.241045,-592.164754,995.924147,8808.450710
1164.241371,-1776.494261,2145.067394,8438.347739
1164.241697,-1110.308913,0.000000,8808.450710
1164.242022,-296.082377,-3217.601092,8512.368333
1164.242348,814.226536,-1915.238745,9548.656652
1164.242674,666.185348,1762.019645,11547.212695
1164.243000,518.144159,2451.505594,10436.903782
1164.243326,1258.350101,-1149.143247,9474.636058
1164.243652,1628.453072,-3524.039291,9548.656652
1164.243978,0.000000,0.000000,9992.780217
1164.244304,-1406.391290,3830.477490,9548.656652
1164.244630,148.041188,1072.533697,10362.883188
1164.244956,1184.329507,-3370.820191,9474.636058
1164.245282,1258.350101,-1532.190996,9992.780217
1164.245607,1184.329507,3447.429741,11177.109724
1164.245933,1702.473667,5592.497135,9104.533087
1164.246259,1258.350101,1532.190996,8438.347739
1164.246585,888.247130,-3294.210641,8808.450710
1164.246911,-2072.576638,-306.438199,9770.718434
1164.247237,-3034.844362,4519.963438,8882.471304
1164.247563,-2146.597232,2298.286494,9252.574275
1164.247889,-1406.391290,-4060.306139,8808.450710
1164.248215,-1406.391290,-2834.553343,7402.059420
1164.248541,-592.164754,3140.991542,9030.512492
1164.248867,740.205942,5362.668486,9326.594869
1164.249192,888.247130,2987.772442,8438.347739
1164.249518,2220.617826,612.876398,7254.018232
1164.249844,1480.411884,3217.601092,7402.059420
1164.250170,1036.288319,5745.716235,7105.977043
1164.250496,1184.329507,3370.820191,8734.430116
1164.250822,814.226536,153.219100,9770.718434
1164.251148,2146.597232,153.219100,9992.780217
1164.251474,3256.906145,2911.162892,11843.295072
1164.251800,3552.988522,2834.553343,11177.109724
1164.252126,444.123565,766.095498,11103.089130
1164.252451,-740.205942,-1685.410096,8660.409521
1164.252777,-370.102971,-995.924147,9770.718434
1164.253103,-1628.453072,1532.190996,10732.986159
1164.253429,-2294.638420,2298.286494,11621.233289
1164.253755,-1554.432478,383.047749,8808.450710
1164.254081,-1406.391290,-1991.848295,6439.791695
1164.254407,-740.205942,-459.657299,7550.100608
1164.254733,518.144159,1915.238745,9104.533087
1164.255059,-1258.350101,5362.668486,9326.594869
1164.255385,-962.267725,536.266849,8734.430116
1164.255711,-518.144159,-2681.334243,8438.347739
1164.256036,-2516.700203,-1149.143247,9400.615463
1164.256362,-3330.926739,306.438199,8438.347739
1164.256688,-2886.803174,536.266849,8808.450710
1164.257014,222.061783,-3064.381992,8734.430116
1164.257340,1850.514855,-1225.752797,10807.006753
1164.257666,2220.617826,3294.210641,10362.883188
1164.257992,1776.494261,4596.572988,8882.471304
1164.258318,1036.288319,1302.362347,7846.182985
1164.258644,2072.576638,-2451.505594,8216.285956
1164.258970,-148.041188,-153.219100,9178.553681
1164.259296,-1258.350101,1608.800546,8734.430116
1164.259621,-1924.535449,995.924147,10732.986159
1164.259947,-1850.514855,-3830.477490,10362.883188
1164.260273,-2664.741391,-4903.011187,9548.656652
1164.260599,-1480.411884,-1302.362347,9252.574275
1164.260925,222.061783,1762.019645,9992.780217
1164.261251,1480.411884,1915.238745,10288.862594
1164.261577,1628.453072,536.266849,8956.491898
1164.261903,74.020594,229.828649,7772.162391
1164.262229,0.000000,2068.457845,7254.018232
1164.262555,-148.041188,2145.067394,8438.347739
1164.262881,0.000000,536.266849,9400.615463
1164.263206,0.000000,-689.485948,9622.677246
1164.263532,592.164754,0.000000,10658.965565
1164.263858,888.247130,0.000000,10140.821405
1164.264184,-888.247130,383.047749,10140.821405
1164.264510,-370.102971,-536.266849,8586.388927
1164.264836,888.247130,0.000000,9696.697840
1164.265162,-148.041188,383.047749,9770.718434
1164.265488,-1332.370696,383.047749,9770.718434
1164.265814,-1184.329507,536.266849,9474.636058
1164.266140,1110.308913,153.219100,8734.430116
1164.266465,3034.844362,1302.362347,9252.574275
1164.266791,3997.112087,2681.334243,10362.883188
1164.267117,1184.329507,4673.182538,9474.636058
1164.267443,296.082377,2451.505594,8290.306550
1164.267769,1184.329507,-842.705048,8068.244768
1164.268095,0.000000,-1455.581446,8364.327145
1164.268421,-3256.906145,1608.800546,9178.553681
1164.268747,-3256.906145,1915.238745,9326.594869
1164.269073,-1258.350101,-1149.143247,9844.739029
1164.269399,-370.102971,-3983.696590,9474.636058
1164.269725,296.082377,-766.095498,9400.615463
1164.270050,1332.370696,5515.887586,8956.491898
1164.270376,3627.009116,6511.811733,7846.182985
1164.270702,4367.215058,1225.752797,7254.018232
1164.271028,1628.453072,76.609550,8438.347739
1164.271354,-444.123565,3294.210641,8586.388927
1164.271680,296.082377,4903.011187,9400.615463
1164.272006,740.205942,153.219100,10510.924376
1164.272332,-1258.350101,-4213.525239,11103.089130
1164.272658,-1036.288319,-1762.019645,11029.068536
1164.272984,0.000000,1838.629195,10955.047942
1164.273310,-1110.308913,1149.143247,11325.150913
1164.273635,-1628.453072,-2451.505594,9844.739029
1164.273961,-1924.535449,-1072.533697,9474.636058
1164.274287,-1776.494261,2298.286494,8290.306550
1164.274613,-1332.370696,2298.286494,8808.450710
1164.274939,-2442.679609,-612.876398,8808.450710
1164.275265,-1702.473667,-1378.971896,7402.059420
1164.275591,-1332.370696,1762.019645,8734.430116
1164.275917,1332.370696,1915.238745,9104.533087
1164.276243,148.041188,1608.800546,10584.944971
1164.276569,-1110.308913,0.000000,8364.327145
1164.276894,-1184.329507,-1149.143247,8438.347739
1164.277220,-1480.411884,-383.047749,8734.430116
1164.277546,-2146.597232,-306.438199,9474.636058
1164.277872,-1924.535449,0.000000,9474.636058
1164.278198,370.102971,-919.314598,7920.203579
1164.278524,1332.370696,-76.609550,9622.677246
1164.278850,2738.761985,1762.019645,11177.109724
1164.279176,1554.432478,4749.792088,10807.006753
1164.279502,1776.494261,2298.286494,7328.038826
1164.279828,1998.556043,-2374.896044,6291.750507
1164.280154,518.144159,-1685.410096,8512.368333
1164.280479,-1184.329507,1915.238745,10140.821405
1164.280805,-2146.597232,3294.210641,10584.944971
1164.281131,-1036.288319,-2604.724693,9474.636058
1164.281457,148.041188,-5975.544884,9474.636058
1164.281783,296.082377,-1532.190996,10584.944971
1164.282109,1110.308913,4366.744339,10510.924376
1164.282435,2368.659014,4060.306139,10436.903782
1164.282761,3182.885551,-1072.533697,9918.759623
1164.283087,1332.370696,-1685.410096,9252.574275
1164.283413,-222.061783,2298.286494,7328.038826
1164.283739,0.000000,4826.401637,7402.059420
1164.284064,370.102971,459.657299,8216.285956
1164.284390,-518.144159,-2451.505594,9178.553681
1164.284716,-592.164754,0.000000,9770.718434
1164.285042,222.061783,4366.744339,10658.965565
1164.285368,-962.267725,2374.896044,9696.697840
1164.285694,-1332.370696,-2987.772442,7624.121203
1164.286020,-1480.411884,-2528.115143,8142.265362
1164.286346,-1184.329507,2145.067394,8660.409521
1164.286672,0.000000,4366.744339,9474.636058
1164.286998,1184.329507,306.438199,10214.842000
1164.287324,1480.411884,-3140.991542,9992.780217
1164.287649,2072.576638,536.266849,10288.862594
1164.287975,4071.132681,4903.011187,11251.130318
1164.288301,3404.947333,4366.744339,11399.171507
1164.288627,1554.432478,-612.876398,7031.956449
1164.288953,444.123565,-1608.800546,7254.018232
1164.289279,370.102971,2145.067394,9918.759623
1164.289605,-740.205942,4903.011187,9844.739029
1164.289931,-2960.823768,2068.457845,9030.512492
1164.290257,-1554.432478,-4519.963438,6957.935855
1164.290583,-1850.514855,-1991.848295,9400.615463
1164.290908,-740.205942,2834.553343,10214.842000
1164.291234,-962.267725,4903.011187,9770.718434
1164.291560,-2442.679609,459.657299,7550.100608
1164.291886,-2368.659014,-4136.915689,6513.812290
1164.292212,-1924.535449,-383.047749,9104.533087
1164.292538,-1554.432478,3983.696590,9918.759623
1164.292864,-2294.638420,3370.820191,10066.800811
1164.293190,-888.247130,-2604.724693,8808.450710
1164.293516,222.061783,-2298.286494,9252.574275
1164.293842,1332.370696,2604.724693,10066.800811
1164.294168,1184.329507,4673.182538,10288.862594
1164.294493,666.185348,1302.362347,8882.471304
1164.294819,2146.597232,-1838.629195,9474.636058
1164.295145,2146.597232,459.657299,11473.192101
1164.295471,518.144159,4596.572988,10140.821405
1164.295797,-592.164754,3064.381992,10214.842000
1164.296123,74.020594,-2145.067394,9400.615463
1164.296449,0.000000,-1991.848295,9400.615463
1164.296775,296.082377,995.924147,8512.368333
1164.297101,-592.164754,2681.334243,9400.615463
1164.297427,-1184.329507,766.095498,8660.409521
1164.297753,-1480.411884,-2604.724693,8216.285956
1164.298078,-1998.556043,-766.095498,7476.080014
1164.298404,-3034.844362,1608.800546,8586.388927
1164.298730,-2368.659014,1149.143247,9252.574275
1164.299056,-1332.370696,-2451.505594,8808.450710
1164.299382,-1184.329507,-2911.162892,9400.615463
1164.299708,296.082377,-689.485948,9844.739029
1164.300034,2368.659014,2451.505594,9992.780217
1164.300360,3552.988522,1608.800546,9696.697840
1164.300686,1184.329507,306.438199,9474.636058
1164.301012,1036.288319,153.219100,8438.347739
1164.301337,2220.617826,1608.800546,8438.347739
1164.301663,1628.453072,1608.800546,9474.636058
1164.301989,0.000000,536.266849,9770.718434
1164.302315,296.082377,-842.705048,8734.430116
1164.302641,1998.556043,0.000000,9252.574275
1164.302967,1850.514855,1225.752797,11029.068536
1164.303293,222.061783,2374.896044,10658.965565
1164.303619,-1480.411884,1685.410096,8734.430116
1164.303945,0.000000,-612.876398,7846.182985
1164.304271,-666.185348,-1455.581446,9770.718434
1164.304597,-2812.782580,229.828649,9104.533087
1164.304922,-3923.091493,1838.629195,8956.491898
1164.305248,-2368.659014,-459.657299,9030.512492
1164.305574,0.000000,-2221.676944,10288.862594
1164.305900,222.061783,153.219100,10436.903782
1164.306226,296.082377,3677.258390,10288.862594
1164.306552,888.247130,3907.087040,8882.471304
1164.306878,2368.659014,383.047749,8068.244768
1164.307204,1998.556043,-459.657299,8586.388927
1164.307530,-222.061783,2911.162892,8808.450710
1164.307856,-888.247130,5822.325785,9622.677246
1164.308182,74.020594,766.095498,9400.615463
1164.308507,518.144159,-3217.601092,9178.553681
1164.308833,888.247130,-1302.362347,8882.471304
1164.309159,1036.288319,4213.525239,9548.656652
1164.309485,1110.308913,6052.154434,9252.574275
1164.309811,740.205942,612.876398,7994.224174
1164.310137,-296.082377,-1072.533697,8512.368333
1164.310463,-518.144159,1225.752797,7179.997637
1164.310789,-296.082377,4290.134789,7550.100608
1164.311115,370.102971,2374.896044,9474.636058
1164.311441,0.000000,-1225.752797,10288.862594
1164.311767,-222.061783,76.609550,10066.800811
1164.312092,1110.308913,1455.581446,10140.821405
1164.312418,-666.185348,1608.800546,9992.780217
1164.312744,-1776.494261,-842.705048,7920.203579
1164.313070,-1628.453072,-919.314598,9178.553681
1164.313396,-444.123565,76.609550,10214.842000
1164.313722,-1258.350101,842.705048,10510.924376
1164.314048,-2368.659014,306.438199,10362.883188
1164.314374,-592.164754,-1608.800546,8364.327145
1164.314700,888.247130,306.438199,8586.388927
1164.315026,2812.782580,1685.410096,10807.006753
1164.315351,1184.329507,2681.334243,11325.150913
1164.315677,-370.102971,842.705048,8142.265362
1164.316003,0.000000,-1302.362347,7920.203579
1164.316329,0.000000,-459.657299,9400.615463
1164.316655,-1554.432478,1608.800546,9474.636058
1164.316981,-3034.844362,1685.410096,8808.450710
1164.317307,-1184.329507,-2757.943793,7328.038826
1164.317633,-1628.453072,-3294.210641,9326.594869
1164.317959,0.000000,-536.266849,9474.636058
1164.318285,888.247130,3907.087040,10140.821405
1164.318611,814.226536,2604.724693,7994.224174
1164.318936,444.123565,-1455.581446,9104.533087
1164.319262,74.020594,-1072.533697,9770.718434
1164.319588,0.000000,1991.848295,8216.285956
1164.319914,-1332.370696,1762.019645,8808.450710
1164.320240,-592.164754,-2451.505594,8660.409521
1164.320566,888.247130,-2451.505594,9770.718434
1164.320892,2590.720797,919.314598,10584.944971
1164.321218,1406.391290,3294.210641,10510.924376
1164.321544,1554.432478,1302.362347,9918.759623
1164.321870,2294.638420,-1455.581446,9474.636058
1164.322196,3182.885551,-536.266849,10066.800811
1164.322521,1554.432478,2374.896044,11177.109724
1164.322847,-814.226536,2298.286494,10881.027347
1164.323173,-592.164754,-1455.581446,9474.636058
1164.323499,-740.205942,-2987.772442,9326.594869
1164.323825,-370.102971,-306.438199,10140.821405
1164.324151,222.061783,2528.115143,8438.347739
1164.324477,-1332.370696,2451.505594,9104.533087
1164.324803,-1702.473667,-1608.800546,8142.265362
1164.325129,-1850.514855,-1455.581446,6883.915261
1164.325455,-2886.803174,1149.143247,7920.203579
1164.325780,-2886.803174,766.095498,9844.739029
1164.326106,-2368.659014,0.000000,9474.636058
1164.326432,814.226536,-1991.848295,8734.430116
1164.326758,2294.638420,-689.485948,10140.821405
1164.327084,4367.215058,3370.820191,9992.780217
1164.327410,4959.379811,7354.516781,10807.006753
1164.327736,5107.421000,5362.668486,9178.553681
1164.328062,3701.029710,1455.581446,6439.791695
1164.328388,2812.782580,1149.143247,7772.162391
1164.328714,1998.556043,3907.087040,9104.533087
1164.329040,-1184.329507,5439.278036,9178.553681
1164.329366,-1998.556043,842.705048,9474.636058
1164.329691,-1776.494261,-3677.258390,10510.924376
1164.330017,-2738.761985,-1685.410096,10288.862594
1164.330343,-4071.132681,1455.581446,10807.006753
1164.330669,-4441.235652,919.314598,9474.636058
1164.330995,-2368.659014,-1838.629195,8216.285956
1164.331321,-1554.432478,-1225.752797,9474.636058
1164.331647,-1850.514855,2834.553343,8808.450710
1164.331973,-2590.720797,4443.353888,7105.977043
1164.332299,-1406.391290,919.314598,6883.915261
1164.332625,370.102971,-1532.190996,8142.265362
1164.332951,666.185348,1685.410096,8956.491898
1164.333277,518.144159,4596.572988,10140.821405
1164.333603,0.000000,2681.334243,10436.903782
1164.333928,-222.061783,-2681.334243,9252.574275
1164.334254,-888.247130,-3753.867940,9696.697840
1164.334580,-1406.391290,-459.657299,10214.842000
1164.334906,-1702.473667,1838.629195,9770.718434
1164.335232,-222.061783,0.000000,10288.862594
1164.335558,1406.391290,-2911.162892,10436.903782
1164.335884,1406.391290,153.219100,9918.759623
1164.336210,2146.597232,2911.162892,8734.430116
1164.336536,2368.659014,3370.820191,9030.512492
1164.336862,2072.576638,153.219100,7846.182985
1164.337188,1406.391290,-1608.800546,7772.162391
1164.337514,0.000000,995.924147,8808.450710
1164.337840,-888.247130,1608.800546,10140.821405
1164.338166,-2072.576638,-1532.190996,10288.862594
1164.338491,-814.226536,-4903.011187,9918.759623
1164.338817,370.102971,-2911.162892,11103.089130
1164.339143,1776.494261,383.047749,11769.274478
1164.339469,1998.556043,2451.505594,11843.295072
1164.339795,1702.473667,689.485948,9104.533087
1164.340121,1406.391290,-1378.971896,6661.853478
1164.340447,740.205942,383.047749,7328.038826
1164.340773,592.164754,2987.772442,8216.285956
1164.341099,-1184.329507,3064.381992,8808.450710
1164.341425,-1258.350101,-612.876398,7994.224174
1164.341751,-1036.288319,-1838.629195,9178.553681
1164.342077,-888.247130,0.000000,9400.615463
1164.342403,-888.247130,1838.629195,9178.553681
1164.342728,-1184.329507,1072.533697,8512.368333
1164.343054,0.000000,-2298.286494,7624.121203
1164.343380,0.000000,-306.438199,10288.862594
1164.343706,-444.123565,2757.943793,10955.047942
1164.344032,-1850.514855,3447.429741,9030.512492
1164.344358,-444.123565,-919.314598,7698.141797
1164.344684,1850.514855,-2604.724693,9104.533087
1164.345010,1924.535449,2451.505594,11029.068536
1164.345336,1776.494261,6052.154434,10214.842000
1164.345662,1776.494261,3830.477490,9548.656652
1164.345988,1702.473667,-612.876398,8956.491898
1164.346314,1110.308913,0.000000,7772.162391
1164.346640,296.082377,4060.306139,9548.656652
1164.346965,-1184.329507,4519.963438,9770.718434
1164.347291,-1850.514855,-229.828649,9030.512492
1164.347617,-666.185348,-3447.429741,9622.677246
1164.347943,-1110.308913,-689.485948,10584.944971
1164.348269,-1332.370696,3447.429741,10214.842000
1164.348595,-222.061783,3907.087040,9918.759623
1164.348921,0.000000,0.000000,9400.615463
1164.349247,-222.061783,-1915.238745,7105.977043
1164.349573,-1110.308913,995.924147,6365.771101
1164.349899,-962.267725,2834.553343,7402.059420
1164.350225,-1554.432478,2145.067394,9178.553681
1164.350551,-740.205942,76.609550,9696.697840
1164.350877,666.185348,0.000000,9844.739029
1164.351202,1850.514855,995.924147,10288.862594
1164.351528,1110.308913,1915.238745,10658.965565
1164.351854,1628.453072,0.000000,8586.388927
1164.352180,814.226536,-612.876398,7698.141797
1164.352506,-148.041188,842.705048,10140.821405
1164.352832,-222.061783,2298.286494,10955.047942
1164.353158,-1036.288319,2145.067394,8660.409521
1164.353484,-1036.288319,-1608.800546,7994.224174
1164.353810,222.061783,-2298.286494,8512.368333
1164.354136,814.226536,1378.971896,9326.594869
1164.354462,518.144159,4060.306139,10362.883188
1164.354788,-518.144159,1915.238745,10955.047942
1164.355114,-1406.391290,-2528.115143,8512.368333
1164.355439,0.000000,-3140.991542,8290.306550
1164.355765,-1184.329507,-229.828649,9474.636058
1164.356091,-2516.700203,1608.800546,10436.903782
1164.356417,-1332.370696,-229.828649,10807.006753
1164.356743,1258.350101,-3753.867940,10214.842000
1164.357069,1036.288319,-2374.896044,9918.759623
1164.357395,444.123565,1532.190996,9400.615463
1164.357721,962.267725,3983.696590,9696.697840
1164.358047,2220.617826,459.657299,9326.594869
1164.358373,2220.617826,-1149.143247,9178.553681
1164.358699,370.102971,612.876398,9474.636058
1164.359025,-518.144159,3064.381992,7846.182985
1164.359351,370.102971,1608.800546,7179.997637
1164.359676,1184.329507,-1378.971896,8586.388927
1164.360002,296.082377,76.609550,9474.636058
1164.360328,0.000000,2757.943793,9400.615463
1164.360654,518.144159,2834.553343,9844.739029
1164.360980,0.000000,-1838.629195,8364.327145
1164.361306,-2146.597232,-1991.848295,7624.121203
1164.361632,-1924.535449,1302.362347,7846.182985
1164.361958,-740.205942,3294.210641,9844.739029
1164.362284,-296.082377,612.876398,9326.594869
1164.362610,-888.247130,-2221.676944,8882.471304
1164.362936,-222.061783,0.000000,9252.574275
1164.363262,1332.370696,4903.011187,10510.924376
1164.363588,1998.556043,5822.325785,11843.295072
1164.363913,1850.514855,0.000000,9474.636058
1164.364239,296.082377,-3064.381992,8216.285956
1164.364565,-296.082377,229.828649,9548.656652
1164.364891,-222.061783,4213.525239,12065.356855
1164.365217,-1258.350101,2528.115143,10510.924376
1164.365543,518.144159,-3217.601092,8290.306550
1164.365869,1998.556043,-2298.286494,9992.780217
1164.366195,2590.720797,3907.087040,9844.739029
1164.366521,1554.432478,7354.516781,8882.471304
1164.366847,2368.659014,3677.258390,7328.038826
1164.367173,1776.494261,-1302.362347,7105.977043
1164.367499,370.102971,919.314598,6957.935855
1164.367825,0.000000,3983.696590,8512.368333
1164.368151,-2368.659014,3140.991542,9178.553681
1164.368476,-3849.070898,-2451.505594,8660.409521
1164.368802,-2442.679609,-4749.792088,8808.450710
1164.369128,-592.164754,-1225.752797,10066.800811
1164.369454,-2960.823768,2528.115143,9770.718434
1164.369780,-3034.844362,1225.752797,8586.388927
1164.370106,-1332.370696,-2987.772442,7698.141797
1164.370432,-1628.453072,-2298.286494,8216.285956
1164.370758,-2442.679609,2221.676944,9622.677246
1164.371084,-1480.411884,3753.867940,8586.388927
1164.371410,-222.061783,229.828649,9252.574275
1164.371736,1036.288319,-3294.210641,10140.821405
1164.372062,1554.432478,-919.314598,11399.171507
1164.372388,814.226536,3140.991542,9992.780217
1164.372713,592.164754,1685.410096,10732.986159
1164.373039,1258.350101,-3217.601092,10066.800811
1164.373365,444.123565,-2987.772442,10584.944971
1164.373691,-592.164754,229.828649,10510.924376
1164.374017,-666.185348,1608.800546,9918.759623
1164.374343,-1554.432478,-612.876398,9474.636058
1164.374669,0.000000,-3064.381992,8216.285956
1164.374995,814.226536,-383.047749,8734.430116
1164.375321,2368.659014,2911.162892,8882.471304
1164.375647,1406.391290,3370.820191,9770.718434
1164.375973,518.144159,842.705048,9178.553681
1164.376299,-814.226536,-536.266849,7846.182985
1164.376625,-962.267725,-459.657299,7476.080014
1164.376950,-962.267725,-383.047749,9030.512492
1164.377276,-2812.782580,-766.095498,9252.574275
1164.377602,-2368.659014,-2374.896044,8290.306550
1164.377928,-296.082377,-2145.067394,9474.636058
1164.378254,1850.514855,229.828649,10732.986159
1164.378580,1110.308913,2451.505594,10658.965565
1164.378906,1998.556043,3064.381992,8364.327145
1164.379232,2146.597232,919.314598,6957.935855
1164.379558,1702.473667,1072.533697,7402.059420
1164.379884,1850.514855,2834.553343,9770.718434
1164.380210,518.144159,4213.525239,9918.759623
1164.380536,148.041188,689.485948,9474.636058
1164.380862,74.020594,-1991.848295,9178.553681
1164.381187,1998.556043,-995.924147,9844.739029
1164.381513,444.123565,3600.648841,11695.253884
1164.381839,-666.185348,4519.963438,9918.759623
1164.382165,-370.102971,-612.876398,8512.368333
1164.382491,0.000000,-3140.991542,7698.141797
1164.382817,-296.082377,1302.362347,8956.491898
1164.383143,-1702.473667,6128.763984,9474.636058
1164.383469,-148.041188,4060.306139,7698.141797
1164.383795,2146.597232,-766.095498,9474.636058
1164.384121,2220.617826,-229.828649,9474.636058
1164.384447,592.164754,3830.477490,8364.327145
1164.384773,888.247130,6665.030833,9104.533087
1164.385099,1036.288319,2221.676944,9844.739029
1164.385424,-666.185348,-1685.410096,9178.553681
1164.385750,-1184.329507,-919.314598,7105.977043
1164.386076,-1850.514855,1302.362347,9326.594869
1164.386402,-3034.844362,2374.896044,10881.027347
1164.386728,-2294.638420,229.828649,10436.903782
1164.387054,0.000000,-1455.581446,9474.636058
1164.387380,0.000000,-383.047749,8364.327145
1164.387706,-888.247130,2298.286494,7698.141797
1164.388032,444.123565,2987.772442,7994.224174
1164.388358,0.000000,1225.752797,8438.347739
1164.388684,-1628.453072,-229.828649,8586.388927
1164.389010,-1258.350101,0.000000,9104.533087
1164.389336,-1554.432478,153.219100,9474.636058
1164.389661,-2590.720797,-1072.533697,8956.491898
1164.389987,-1628.453072,-2757.943793,9178.553681
1164.390313,148.041188,-1378.971896,10436.903782
1164.390639,0.000000,1072.533697,11177.109724
1164.390965,296.082377,689.485948,10066.800811
1164.391291,296.082377,-1685.410096,7772.162391
1164.391617,74.020594,-1608.800546,8216.285956
1164.391943,592.164754,766.095498,10288.862594
1164.392269,592.164754,3600.648841,10732.986159
1164.392595,-148.041188,76.609550,9474.636058
1164.392921,518.144159,-4060.306139,8438.347739
1164.393247,1184.329507,-2528.115143,9844.739029
1164.393573,1480.411884,2451.505594,10584.944971
1164.393898,296.082377,2987.772442,9548.656652
1164.394224,-296.082377,-766.095498,8882.471304
1164.394550,-444.123565,-3370.820191,8882.471304
1164.394876,-592.164754,-842.705048,8364.327145
1164.395202,-1258.350101,2145.067394,7994.224174
1164.395528,-1184.329507,1608.800546,9104.533087
1164.395854,1998.556043,-2451.505594,10807.006753
1164.396180,3849.070898,-1991.848295,10658.965565
1164.396506,2146.597232,2145.067394,11843.295072
1164.396832,740.205942,3677.258390,10362.883188
1164.397158,814.226536,1762.019645,8438.347739
1164.397484,1332.370696,-2068.457845,9030.512492
1164.397810,-814.226536,-766.095498,8734.430116
1164.398136,-3923.091493,2987.772442,8290.306550
1164.398461,-3701.029710,1838.629195,8808.450710
1164.398787,-2368.659014,-3370.820191,7846.182985
1164.399113,-2146.597232,-2911.162892,9696.697840
1164.399439,-1184.329507,536.266849,10362.883188
1164.399765,-962.267725,3524.039291,9770.718434
1164.400091,296.082377,1991.848295,8734.430116
1164.400417,888.247130,-1378.971896,8660.409521
1164.400743,222.061783,689.485948,7328.038826
1164.401069,666.185348,3983.696590,6883.915261
1164.401395,740.205942,4213.525239,9252.574275
1164.401721,1924.535449,1455.581446,9474.636058
1164.402047,2812.782580,1149.143247,9400.615463
1164.402373,3997.112087,3140.991542,9622.677246
1164.402698,2368.659014,5362.668486,9474.636058
1164.403024,1776.494261,4213.525239,8808.450710
1164.403350,2442.679609,842.705048,8660.409521
1164.403676,2664.741391,612.876398,8882.471304
1164.404002,1776.494261,3294.210641,11695.253884
1164.404328,-296.082377,3753.867940,12583.501014
1164.404654,-1480.411884,1991.848295,8438.347739
1164.404980,-518.144159,-919.314598,7328.038826
1164.405306,518.144159,-766.095498,8882.471304
1164.405632,-1406.391290,4596.572988,10066.800811
1164.405958,-2072.576638,5286.058936,9178.553681
1164.406284,-2368.659014,-612.876398,8216.285956
1164.406610,-4589.276840,-4366.744339,6957.935855
1164.406935,-5329.482782,-1762.019645,7328.038826
1164.407261,-4367.215058,2451.505594,9622.677246
1164.407587,-3034.844362,1455.581446,9326.594869
1164.407913,-1554.432478,-4060.306139,9770.718434
1164.408239,518.144159,-3600.648841,11251.130318
1164.408565,518.144159,2604.724693,10658.965565
1164.408891,1332.370696,5209.449386,8882.471304
1164.409217,2812.782580,1149.143247,8882.471304
1164.409543,2886.803174,-2834.553343,7846.182985
1164.409869,814.226536,0.000000,8808.450710
1164.410195,518.144159,3370.820191,8586.388927
1164.410521,-222.061783,2068.457845,10288.862594
1164.410847,-444.123565,-3677.258390,9104.533087
1164.411172,1036.288319,-3907.087040,8882.471304
1164.411498,1850.514855,612.876398,9696.697840
1164.411824,-296.082377,2987.772442,10288.862594
1164.412150,666.185348,536.266849,10288.862594
1164.412476,1924.535449,-3140.991542,8808.450710
1164.412802,-1184.329507,-1762.019645,7994.224174
1164.413128,-2886.803174,612.876398,8438.347739
1164.413454,-2220.617826,383.047749,9474.636058
1164.413780,-1702.473667,-2681.334243,10066.800811
1164.414106,-1850.514855,-5209.449386,9992.780217
1164.414432,-518.144159,-1608.800546,10955.047942
1164.414758,0.000000,2298.286494,11843.295072
1164.415084,74.020594,1149.143247,9992.780217
1164.415409,-296.082377,-2221.676944,9030.512492
1164.415735,0.000000,-2145.067394,8364.327145
1164.416061,444.123565,1455.581446,9104.533087
1164.416387,370.102971,3447.429741,10658.965565
1164.416713,148.041188,1225.752797,9252.574275
1164.417039,222.061783,-2681.334243,8734.430116
1164.417365,1924.535449,-995.924147,9770.718434
1164.417691,2294.638420,4290.134789,10362.883188
1164.418017,1924.535449,5439.278036,8586.388927
1164.418343,1628.453072,536.266849,7254.018232
1164.418669,1332.370696,-1149.143247,8216.285956
1164.418995,444.123565,1838.629195,8660.409521
1164.419321,-1110.308913,5362.668486,8808.450710
1164.419646,-888.247130,2451.505594,8734.430116
1164.419972,-666.185348,-1838.629195,8216.285956
1164.420298,2294.638420,-1149.143247,8512.368333
1164.420624,2294.638420,4673.182538,10732.986159
1164.420950,-592.164754,6741.640382,10436.903782
1164.421276,0.000000,1608.800546,7772.162391
1164.421602,518.144159,-2068.457845,7846.182985
1164.421928,-518.144159,536.266849,9770.718434
1164.422254,-2664.741391,4366.744339,9474.636058
1164.422580,-2294.638420,3370.820191,9030.512492
1164.422906,-1110.308913,-2145.067394,9326.594869
1164.423232,222.061783,-2451.505594,9474.636058
1164.423558,962.267725,1915.238745,10140.821405
1164.423883,592.164754,5898.935335,10140.821405
1164.424209,2516.700203,3447.429741,9474.636058
1164.424535,2590.720797,0.000000,9400.615463
1164.424861,1110.308913,0.000000,8660.409521
1164.425187,-814.226536,3983.696590,8956.491898
1164.425513,0.000000,3140.991542,9474.636058
1164.425839,296.082377,0.000000,9326.594869
1164.426165,0.000000,-2528.115143,8660.409521
1164.426491,370.102971,-229.828649,9918.759623
1164.426817,74.020594,3600.648841,10436.903782
1164.427143,222.061783,2451.505594,9400.615463
1164.427469,-592.164754,-1302.362347,8808.450710
1164.427795,-740.205942,-1225.752797,8068.244768
1164.428121,-1406.391290,1378.971896,8068.244768
1164.428446,-1702.473667,2145.067394,9548.656652
1164.428772,-2812.782580,-1532.190996,9474.636058
1164.429098,-2812.782580,-4519.963438,8068.244768
1164.429424,0.000000,-2987.772442,8734.430116
1164.429750,0.000000,919.314598,11621.233289
1164.430076,-1406.391290,2451.505594,10658.965565
1164.430402,-518.144159,-1762.019645,7328.038826
1164.430728,-518.144159,-3677.258390,7846.182985
1164.431054,-740.205942,-766.095498,9252.574275
1164.431379,-1110.308913,3830.477490,9918.759623
1164.431705,-222.061783,1762.019645,9474.636058
1164.432031,518.144159,-4596.572988,9548.656652
1164.432357,1110.308913,-3600.648841,11251.130318
1164.432683,2368.659014,2987.772442,12213.398043
1164.433009,666.185348,4673.182538,10436.903782
1164.433335,1184.329507,-1225.752797,8068.244768
1164.433661,888.247130,-4903.011187,8734.430116
1164.433987,222.061783,-229.828649,9178.553681
1164.434312,-814.226536,5056.230287,9030.512492
1164.434638,-1184.329507,2451.505594,8216.285956
1164.434964,-1258.350101,-4366.744339,8364.327145
1164.435290,-888.247130,-3830.477490,9178.553681
1164.435616,296.082377,2068.457845,9844.739029
1164.435942,-222.061783,4673.182538,9548.656652
1164.436268,370.102971,0.000000,9178.553681
1164.436594,1998.556043,-2681.334243,10140.821405
1164.436920,1406.391290,1608.800546,9252.574275
1164.437245,-370.102971,4826.401637,8364.327145
1164.437571,-1480.411884,1072.533697,8364.327145
1164.437897,-148.041188,-2528.115143,8882.471304
1164.438223,740.205942,-306.438199,9326.594869
1164.438549,1924.535449,3907.087040,10288.862594
1164.438875,1554.432478,5132.839837,9474.636058
1164.439201,1480.411884,766.095498,7476.080014
1164.439527,1184.329507,-1072.533697,7105.977043
1164.439853,1110.308913,2221.676944,7402.059420
1164.440178,2146.597232,5592.497135,8290.306550
1164.440504,1406.391290,4519.963438,10140.821405
1164.440830,-444.123565,153.219100,9844.739029
1164.441156,-1110.308913,-612.876398,8586.388927
1164.441482,1110.308913,1225.752797,9696.697840
1164.441808,1628.453072,2911.162892,9992.780217
1164.442134,0.000000,2528.115143,8808.450710
1164.442460,-814.226536,612.876398,9178.553681
1164.442786,-1332.370696,306.438199,10214.842000
1164.443111,-2738.761985,0.000000,9252.574275
1164.443437,-4367.215058,383.047749,8734.430116
1164.443763,-4367.215058,229.828649,7994.224174
1164.444089,-2960.823768,229.828649,8956.491898
1164.444415,-1998.556043,-1302.362347,9844.739029
1164.444741,-814.226536,-1455.581446,11843.295072
1164.445067,-2960.823768,0.000000,10436.903782
1164.445393,-3330.926739,153.219100,8438.347739
1164.445719,-962.267725,-1532.190996,8956.491898
1164.446044,-1258.350101,-2221.676944,9252.574275
1164.446370,-3182.885551,-383.047749,9326.594869
1164.446696,-2886.803174,-689.485948,8512.368333
1164.447022,-2072.576638,-2681.334243,8438.347739
1164.447348,-1406.391290,-3370.820191,9104.533087
1164.447674,-814.226536,-1838.629195,10436.903782
1164.448000,-888.247130,459.657299,9548.656652
1164.448326,-740.205942,76.609550,9030.512492
1164.448652,-518.144159,-2298.286494,9992.780217
1164.448977,-1110.308913,-2987.772442,8660.409521
1164.449303,-2368.659014,-1532.190996,7624.121203
1164.449629,-2664.741391,-1991.848295,8956.491898
1164.449955,-3923.091493,-3294.210641,9770.718434
1164.450281,-4811.338623,-4903.011187,9030.512492
1164.450607,-3627.009116,-4903.011187,8586.388927
1164.450933,-1406.391290,-3677.258390,9474.636058
1164.451259,-1480.411884,-1991.848295,9844.739029
1164.451585,-296.082377,-1149.143247,10288.862594
1164.451910,370.102971,-1685.410096,10362.883188
1164.452236,740.205942,-1991.848295,10584.944971
1164.452562,-222.061783,-2298.286494,11103.089130
1164.452888,-1110.308913,-1762.019645,9770.718434
1164.453214,-2368.659014,-2298.286494,9400.615463
1164.453540,-2442.679609,-3294.210641,10732.986159
1164.453866,-1998.556043,-4213.525239,10732.986159
1164.454192,-3182.885551,-3064.381992,9844.739029
1164.454518,-3034.844362,-1838.629195,8364.327145
1164.454843,-1628.453072,153.219100,8068.244768
1164.455169,-666.185348,1838.629195,8660.409521
1164.455495,-740.205942,766.095498,8586.388927
1164.455821,-2516.700203,689.485948,8512.368333
1164.456147,-3923.091493,-1225.752797,7550.100608
1164.456473,-4219.173869,-2451.505594,7402.059420
1164.456799,-3701.029710,-1991.848295,8734.430116
1164.457125,-3330.926739,-2298.286494,9252.574275
1164.457451,-4515.256246,-1991.848295,10140.821405
1164.457776,-3478.967927,-2987.772442,9474.636058
1164.458102,-2368.659014,-1991.848295,9474.636058
1164.458428,-1110.308913,536.266849,8734.430116
1164.458754,0.000000,2757.943793,8660.409521
1164.459080,1480.411884,3524.039291,8882.471304
1164.459406,1036.288319,2221.676944,8956.491898
1164.459732,-1110.308913,1685.410096,8882.471304
1164.460058,-1554.432478,-689.485948,7920.203579
1164.460384,-2664.741391,-2145.067394,7772.162391
1164.460709,-2664.741391,-2911.162892,9992.780217
1164.461035,-4071.132681,-1991.848295,11473.192101
1164.461361,-4145.153275,-1149.143247,10955.047942
1164.461687,-2812.782580,-2451.505594,10510.924376
1164.462013,-1850.514855,-3064.381992,10362.883188
1164.462339,-1776.494261,0.000000,9474.636058
1164.462665,-740.205942,2451.505594,8734.430116
1164.462991,888.247130,2528.115143,8512.368333
1164.463317,666.185348,1225.752797,8808.450710
1164.463642,-592.164754,842.705048,7328.038826
1164.463968,-1480.411884,1225.752797,7624.121203
1164.464294,-1998.556043,0.000000,7920.203579
1164.464620,-2738.761985,-3983.696590,9030.512492
1164.464946,-3701.029710,-5592.497135,10140.821405
1164.465272,-4145.153275,-4136.915689,10807.006753
1164.465598,-3849.070898,-2068.457845,11177.109724
1164.465924,-1850.514855,-2911.162892,10436.903782
1164.466250,-814.226536,-2374.896044,9918.759623
1164.466575,-1332.370696,-1149.143247,8808.450710
1164.466901,-1332.370696,1991.848295,7476.080014
1164.467227,-1332.370696,919.314598,6661.853478
1164.467553,-1480.411884,-1225.752797,4737.318029
1164.467879,-2664.741391,-1149.143247,5033.400406
1164.468205,-3701.029710,-919.314598,6217.729913
1164.468531,-3552.988522,-2374.896044,8438.347739
1164.468857,-2886.803174,-4519.963438,11547.212695
1164.469183,-4219.173869,-7201.297681,13841.851115
1164.469509,-4737.318029,-7737.564530,14063.912898
1164.469834,-4145.153275,-8273.831378,13915.871710
1164.470160,-2516.700203,-7967.393179,14137.933492
1164.470486,-2220.617826,-6205.373534,12805.562797
1164.470812,-666.185348,-2757.943793,11029.068536
1164.471138,1258.350101,306.438199,9622.677246
1164.471464,1998.556043,1838.629195,8142.265362
1164.471790,1110.308913,2604.724693,6587.832884
1164.472116,0.000000,2451.505594,6069.688724
1164.472442,-1258.350101,2451.505594,5625.565159
1164.472767,-3478.967927,0.000000,6513.812290
1164.473093,-6883.915261,-3600.648841,7772.162391
1164.473419,-9770.718434,-6435.202183,8660.409521
1164.473745,-10140.821405,-8120.612279,10066.800811
1164.474071,-8068.244768,-9039.926876,12065.356855
1164.474397,-6291.750507,-7660.954980,13027.624579
1164.474723,-3775.050304,-5286.058936,12731.542202
1164.475049,0.000000,-1762.019645,11843.295072
1164.475375,3552.988522,842.705048,10584.944971
1164.475700,5033.400406,3140.991542,8438.347739
1164.476026,5847.626942,6281.983084,6883.915261
1164.476352,7624.121203,6971.469032,6661.853478
1164.476678,6809.894666,7048.078582,7105.977043
1164.477004,3256.906145,5515.887586,7772.162391
1164.477330,-888.247130,3753.867940,7772.162391
1164.477656,-3404.947333,1225.752797,8068.244768
1164.477982,-5477.523971,-1378.971896,8734.430116
1164.478308,-8290.306550,-3677.258390,9474.636058
1164.478633,-11769.274478,-4366.744339,8660.409521
1164.478959,-11325.150913,-4826.401637,8142.265362
1164.479285,-9992.780217,-4979.620737,8438.347739
1164.479611,-7920.203579,-3983.696590,8660.409521
1164.479937,-6365.771101,-1991.848295,8512.368333
1164.480263,-3627.009116,76.609550,8364.327145
1164.480589,666.185348,1302.362347,9696.697840
1164.480915,3404.947333,1455.581446,10955.047942
1164.481241,3775.050304,2068.457845,10881.027347
1164.481566,4589.276840,3447.429741,10066.800811
1164.481892,5699.585753,3600.648841,10362.883188
1164.482218,5847.626942,3140.991542,11399.171507
1164.482544,3552.988522,2681.334243,11251.130318
1164.482870,518.144159,1915.238745,9844.739029
1164.483196,-1628.453072,-1225.752797,9104.533087
1164.483522,-2516.700203,-3677.258390,8512.368333
1164.483848,-4367.215058,-4290.134789,8956.491898
1164.484174,-6439.791695,-4060.306139,8586.388927
1164.484499,-7254.018232,-4979.620737,7550.100608
1164.484825,-5477.523971,-6358.592633,8438.347739
1164.485151,-4219.173869,-5898.935335,9918.759623
1164.485477,-4441.235652,-3294.210641,9400.615463
1164.485803,-2072.576638,-1915.238745,10066.800811
1164.486129,518.144159,-2145.067394,11103.089130
1164.486455,1332.370696,-2068.457845,10510.924376
1164.486781,1628.453072,-306.438199,9178.553681
1164.487107,2516.700203,689.485948,7846.182985
1164.487432,1702.473667,842.705048,7476.080014
1164.487758,444.123565,153.219100,8142.265362
1164.488084,-666.185348,-1072.533697,8660.409521
1164.488410,-3182.885551,-919.314598,8216.285956
1164.488736,-5625.565159,-3064.381992,8512.368333
1164.489062,-7031.956449,-5669.106685,9548.656652
1164.489388,-7772.162391,-7431.126331,10214.842000
1164.489714,-9474.636058,-7431.126331,10510.924376
1164.490040,-9326.594869,-7737.564530,11177.109724
1164.490365,-8068.244768,-8044.002729,11029.068536
1164.490691,-6957.935855,-6894.859482,10807.006753
1164.491017,-4219.173869,-4060.306139,10510.924376
1164.491343,-1998.556043,-995.924147,10362.883188
1164.491669,-740.205942,842.705048,9622.677246
1164.491995,592.164754,1149.143247,8734.430116
1164.492321,2664.741391,1149.143247,8586.388927
1164.492647,3034.844362,2451.505594,8438.347739
1164.492973,592.164754,1838.629195,7920.203579
1164.493298,0.000000,0.000000,8734.430116
1164.493624,-296.082377,-1608.800546,10140.821405
1164.493950,-1110.308913,-1762.019645,11251.130318
1164.494276,-1258.350101,-1302.362347,10955.047942
1164.494602,-1258.350101,-1532.190996,10066.800811
1164.494928,-1480.411884,-2068.457845,9474.636058
1164.495254,-962.267725,-1455.581446,8734.430116
1164.495580,-296.082377,229.828649,9474.636058
1164.495906,-740.205942,1532.190996,8734.430116
1164.496231,-1480.411884,2068.457845,6735.874072
1164.496557,518.144159,1991.848295,5995.668130
1164.496883,2516.700203,2757.943793,7105.977043
1164.497209,1258.350101,4213.525239,6587.832884
1164.497535,0.000000,3524.039291,6365.771101
1164.497861,1184.329507,2068.457845,7698.141797
1164.498187,1628.453072,1072.533697,8660.409521
1164.498513,0.000000,2068.457845,9992.780217
1164.498839,-1110.308913,1378.971896,10066.800811
1164.499164,-1628.453072,76.609550,9844.739029
1164.499490,-962.267725,-1072.533697,11695.253884
1164.499816,-962.267725,-995.924147,12509.480420
1164.500142,-2442.679609,459.657299,11547.212695
1164.500468,-3256.906145,306.438199,10436.903782
1164.500794,-2886.803174,-229.828649,11029.068536
1164.501120,-2368.659014,0.000000,10140.821405
1164.501446,-3849.070898,1532.190996,9178.553681
1164.501772,-5181.441594,1149.143247,7994.224174
1164.502097,-5699.585753,-612.876398,7179.997637
1164.502423,-5921.647536,-2374.896044,7328.038826
1164.502749,-6587.832884,-2834.553343,7328.038826
1164.503075,-7254.018232,-1608.800546,6957.935855
1164.503401,-6661.853478,-2681.334243,7105.977043
1164.503727,-4737.318029,-5056.230287,7920.203579
1164.504053,-3478.967927,-4213.525239,8512.368333
1164.504379,-2738.761985,-3064.381992,8956.491898
1164.504705,-1628.453072,-2757.943793,8882.471304
1164.505030,444.123565,-3600.648841,9474.636058
1164.505356,1110.308913,-3447.429741,10658.965565
1164.505682,-444.123565,-1991.848295,9770.718434
1164.506008,-1480.411884,-2911.162892,8808.450710
1164.506334,-1702.473667,-5286.058936,9622.677246
1164.506660,-3330.926739,-6281.983084,9474.636058
1164.506986,-6217.729913,-6052.154434,8882.471304
1164.507312,-7105.977043,-6588.421283,9548.656652
1164.507638,-8142.265362,-8197.221829,9770.718434
1164.507963,-8808.450710,-9806.022374,9696.697840
1164.508289,-8364.327145,-9806.022374,10140.821405
1164.508615,-7328.038826,-8273.831378,9918.759623
1164.508941,-6069.688724,-8503.660028,9622.677246
1164.509267,-2590.720797,-8350.440928,11325.150913
1164.509593,-814.226536,-7124.688131,11769.274478
1164.509919,148.041188,-4443.353888,11029.068536
1164.510245,2590.720797,-3600.648841,11917.315666
1164.510571,5329.482782,-3524.039291,12361.439231
1164.510896,5625.565159,-2298.286494,12287.418637
1164.511222,5107.421000,-612.876398,11177.109724
1164.511548,5329.482782,0.000000,10807.006753
1164.511874,4737.318029,459.657299,10140.821405
1164.512200,4145.153275,383.047749,9622.677246
1164.512526,2590.720797,2068.457845,9030.512492
1164.512852,518.144159,2528.115143,7179.997637
1164.513178,0.000000,2451.505594,7179.997637
1164.513504,-1258.350101,1838.629195,6291.750507
1164.513829,-3108.864956,2145.067394,5921.647536
1164.514155,-4663.297435,2374.896044,5773.606348
1164.514481,-4737.318029,1608.800546,6883.915261
1164.514807,-5699.585753,1149.143247,7105.977043
1164.515133,-6217.729913,0.000000,7328.038826
1164.515459,-5921.647536,919.314598,7550.100608
1164.515785,-5329.482782,536.266849,8216.285956
1164.516111,-4219.173869,2068.457845,9400.615463
1164.516437,-1998.556043,3830.477490,9770.718434
1164.516762,-1332.370696,5132.839837,10140.821405
1164.517088,-444.123565,6052.154434,9548.656652
1164.517414,148.041188,7048.078582,8734.430116
1164.517740,814.226536,6894.859482,7994.224174
1164.518066,-592.164754,7277.907231,7402.059420
1164.518392,-1924.535449,6281.983084,8142.265362
1164.518718,-3923.091493,4213.525239,8512.368333
1164.519044,-6957.935855,995.924147,7920.203579
1164.519370,-8808.450710,-2757.943793,7624.121203
1164.519695,-8956.491898,-4519.963438,9178.553681
1164.520021,-8216.285956,-4826.401637,10881.027347
1164.520347,-7846.182985,-4903.011187,11695.253884
1164.520673,-5477.523971,-5132.839837,11991.336260
1164.520999,-1998.556043,-4749.792088,12139.377449
1164.521325,1554.432478,-1838.629195,11917.315666
1164.521651,3478.967927,1685.410096,11769.274478
1164.521977,4145.153275,2757.943793,9474.636058
1164.522303,4663.297435,1378.971896,7846.182985
1164.522628,4293.194464,-536.266849,7698.141797
1164.522954,814.226536,-1378.971896,7328.038826
1164.523280,-4071.132681,-2834.553343,5551.544565
1164.523606,-5403.503377,-6588.421283,6291.750507
1164.523932,-6069.688724,-8810.098227,8586.388927
1164.524258,-7772.162391,-9806.022374,10658.965565
1164.524584,-9252.574275,-10189.070123,10362.883188
1164.524910,-8364.327145,-12027.699319,8660.409521
1164.525236,-6365.771101,-13559.890315,10214.842000
1164.525561,-3997.112087,-11721.261119,11843.295072
1164.525887,-1702.473667,-6665.030833,10955.047942
1164.526213,1480.411884,-4903.011187,10584.944971
1164.526539,5033.400406,-5898.935335,11843.295072
1164.526865,6957.935855,-4826.401637,11991.336260
1164.527191,7698.141797,-536.266849,11473.192101
1164.527517,7328.038826,229.828649,12139.377449
1164.527843,5329.482782,-1608.800546,11991.336260
1164.528169,2738.761985,-3294.210641,11843.295072
1164.528495,1258.350101,-2451.505594,11029.068536
1164.528821,-1554.432478,-995.924147,10510.924376
1164.529147,-5477.523971,-1608.800546,9696.697840
1164.529473,-8364.327145,-4290.134789,8808.450710
1164.529799,-9548.656652,-4979.620737,7328.038826
1164.530125,-11251.130318,-4136.915689,6439.791695
1164.530451,-11843.295072,-2834.553343,5329.482782
1164.530776,-10658.965565,-2528.115143,4589.276840
1164.531102,-9474.636058,-1762.019645,5181.441594
1164.531428,-7846.182985,-995.924147,6069.688724
1164.531754,-5847.626942,0.000000,7846.182985
1164.532080,-3997.112087,459.657299,8956.491898
1164.532406,-1850.514855,1072.533697,10807.006753
1164.532732,2072.576638,3907.087040,12065.356855
1164.533058,5181.441594,5898.935335,11917.315666
1164.533384,5033.400406,7048.078582,10510.924376
1164.533710,4737.318029,7431.126331,8586.388927
1164.534036,4071.132681,6971.469032,7772.162391
1164.534362,4959.379811,8580.269578,7179.997637
1164.534688,2516.700203,9039.926876,7772.162391
1164.535014,-1850.514855,6588.421283,7624.121203
1164.535340,-5847.626942,1838.629195,6439.791695
1164.535666,-7772.162391,-3217.601092,7031.956449
1164.535992,-10362.883188,-6665.030833,8808.450710
1164.536317,-12583.501014,-6665.030833,10066.800811
1164.536643,-9844.739029,-5439.278036,11177.109724
1164.536969,-4959.379811,-4290.134789,12657.521608
1164.537295,-1258.350101,-1608.800546,13767.830521
1164.537621,1998.556043,689.485948,11029.068536
1164.537947,5107.421000,4826.401637,8808.450710
1164.538273,8882.471304,7584.345430,8290.306550
1164.538599,10214.842000,9576.193725,7698.141797
1164.538925,8290.306550,8350.440928,6365.771101
1164.539251,4367.215058,3907.087040,5329.482782
1164.539577,-518.144159,-919.314598,6143.709319
1164.539903,-4589.276840,-4673.182538,7328.038826
1164.540229,-6883.915261,-7431.126331,10955.047942
1164.540555,-7105.977043,-8733.488677,14137.933492
1164.540881,-8216.285956,-10648.727422,13471.748144
1164.541207,-7920.203579,-12487.356617,11843.295072
1164.541533,-4589.276840,-10955.165621,11177.109724
1164.541858,-222.061783,-5209.449386,11325.150913
1164.542184,2368.659014,1149.143247,11547.212695
1164.542510,4663.297435,2451.505594,9918.759623
1164.542836,5033.400406,459.657299,7624.121203
1164.543162,3627.009116,306.438199,5699.585753
1164.543488,2368.659014,1225.752797,5477.523971
1164.543814,1554.432478,1915.238745,7698.141797
1164.544140,-370.102971,-459.657299,9178.553681
1164.544466,-3034.844362,-4903.011187,10510.924376
1164.544792,-4663.297435,-6665.030833,11917.315666
1164.545118,-6365.771101,-6665.030833,12657.521608
1164.545444,-8290.306550,-6358.592633,11473.192101
1164.545770,-8808.450710,-7967.393179,11325.150913
1164.546096,-8808.450710,-8273.831378,10807.006753
1164.546422,-7920.203579,-6511.811733,9474.636058
1164.546748,-5773.606348,-4366.744339,7846.182985
1164.547074,-3701.029710,-2374.896044,7031.956449
1164.547399,-1776.494261,612.876398,7105.977043
1164.547725,1776.494261,2911.162892,6735.874072
1164.548051,4737.318029,6052.154434,8438.347739
1164.548377,4071.132681,6128.763984,9474.636058
1164.548703,2960.823768,4826.401637,9252.574275
1164.549029,2072.576638,2987.772442,8808.450710
1164.549355,1184.329507,1378.971896,9474.636058
1164.549681,-1480.411884,306.438199,10214.842000
1164.550007,-3701.029710,-383.047749,10658.965565
1164.550333,-4071.132681,-2987.772442,10140.821405
1164.550659,-2886.803174,-3064.381992,10510.924376
1164.550985,-1480.411884,-1378.971896,9696.697840
1164.551311,-1332.370696,2451.505594,9770.718434
1164.551637,-666.185348,4903.011187,8956.491898
1164.551963,2072.576638,3983.696590,8512.368333
1164.552289,3775.050304,2451.505594,7624.121203
1164.552615,1850.514855,3217.601092,7476.080014
1164.552941,-740.205942,7354.516781,9326.594869
1164.553266,3034.844362,5592.497135,8808.450710
1164.553592,4293.194464,3447.429741,8882.471304
1164.553918,3849.070898,1762.019645,8438.347739
1164.554244,2590.720797,4979.620737,9474.636058
1164.554570,3627.009116,7584.345430,8438.347739
1164.554896,2368.659014,4136.915689,10288.862594
1164.555222,592.164754,-1685.410096,8142.265362
1164.555548,296.082377,-1608.800546,6735.874072
1164.555874,1480.411884,3140.991542,8364.327145
1164.556200,3034.844362,4519.963438,9992.780217
1164.556526,2294.638420,3830.477490,11177.109724
1164.556852,3849.070898,1072.533697,9918.759623
1164.557178,3923.091493,1608.800546,9030.512492
1164.557504,5551.544565,5669.106685,9548.656652
1164.557830,4959.379811,6894.859482,9918.759623
1164.558156,3330.926739,4443.353888,7994.224174
1164.558482,1628.453072,1455.581446,7105.977043
1164.558807,592.164754,1149.143247,8660.409521
1164.559133,-370.102971,2451.505594,9030.512492
1164.559459,-2516.700203,1378.971896,8734.430116
1164.559785,-3182.885551,-2221.676944,10214.842000
1164.560111,-3552.988522,-2834.553343,11621.233289
1164.560437,-3997.112087,-1225.752797,11547.212695
1164.560763,-5625.565159,-1455.581446,9474.636058
1164.561089,-5995.668130,-4290.134789,6439.791695
1164.561415,-5699.585753,-5056.230287,6957.935855
1164.561741,-5033.400406,-3524.039291,10066.800811
1164.562067,-4737.318029,0.000000,11621.233289
1164.562393,-3256.906145,-842.705048,11029.068536
1164.562719,-1480.411884,-4060.306139,10140.821405
1164.563045,444.123565,-3830.477490,9474.636058
1164.563371,2368.659014,1608.800546,9326.594869
1164.563697,2072.576638,3677.258390,10362.883188
1164.564023,0.000000,383.047749,8734.430116
1164.564348,-740.205942,-3217.601092,6587.832884
1164.564674,0.000000,-3447.429741,7254.018232
1164.565000,-1036.288319,536.266849,9400.615463
1164.565326,-2738.761985,1608.800546,9104.533087
1164.565652,-1924.535449,-3370.820191,9326.594869
1164.565978,148.041188,-7048.078582,10140.821405
1164.566304,-962.267725,-4596.572988,10807.006753
1164.566630,-1850.514855,0.000000,10732.986159
1164.566956,444.123565,153.219100,9992.780217
1164.567282,888.247130,-3217.601092,10732.986159
1164.567608,-740.205942,-3753.867940,10362.883188
1164.567934,-296.082377,306.438199,10066.800811
1164.568260,1258.350101,3600.648841,10066.800811
1164.568586,1628.453072,766.095498,8660.409521
1164.568912,2442.679609,0.000000,8512.368333
1164.569238,3923.091493,2834.553343,8956.491898
1164.569564,2294.638420,5975.544884,9844.739029
1164.569889,740.205942,3753.867940,8808.450710
1164.570215,962.267725,-383.047749,8068.244768
1164.570541,888.247130,-1762.019645,8956.491898
1164.570867,-370.102971,1532.190996,9622.677246
1164.571193,-1184.329507,2757.943793,10288.862594
1164.571519,-518.144159,-383.047749,10288.862594
1164.571845,1036.288319,-1838.629195,9918.759623
1164.572171,3701.029710,1532.190996,9400.615463
1164.572497,5033.400406,7354.516781,8586.388927
1164.572823,4145.153275,9039.926876,8734.430116
1164.573149,3330.926739,6052.154434,8068.244768
1164.573475,4441.235652,4136.915689,6439.791695
1164.573801,3923.091493,5132.839837,7105.977043
1164.574127,1332.370696,7354.516781,8660.409521
1164.574453,-666.185348,6741.640382,8808.450710
1164.574779,-444.123565,2068.457845,8216.285956
1164.575105,444.123565,-1915.238745,9178.553681
1164.575430,-1628.453072,612.876398,10140.821405
1164.575756,-4441.235652,3753.867940,8956.491898
1164.576082,-5033.400406,2145.067394,8586.388927
1164.576408,-3404.947333,-1991.848295,8956.491898
1164.576734,-3849.070898,-1685.410096,9622.677246
1164.577060,-3849.070898,995.924147,8438.347739
1164.577386,-2516.700203,2987.772442,7920.203579
1164.577712,962.267725,2145.067394,8882.471304
1164.578038,3182.885551,1685.410096,10955.047942
1164.578364,2812.782580,3217.601092,11325.150913
1164.578690,1628.453072,4290.134789,10066.800811
1164.579016,1628.453072,2298.286494,8216.285956
1164.579342,1998.556043,-1378.971896,7328.038826
1164.579668,0.000000,-1225.752797,8364.327145
1164.579994,-2590.720797,1302.362347,10288.862594
1164.580320,-2886.803174,612.876398,11695.253884
1164.580646,-1554.432478,-5056.230287,9696.697840
1164.580972,-1258.350101,-8273.831378,9030.512492
1164.581297,-1776.494261,-3140.991542,10510.924376
1164.581623,-888.247130,2681.334243,11029.068536
1164.581949,1036.288319,459.657299,10066.800811
1164.582275,962.267725,-5669.106685,8808.450710
1164.582601,-1036.288319,-6818.249932,8512.368333
1164.582927,-1332.370696,-229.828649,7772.162391
1164.583253,0.000000,2451.505594,8882.471304
1164.583579,148.041188,-2451.505594,10658.965565
1164.583905,0.000000,-5515.887586,9844.739029
1164.584231,1332.370696,-3294.210641,9030.512492
1164.584557,370.102971,1838.629195,9770.718434
1164.584883,-1036.288319,306.438199,9326.594869
1164.585209,-1850.514855,-2834.553343,8808.450710
1164.585535,-1406.391290,-4596.572988,8216.285956
1164.585861,-1628.453072,-2757.943793,8512.368333
1164.586187,-1554.432478,-459.657299,10955.047942
1164.586513,-1036.288319,-1455.581446,10510.924376
1164.586838,-666.185348,-1762.019645,10436.903782
1164.587164,2294.638420,-1838.629195,10807.006753
1164.587490,3701.029710,383.047749,10732.986159
1164.587816,2886.803174,3064.381992,10066.800811
1164.588142,2738.761985,3140.991542,10066.800811
1164.588468,2812.782580,3140.991542,9474.636058
1164.588794,1850.514855,2298.286494,7698.141797
1164.589120,518.144159,2987.772442,7550.100608
1164.589446,-1110.308913,3370.820191,8364.327145
1164.589772,-1406.391290,2987.772442,7698.141797
1164.590098,0.000000,1072.533697,9474.636058
1164.590424,74.020594,1608.800546,11029.068536
1164.590750,-2886.803174,3064.381992,10510.924376
1164.591076,-3182.885551,1455.581446,7624.121203
1164.591402,-2368.659014,-766.095498,6143.709319
1164.591728,-2146.597232,-842.705048,7254.018232
1164.592054,-2886.803174,3447.429741,8882.471304
1164.592379,-592.164754,7431.126331,9252.574275
1164.592705,1406.391290,5286.058936,8512.368333
1164.593031,888.247130,689.485948,6957.935855
1164.593357,1702.473667,2374.896044,7846.182985
1164.593683,3404.947333,7354.516781,8734.430116
1164.594009,3849.070898,8963.317327,9400.615463
1164.594335,1998.556043,3983.696590,8734.430116
1164.594661,1184.329507,-1762.019645,7698.141797
1164.594987,518.144159,536.266849,8882.471304
1164.595313,1258.350101,5669.106685,11177.109724
1164.595639,1924.535449,5132.839837,11029.068536
1164.595965,2738.761985,612.876398,10288.862594
1164.596291,3108.864956,-1608.800546,9992.780217
1164.596617,2960.823768,3217.601092,11325.150913
1164.596943,1998.556043,5592.497135,10214.842000
1164.597269,-296.082377,2681.334243,8586.388927
1164.597595,-592.164754,-2451.505594,6809.894666
1164.597920,-666.185348,-2221.676944,8068.244768
1164.598246,-2738.761985,1378.971896,10510.924376
1164.598572,-3552.988522,1455.581446,10881.027347
1164.598898,-3256.906145,-3753.867940,9474.636058
1164.599224,-1850.514855,-5669.106685,10658.965565
1164.599550,-1110.308913,-2451.505594,10436.903782
1164.599876,-1554.432478,1455.581446,9474.636058
1164.600202,-2812.782580,-1225.752797,7031.956449
1164.600528,-3404.947333,-5745.716235,7550.100608
1164.600854,-1480.411884,-4519.963438,7846.182985
1164.601180,-740.205942,919.314598,9474.636058
1164.601506,-1332.370696,1149.143247,10510.924376
1164.601832,-666.185348,-3907.087040,8882.471304
1164.602158,1480.411884,-5592.497135,10214.842000
1164.602484,3182.885551,-1685.410096,11473.192101
1164.602810,1924.535449,2528.115143,10955.047942
1164.603136,1332.370696,306.438199,9474.636058
1164.603461,1258.350101,-4213.525239,8956.491898
1164.603787,666.185348,-3983.696590,8586.388927
1164.604113,-1332.370696,383.047749,9622.677246
1164.604439,-2738.761985,2298.286494,9844.739029
1164.604765,-1924.535449,-919.314598,9474.636058
1164.605091,-814.226536,-4060.306139,8438.347739
1164.605417,-518.144159,-2145.067394,7550.100608
1164.605743,-1776.494261,1762.019645,9326.594869
1164.606069,-2146.597232,2987.772442,9844.739029
1164.606395,-1406.391290,153.219100,10732.986159
1164.606721,-1110.308913,-2681.334243,9622.677246
1164.607047,-3552.988522,-842.705048,8882.471304
1164.607373,-3256.906145,919.314598,9030.512492
1164.607699,0.000000,-153.219100,9326.594869
1164.608025,-814.226536,-612.876398,9770.718434
1164.608351,-518.144159,0.000000,10140.821405
1164.608677,1406.391290,3447.429741,9770.718434
1164.609003,2664.741391,4979.620737,9844.739029
1164.609328,2516.700203,3600.648841,8290.306550
1164.609654,1628.453072,2451.505594,7179.997637
1164.609980,1924.535449,2987.772442,6957.935855
1164.610306,2072.576638,4979.620737,9030.512492
1164.610632,1702.473667,4060.306139,9252.574275
1164.610958,1406.391290,1685.410096,8364.327145
1164.611284,1258.350101,919.314598,8882.471304
1164.611610,2368.659014,2221.676944,9548.656652
1164.611936,1628.453072,4596.572988,11029.068536
1164.612262,740.205942,3064.381992,10140.821405
1164.612588,1110.308913,-612.876398,8142.265362
1164.612914,1110.308913,-459.657299,8290.306550
1164.613240,444.123565,2987.772442,8956.491898
1164.613566,962.267725,6281.983084,9326.594869
1164.613892,1998.556043,4826.401637,8364.327145
1164.614218,3108.864956,1608.800546,7920.203579
1164.614544,4293.194464,1532.190996,9178.553681
1164.614869,1776.494261,5745.716235,9548.656652
1164.615195,-444.123565,5898.935335,8216.285956
1164.615521,-518.144159,0.000000,7698.141797
1164.615847,-666.185348,-4826.401637,8808.450710
1164.616173,-2886.803174,-1072.533697,11399.171507
1164.616499,-3775.050304,2221.676944,11399.171507
1164.616825,-1924.535449,0.000000,10658.965565
1164.617151,-518.144159,-4826.401637,9992.780217
1164.617477,0.000000,-2987.772442,9474.636058
1164.617803,666.185348,4136.915689,9696.697840
1164.618129,1850.514855,6205.373534,9474.636058
1164.618455,1628.453072,1685.410096,8438.347739
1164.618781,222.061783,-1762.019645,8068.244768
1164.619107,-1776.494261,-153.219100,6735.874072
1164.619433,-3034.844362,2528.115143,8364.327145
1164.619759,-1850.514855,-536.266849,9178.553681
1164.620085,-1554.432478,-4979.620737,10066.800811
1164.620410,-2960.823768,-4826.401637,10214.842000
1164.620736,-2590.720797,-612.876398,9326.594869
1164.621062,-2220.617826,1455.581446,10066.800811
1164.621388,-1924.535449,-2834.553343,8364.327145
1164.621714,-1628.453072,-4749.792088,7920.203579
1164.622040,-1332.370696,-1915.238745,7846.182985
1164.622366,-518.144159,2681.334243,9844.739029
1164.622692,888.247130,1608.800546,9696.697840
1164.623018,444.123565,-2757.943793,9178.553681
1164.623344,0.000000,-3677.258390,9252.574275
1164.623670,1924.535449,306.438199,10288.862594
1164.623996,1554.432478,2911.162892,12287.418637
1164.624322,74.020594,-1072.533697,10288.862594
1164.624648,-1924.535449,-4366.744339,9252.574275
1164.624974,-1480.411884,-4136.915689,9104.533087
1164.625300,-1406.391290,0.000000,10807.006753
1164.625626,-1998.556043,1915.238745,10955.047942
1164.625951,-1702.473667,-229.828649,9992.780217
1164.626277,-222.061783,-1838.629195,8438.347739
1164.626603,1480.411884,-1378.971896,8438.347739
1164.626929,888.247130,3140.991542,9622.677246
1164.627255,0.000000,3524.039291,7920.203579
1164.627581,-1332.370696,1915.238745,8142.265362
1164.627907,1036.288319,-2145.067394,7624.121203
1164.628233,1036.288319,-995.924147,9696.697840
1164.628559,-444.123565,3370.820191,9844.739029
1164.628885,666.185348,2374.896044,9178.553681
1164.629210,2886.803174,459.657299,9400.615463
1164.629536,4219.173869,-536.266849,9918.759623
1164.629862,3404.947333,3983.696590,11177.109724
1164.630188,2368.659014,6511.811733,8586.388927
1164.630514,2664.741391,3830.477490,7550.100608
1164.630840,3775.050304,842.705048,7698.141797
1164.631166,1332.370696,2221.676944,8660.409521
1164.631492,-518.144159,5592.497135,9918.759623
1164.631817,222.061783,3983.696590,8586.388927
1164.632143,222.061783,0.000000,8660.409521
1164.632469,-296.082377,-1608.800546,9030.512492
1164.632795,-814.226536,3140.991542,9030.512492
1164.633121,-814.226536,6281.983084,9474.636058
1164.633447,-1702.473667,1532.190996,8734.430116
1164.633773,-2146.597232,-2911.162892,7624.121203
1164.634098,-1554.432478,306.438199,8364.327145
1164.634424,-740.205942,6128.763984,9696.697840
1164.634750,444.123565,5132.839837,9030.512492
1164.635076,222.061783,-689.485948,9326.594869
1164.635402,666.185348,-2451.505594,8586.388927
1164.635728,1332.370696,3294.210641,9770.718434
1164.636054,1628.453072,6128.763984,10732.986159
1164.636380,370.102971,2451.505594,10436.903782
1164.636705,-1702.473667,-2451.505594,8586.388927
1164.637031,-1998.556043,-3294.210641,8142.265362
1164.637357,-2368.659014,306.438199,9252.574275
1164.637683,-2442.679609,1532.190996,10362.883188
1164.638009,-2442.679609,-842.705048,10510.924376
1164.638335,-518.144159,-3677.258390,10066.800811
1164.638661,740.205942,-1532.190996,9326.594869
1164.638987,0.000000,1685.410096,9992.780217
1164.639312,-814.226536,1532.190996,8956.491898
1164.639638,-888.247130,-842.705048,7920.203579
1164.639964,444.123565,-2834.553343,8068.244768
1164.640290,-222.061783,-995.924147,9474.636058
1164.640616,-2146.597232,766.095498,8808.450710
1164.640942,-1924.535449,-1072.533697,8068.244768
1164.641268,74.020594,-3830.477490,9844.739029
1164.641593,1332.370696,-2911.162892,11399.171507
1164.641919,1036.288319,1608.800546,11325.150913
1164.642245,1184.329507,1991.848295,10066.800811
1164.642571,1036.288319,-1378.971896,7698.141797
1164.642897,444.123565,-3447.429741,8882.471304
1164.643223,592.164754,-842.705048,9474.636058
1164.643549,-296.082377,3600.648841,11029.068536
1164.643875,296.082377,1455.581446,11251.130318
1164.644200,1554.432478,-3294.210641,9992.780217
1164.644526,962.267725,-2757.943793,9474.636058
1164.644852,666.185348,1149.143247,9992.780217
1164.645178,592.164754,3370.820191,9326.594869
1164.645504,0.000000,919.314598,7846.182985
1164.645830,-1258.350101,-2834.553343,8660.409521
1164.646156,-1998.556043,-919.314598,8882.471304
1164.646482,-2072.576638,4136.915689,8512.368333
1164.646807,-1776.494261,2681.334243,9104.533087
1164.647133,-148.041188,-1072.533697,9474.636058
1164.647459,0.000000,-229.828649,8808.450710
1164.647785,962.267725,2528.115143,9474.636058
1164.648111,666.185348,3677.258390,10214.842000
1164.648437,370.102971,2757.943793,8364.327145
1164.648763,1110.308913,0.000000,7105.977043
1164.649088,1184.329507,689.485948,6883.915261
1164.649414,370.102971,4213.525239,9326.594869
1164.649740,-370.102971,5362.668486,10510.924376
1164.650066,1776.494261,2451.505594,9104.533087
1164.650392,2368.659014,-229.828649,7846.182985
1164.650718,2294.638420,1685.410096,8438.347739
1164.651044,2146.597232,6128.763984,10658.965565
1164.651370,1924.535449,6435.202183,9770.718434
1164.651695,-222.061783,76.609550,8512.368333
1164.652021,-1480.411884,-2528.115143,7920.203579
1164.652347,-1776.494261,995.924147,9400.615463
1164.652673,-2516.700203,4519.963438,9622.677246
1164.652999,-2886.803174,1225.752797,8808.450710
1164.653325,-1480.411884,-3753.867940,9844.739029
1164.653651,814.226536,-2068.457845,10584.944971
1164.653976,1036.288319,4749.792088,10584.944971
1164.654302,592.164754,5975.544884,9548.656652
1164.654628,222.061783,0.000000,8364.327145
1164.654954,444.123565,-3217.601092,8808.450710
1164.655280,148.041188,-306.438199,9252.574275
1164.655606,-1332.370696,3753.867940,10288.862594
1164.655932,-1184.329507,1455.581446,9400.615463
1164.656258,592.164754,-3600.648841,9400.615463
1164.656583,1776.494261,-4060.306139,9178.553681
1164.656909,222.061783,153.219100,9474.636058
1164.657235,-1036.288319,3294.210641,9992.780217
1164.657561,0.000000,306.438199,9326.594869
1164.657887,-740.205942,-2221.676944,7846.182985
1164.658213,-1332.370696,-2757.943793,7328.038826
1164.658539,-1850.514855,1149.143247,8068.244768
1164.658865,0.000000,1991.848295,8956.491898
1164.659190,740.205942,-1838.629195,11251.130318
1164.659516,888.247130,-4213.525239,11029.068536
1164.659842,0.000000,-766.095498,11399.171507
1164.660168,0.000000,1991.848295,11917.315666
1164.660494,740.205942,-536.266849,8734.430116
1164.660820,0.000000,-2757.943793,6365.771101
1164.661146,-296.082377,-1455.581446,7179.997637
1164.661471,0.000000,2757.943793,9474.636058
1164.661797,-296.082377,4673.182538,9548.656652
1164.662123,-1480.411884,0.000000,9252.574275
1164.662449,-2220.617826,-4136.915689,7920.203579
1164.662775,-814.226536,0.000000,8438.347739
1164.663101,1036.288319,3677.258390,10955.047942
1164.663427,-1406.391290,3524.039291,11029.068536
1164.663753,-3108.864956,-2298.286494,7772.162391
1164.664078,-2072.576638,-4979.620737,8290.306550
1164.664404,-1480.411884,-1149.143247,9474.636058
1164.664730,-2294.638420,3447.429741,9918.759623
1164.665056,-1406.391290,2451.505594,9918.759623
1164.665382,1406.391290,76.609550,9548.656652
1164.665708,1776.494261,-689.485948,9104.533087
1164.666034,1924.535449,3294.210641,8068.244768
1164.666360,518.144159,5898.935335,6513.812290
1164.666685,444.123565,2374.896044,5773.606348
1164.667011,518.144159,229.828649,9030.512492
1164.667337,1184.329507,995.924147,10140.821405
1164.667663,-1480.411884,3140.991542,11177.109724
1164.667989,-888.247130,-229.828649,9030.512492
1164.668315,2220.617826,-1608.800546,10510.924376
1164.668641,4441.235652,153.219100,10288.862594
1164.668966,4515.256246,4596.572988,11103.089130
1164.669292,3997.112087,6205.373534,11177.109724
1164.669618,4367.215058,2451.505594,9770.718434
1164.669944,1924.535449,536.266849,8512.368333
1164.670270,1776.494261,1455.581446,7772.162391
1164.670596,888.247130,5669.106685,9030.512492
1164.670922,-148.041188,3983.696590,8438.347739
1164.671248,-296.082377,-842.705048,8956.491898
1164.671573,0.000000,-2604.724693,8956.491898
1164.671899,-1406.391290,1302.362347,9696.697840
1164.672225,-888.247130,3830.477490,9992.780217
1164.672551,-222.061783,1302.362347,9252.574275
1164.672877,-1406.391290,-2221.676944,7476.080014
1164.673203,-2812.782580,-1762.019645,8290.306550
1164.673529,-3330.926739,1762.019645,9030.512492
1164.673854,-2812.782580,2298.286494,8808.450710
1164.674180,-2220.617826,-1991.848295,8216.285956
1164.674506,-814.226536,-3600.648841,8956.491898
1164.674832,74.020594,1455.581446,9104.533087
1164.675158,1184.329507,4903.011187,11177.109724
1164.675484,962.267725,2987.772442,10732.986159
1164.675810,-444.123565,-1685.410096,8586.388927
1164.676136,-1628.453072,-3753.867940,7846.182985
1164.676461,-444.123565,-995.924147,8882.471304
1164.676787,-1924.535449,2068.457845,10955.047942
1164.677113,-1554.432478,-2451.505594,10066.800811
1164.677439,-1332.370696,-4290.134789,9770.718434
1164.677765,74.020594,-3294.210641,10436.903782
1164.678091,888.247130,1072.533697,11325.150913
1164.678417,0.000000,3677.258390,10658.965565
1164.678743,740.205942,-306.438199,8660.409521
1164.679068,1184.329507,-3064.381992,8586.388927
1164.679394,1036.288319,0.000000,8142.265362
1164.679720,-444.123565,3064.381992,8438.347739
1164.680046,-1110.308913,1685.410096,8808.450710
1164.680372,-222.061783,-2145.067394,9400.615463
1164.680698,740.205942,-2757.943793,10510.924376
1164.681024,222.061783,1225.752797,10658.965565
1164.681349,-1776.494261,2987.772442,9474.636058
1164.681675,-1554.432478,-536.266849,6365.771101
1164.682001,-1036.288319,-3217.601092,8068.244768
1164.682327,-1406.391290,-1149.143247,8956.491898
1164.682653,-2368.659014,2987.772442,10066.800811
1164.682979,-2072.576638,2451.505594,8734.430116
1164.683305,0.000000,-1455.581446,9474.636058
1164.683631,1110.308913,-1532.190996,10066.800811
1164.683956,1406.391290,1685.410096,9178.553681
1164.684282,1554.432478,4673.182538,8734.430116
1164.684608,1702.473667,1685.410096,9548.656652
1164.684934,1036.288319,-842.705048,9030.512492
1164.685260,814.226536,306.438199,8438.347739
1164.685586,814.226536,2298.286494,9622.677246
1164.685912,222.061783,2145.067394,11029.068536
1164.686238,1184.329507,1302.362347,9622.677246
1164.686563,3034.844362,-306.438199,9770.718434
1164.686889,3478.967927,1685.410096,9178.553681
1164.687215,2960.823768,4673.182538,10140.821405
1164.687541,2738.761985,4443.353888,10584.944971
1164.687867,1924.535449,1991.848295,8068.244768
1164.688193,0.000000,-766.095498,6439.791695
1164.688519,-666.185348,153.219100,8512.368333
1164.688844,-1554.432478,3294.210641,9474.636058
1164.689170,-1702.473667,2987.772442,8438.347739
1164.689496,-962.267725,-1072.533697,8956.491898
1164.689822,-666.185348,-1915.238745,8586.388927
1164.690148,-666.185348,1915.238745,8882.471304
1164.690474,-296.082377,4903.011187,9326.594869
1164.690800,0.000000,2987.772442,8216.285956
1164.691126,296.082377,-1072.533697,7624.121203
1164.691451,74.020594,0.000000,9030.512492
1164.691777,-592.164754,4213.525239,9548.656652
1164.692103,-1184.329507,4366.744339,8290.306550
1164.692429,-222.061783,-689.485948,8660.409521
1164.692755,1258.350101,-2604.724693,9474.636058
1164.693081,296.082377,1225.752797,11769.274478
1164.693407,-1850.514855,4519.963438,11621.233289
1164.693732,-1036.288319,-383.047749,9400.615463
1164.694058,-1258.350101,-4979.620737,9622.677246
1164.694384,-2146.597232,-3830.477490,9400.615463
1164.694710,-3182.885551,2681.334243,10436.903782
1164.695036,-2368.659014,2451.505594,9622.677246
1164.695362,-444.123565,-2911.162892,9326.594869
1164.695688,814.226536,-3983.696590,9844.739029
1164.696014,370.102971,919.314598,8586.388927
1164.696339,370.102971,5439.278036,8808.450710
1164.696665,1036.288319,1302.362347,9252.574275
1164.696991,-1110.308913,-4213.525239,7772.162391
1164.697317,-2516.700203,-3830.477490,6809.894666
1164.697643,-1776.494261,-383.047749,7994.224174
1164.697969,-2146.597232,1149.143247,9622.677246
1164.698295,-444.123565,-2528.115143,8956.491898
1164.698621,444.123565,-4519.963438,10807.006753
1164.698946,1406.391290,-842.705048,9918.759623
1164.699272,2442.679609,3294.210641,10436.903782
1164.699598,3108.864956,2221.676944,9696.697840
1164.699924,2812.782580,-766.095498,7772.162391
1164.700250,1110.308913,-995.924147,7179.997637
1164.700576,1924.535449,1225.752797,8882.471304
1164.700902,1110.308913,2374.896044,11177.109724
1164.701227,-296.082377,-383.047749,9918.759623
1164.701553,-1110.308913,-2374.896044,10807.006753
1164.701879,-296.082377,-1838.629195,10807.006753
1164.702205,-370.102971,612.876398,10658.965565
1164.702531,-1850.514855,1455.581446,9474.636058
1164.702857,-2294.638420,-1072.533697,6809.894666
1164.703183,-3256.906145,-1378.971896,7105.977043
1164.703509,-2072.576638,919.314598,8734.430116
1164.703834,-1850.514855,3753.867940,10584.944971
1164.704160,-1776.494261,2681.334243,8586.388927
1164.704486,148.041188,153.219100,8438.347739
1164.704812,3849.070898,842.705048,9622.677246
1164.705138,4515.256246,4903.011187,10288.862594
1164.705464,2442.679609,6741.640382,9622.677246
1164.705790,2368.659014,2528.115143,8512.368333
1164.706116,2442.679609,229.828649,8660.409521
1164.706441,2220.617826,1762.019645,9178.553681
1164.706767,592.164754,4826.401637,10658.965565
1164.707093,222.061783,4366.744339,9104.533087
1164.707419,518.144159,766.095498,9178.553681
1164.707745,1406.391290,-842.705048,9252.574275
1164.708071,518.144159,1685.410096,7920.203579
1164.708397,-592.164754,5286.058936,8216.285956
1164.708722,0.000000,3370.820191,8216.285956
1164.709048,-1258.350101,919.314598,8142.265362
1164.709374,-1332.370696,-383.047749,6587.832884
1164.709700,-3034.844362,1762.019645,8512.368333
1164.710026,-2812.782580,1838.629195,8512.368333
1164.710352,-1332.370696,-306.438199,9030.512492
1164.710678,-370.102971,-1532.190996,10066.800811
1164.711004,0.000000,-383.047749,10807.006753
1164.711329,-222.061783,2298.286494,11029.068536
1164.711655,1850.514855,536.266849,11029.068536
1164.711981,1184.329507,-919.314598,10584.944971
1164.712307,-814.226536,-1762.019645,8882.471304
1164.712633,-518.144159,-229.828649,8882.471304
1164.712959,666.185348,1149.143247,10955.047942
1164.713285,-740.205942,-536.266849,10807.006753
1164.713610,-444.123565,-2987.772442,9770.718434
1164.713936,1924.535449,-2068.457845,9030.512492
1164.714262,2072.576638,1915.238745,10362.883188
1164.714588,1184.329507,2528.115143,10362.883188
1164.714914,222.061783,0.000000,8586.388927
1164.715240,-370.102971,-2987.772442,7772.162391
1164.715566,-888.247130,-2757.943793,8216.285956
1164.715892,-814.226536,995.924147,9770.718434
1164.716217,-1110.308913,1455.581446,9474.636058
1164.716543,-1628.453072,-2451.505594,9178.553681
1164.716869,-296.082377,-4213.525239,9474.636058
1164.717195,518.144159,-1378.971896,9178.553681
1164.717521,-1184.329507,3140.991542,9104.533087
1164.717847,-1258.350101,1685.410096,7179.997637
1164.718173,-1332.370696,-1762.019645,7994.224174
1164.718499,-1998.556043,-2757.943793,8734.430116
1164.718824,-2812.782580,459.657299,10436.903782
1164.719150,-2664.741391,2068.457845,9474.636058
1164.719476,-1258.350101,-766.095498,9178.553681
1164.719802,888.247130,-2528.115143,10732.986159
1164.720128,1628.453072,0.000000,11325.150913
1164.720454,-592.164754,4213.525239,10732.986159
1164.720780,0.000000,3524.039291,9252.574275
1164.721105,518.144159,-995.924147,9400.615463
1164.721431,0.000000,-1455.581446,8142.265362
1164.721757,-444.123565,2298.286494,7698.141797
1164.722083,0.000000,4136.915689,9548.656652
1164.722409,74.020594,1532.190996,9622.677246
1164.722735,518.144159,-153.219100,8956.491898
1164.723061,2664.741391,-229.828649,9474.636058
1164.723387,2590.720797,4443.353888,9844.739029
1164.723712,2220.617826,4673.182538,9104.533087
1164.724038,2738.761985,1225.752797,8438.347739
1164.724364,1184.329507,-689.485948,7994.224174
1164.724690,-370.102971,842.705048,8068.244768
1164.725016,0.000000,3524.039291,10066.800811
1164.725342,0.000000,2757.943793,9918.759623
1164.725668,-740.205942,-919.314598,8660.409521
1164.725994,740.205942,-1608.800546,8438.347739
1164.726319,592.164754,1838.629195,9622.677246
1164.726645,-370.102971,4826.401637,9252.574275
1164.726971,-296.082377,2528.115143,8364.327145
1164.727297,0.000000,-842.705048,7179.997637
1164.727623,444.123565,-1455.581446,7328.038826
1164.727949,592.164754,2681.334243,9474.636058
1164.728275,222.061783,3524.039291,10436.903782
1164.728601,888.247130,995.924147,10436.903782
1164.728926,2886.803174,-2221.676944,10658.965565
1164.729252,3997.112087,-306.438199,10658.965565
1164.729578,1924.535449,4596.572988,10362.883188
1164.729904,1110.308913,2987.772442,8068.244768
1164.730230,1332.370696,76.609550,8734.430116
1164.730556,-592.164754,-1991.848295,9992.780217
1164.730882,-1702.473667,612.876398,9918.759623
1164.731208,-2368.659014,2451.505594,8956.491898
1164.731534,-2294.638420,-383.047749,8734.430116
1164.731860,-1184.329507,-3140.991542,10140.821405
1164.732186,-592.164754,-1532.190996,9622.677246
1164.732511,-1998.556043,2298.286494,9992.780217
1164.732837,-1924.535449,689.485948,8364.327145
1164.733163,-2220.617826,-2451.505594,8882.471304
1164.733489,-2590.720797,-2604.724693,8734.430116
1164.733815,-2960.823768,-306.438199,8586.388927
1164.734141,-3552.988522,766.095498,8956.491898
1164.734467,-2368.659014,-2221.676944,9252.574275
1164.734793,74.020594,-3524.039291,8586.388927
1164.735119,1924.535449,536.266849,9844.739029
1164.735445,1776.494261,3830.477490,9844.739029
1164.735771,1702.473667,3370.820191,9400.615463
1164.736097,1924.535449,-842.705048,7846.182985
1164.736422,814.226536,-1149.143247,7994.224174
1164.736748,-1036.288319,995.924147,7031.956449
1164.737074,-592.164754,3064.381992,9548.656652
1164.737400,0.000000,306.438199,9770.718434
1164.737726,-370.102971,-2757.943793,9770.718434
1164.738052,666.185348,-2145.067394,8586.388927
1164.738378,1998.556043,1608.800546,10658.965565
1164.738704,1702.473667,4826.401637,11473.192101
1164.739030,1406.391290,2145.067394,9474.636058
1164.739356,0.000000,-1455.581446,9178.553681
1164.739682,-592.164754,-2298.286494,8068.244768
1164.740008,-1184.329507,612.876398,9474.636058
1164.740333,-962.267725,1608.800546,10214.842000
1164.740659,-888.247130,229.828649,10436.903782
1164.740985,592.164754,-1455.581446,10732.986159
1164.741311,1110.308913,-919.314598,11621.233289
1164.741637,-518.144159,2145.067394,9918.759623
1164.741963,-444.123565,2068.457845,7772.162391
1164.742289,370.102971,-229.828649,7846.182985
1164.742615,1480.411884,-1455.581446,7624.121203
1164.742941,296.082377,2374.896044,9844.739029
1164.743267,-370.102971,4060.306139,10584.944971
1164.743593,296.082377,2374.896044,8290.306550
1164.743918,3552.988522,-919.314598,7031.956449
1164.744244,3552.988522,153.219100,9622.677246
1164.744570,1924.535449,5975.544884,10584.944971
1164.744896,1184.329507,6588.421283,8290.306550
1164.745222,814.226536,766.095498,9474.636058
1164.745548,0.000000,-3447.429741,8068.244768
1164.745874,-2294.638420,612.876398,6291.750507
1164.746200,-1628.453072,3983.696590,7476.080014
1164.746526,-1554.432478,1838.629195,9548.656652
1164.746852,-1406.391290,-995.924147,11029.068536
1164.747178,370.102971,-383.047749,11177.109724
1164.747504,740.205942,3064.381992,9844.739029
1164.747829,74.020594,3064.381992,8068.244768
1164.748155,518.144159,536.266849,7994.224174
1164.748481,-370.102971,229.828649,9474.636058
1164.748807,-1332.370696,1532.190996,9474.636058
1164.749133,-1702.473667,1991.848295,10436.903782
1164.749459,-518.144159,-612.876398,9474.636058
1164.749785,-1036.288319,-1225.752797,9252.574275
1164.750111,-444.123565,-306.438199,9178.553681
1164.750437,518.144159,1838.629195,10584.944971
1164.750763,-222.061783,1915.238745,10584.944971
1164.751089,148.041188,-612.876398,9400.615463
1164.751415,-296.082377,-229.828649,7254.018232
1164.751740,-666.185348,383.047749,7624.121203
1164.752066,-962.267725,1608.800546,10436.903782
1164.752392,222.061783,1072.533697,10807.006753
1164.752718,222.061783,-919.314598,8364.327145
1164.753044,1036.288319,-2757.943793,7550.100608
1164.753370,2368.659014,153.219100,8808.450710
1164.753696,1406.391290,4366.744339,10436.903782
1164.754022,0.000000,3294.210641,10066.800811
1164.754348,-370.102971,-2451.505594,7624.121203
1164.754674,0.000000,-4673.182538,7476.080014
1164.755000,-1628.453072,-995.924147,9104.533087
1164.755326,-2220.617826,3830.477490,11029.068536
1164.755651,-1036.288319,919.314598,9918.759623
1164.755977,0.000000,-4443.353888,9548.656652
1164.756303,0.000000,-4060.306139,10881.027347
1164.756629,-1036.288319,2757.943793,10214.842000
1164.756955,-1628.453072,5056.230287,9844.739029
1164.757281,-370.102971,-1302.362347,9104.533087
1164.757607,-1332.370696,-4979.620737,9178.553681
1164.757933,-2072.576638,-1915.238745,8956.491898
1164.758259,-3256.906145,3677.258390,9474.636058
1164.758585,-2442.679609,1685.410096,8882.471304
1164.758911,-148.041188,-3983.696590,9400.615463
1164.759236,1036.288319,-2604.724693,9548.656652
1164.759562,1036.288319,4136.915689,9622.677246
1164.759888,814.226536,6511.811733,8216.285956
1164.760214,1406.391290,1532.190996,8734.430116
1164.760540,740.205942,-1455.581446,9918.759623
1164.760866,-296.082377,919.314598,8586.388927
1164.761192,-592.164754,3370.820191,7920.203579
1164.761518,370.102971,689.485948,7920.203579
1164.761844,148.041188,-1608.800546,9326.594869
1164.762170,1702.473667,153.219100,9992.780217
1164.762496,3256.906145,4060.306139,10362.883188
1164.762822,2516.700203,4366.744339,10288.862594
1164.763147,2294.638420,919.314598,7994.224174
1164.763473,2220.617826,306.438199,7179.997637
1164.763799,2368.659014,2528.115143,8512.368333
1164.764125,2368.659014,3907.087040,9918.759623
1164.764451,2294.638420,2987.772442,10807.006753
1164.764777,1036.288319,766.095498,10288.862594
1164.765103,888.247130,306.438199,9326.594869
1164.765429,2072.576638,2145.067394,9992.780217
1164.765755,1184.329507,2451.505594,10362.883188
1164.766081,-1554.432478,919.314598,8956.491898
1164.766407,-1850.514855,0.000000,7698.141797
1164.766733,-2294.638420,0.000000,7772.162391
1164.767058,-3034.844362,536.266849,8808.450710
1164.767384,-3256.906145,919.314598,8586.388927
1164.767710,-2664.741391,766.095498,8956.491898
1164.768036,-888.247130,-229.828649,9400.615463
1164.768362,888.247130,-306.438199,10140.821405
1164.768688,518.144159,2221.676944,10288.862594
1164.769014,0.000000,2451.505594,8512.368333
1164.769340,592.164754,1378.971896,7476.080014
1164.769666,1628.453072,-459.657299,7994.224174
1164.769992,0.000000,383.047749,9992.780217
1164.770318,-1480.411884,3140.991542,10955.047942
1164.770643,-296.082377,1532.190996,10362.883188
1164.770969,962.267725,-2757.943793,9474.636058
1164.771295,1036.288319,-2834.553343,8734.430116
1164.771621,-1036.288319,1149.143247,9400.615463
1164.771947,-2220.617826,3600.648841,9104.533087
1164.772273,-1036.288319,76.609550,10214.842000
1164.772599,-1554.432478,-3753.867940,11843.295072
1164.772925,-3330.926739,-3447.429741,9918.759623
1164.773251,-3552.988522,0.000000,6957.935855
1164.773577,-1702.473667,-306.438199,8586.388927
1164.773903,-148.041188,-3447.429741,10214.842000
1164.774229,518.144159,-459.657299,9696.697840
1164.774554,1480.411884,2068.457845,8808.450710
1164.774880,518.144159,2221.676944,8734.430116
1164.775206,0.000000,612.876398,7254.018232
1164.775532,888.247130,-995.924147,7920.203579
1164.775858,1036.288319,-383.047749,8808.450710
1164.776184,666.185348,383.047749,9548.656652
1164.776510,0.000000,1302.362347,11177.109724
1164.776836,666.185348,-842.705048,9844.739029
1164.777162,592.164754,-1455.581446,8882.471304
1164.777488,1924.535449,-1149.143247,9252.574275
1164.777814,1924.535449,1838.629195,10288.862594
1164.778140,1258.350101,3294.210641,8660.409521
1164.778465,0.000000,842.705048,8660.409521
1164.778791,0.000000,-2068.457845,8290.306550
1164.779117,-814.226536,-766.095498,8438.347739
1164.779443,-2146.597232,1225.752797,10140.821405
1164.779769,-1110.308913,689.485948,9548.656652
1164.780095,0.000000,-536.266849,10140.821405
1164.780421,1702.473667,-2451.505594,11251.130318
1164.780747,1480.411884,229.828649,11177.109724
1164.781073,-222.061783,3370.820191,9104.533087
1164.781399,1110.308913,1455.581446,8808.450710
1164.781725,1776.494261,-612.876398,9326.594869
1164.782050,666.185348,459.657299,10214.842000
1164.782376,0.000000,2068.457845,9770.718434
1164.782702,74.020594,2911.162892,8586.388927
1164.783028,1850.514855,0.000000,8142.265362
1164.783354,3034.844362,-766.095498,8438.347739
1164.783680,1924.535449,3830.477490,9400.615463
1164.784006,444.123565,6358.592633,10066.800811
1164.784332,1258.350101,2604.724693,8438.347739
1164.784658,1702.473667,-536.266849,8216.285956
1164.784984,-296.082377,0.000000,7476.080014
1164.785310,-1924.535449,3370.820191,8216.285956
1164.785636,-1850.514855,2987.772442,7994.224174
1164.785961,-962.267725,-766.095498,10214.842000
1164.786287,-1628.453072,-1915.238745,10140.821405
1164.786613,-2072.576638,2145.067394,9104.533087
1164.786939,-1998.556043,3447.429741,8660.409521
1164.787265,-2220.617826,612.876398,8216.285956
1164.787591,-2886.803174,-1608.800546,9252.574275
1164.787917,-2664.741391,-306.438199,9696.697840
1164.788243,-2294.638420,3447.429741,9252.574275
1164.788569,-888.247130,2145.067394,9400.615463
1164.788895,-296.082377,-1378.971896,9548.656652
1164.789221,296.082377,-1302.362347,7994.224174
1164.789547,1406.391290,3064.381992,11399.171507
1164.789872,2294.638420,4213.525239,11843.295072
1164.790198,1036.288319,2221.676944,9770.718434
1164.790524,814.226536,-2068.457845,6365.771101
1164.790850,666.185348,-2374.896044,8068.244768
1164.791176,-666.185348,1685.410096,8808.450710
1164.791502,-74.020594,2757.943793,11325.150913
1164.791828,1184.329507,76.609550,11029.068536
1164.792154,2294.638420,-2604.724693,9992.780217
1164.792480,1258.350101,-919.314598,9178.553681
1164.792806,740.205942,2221.676944,9400.615463
1164.793132,-962.267725,2451.505594,8734.430116
1164.793458,-814.226536,-1762.019645,7698.141797
1164.793783,-1406.391290,-4673.182538,7772.162391
1164.794109,-2072.576638,-2374.896044,8438.347739
1164.794435,-4367.215058,1608.800546,9474.636058
1164.794761,-3404.947333,-536.266849,8438.347739
1164.795087,-2146.597232,-4443.353888,8882.471304
1164.795413,-666.185348,-4290.134789,10140.821405
1164.795739,-296.082377,229.828649,10732.986159
1164.796065,370.102971,3140.991542,10214.842000
1164.796391,1702.473667,-383.047749,8586.388927
1164.796717,666.185348,-2987.772442,9326.594869
1164.797043,814.226536,-612.876398,9548.656652
1164.797368,74.020594,3677.258390,10436.903782
1164.797694,1110.308913,1685.410096,9622.677246
1164.798020,2368.659014,-1915.238745,11399.171507
1164.798346,1776.494261,-1532.190996,10881.027347
1164.798672,1480.411884,1991.848295,9548.656652
1164.798998,1332.370696,3524.039291,9770.718434
1164.799324,1036.288319,306.438199,9844.739029
1164.799650,222.061783,-1072.533697,8364.327145
1164.799976,444.123565,842.705048,8290.306550
1164.800302,-740.205942,3753.867940,9178.553681
1164.800628,-962.267725,2451.505594,8808.450710
1164.800954,-222.061783,-306.438199,7994.224174
1164.801279,370.102971,-995.924147,7402.059420
1164.801605,296.082377,2911.162892,8586.388927
1164.801931,666.185348,4826.401637,10362.883188
1164.802257,888.247130,2528.115143,9400.615463
1164.802583,-666.185348,-766.095498,6439.791695
1164.802909,-1554.432478,-1685.410096,6365.771101
1164.803235,-1480.411884,2298.286494,8956.491898
1164.803561,0.000000,4979.620737,9696.697840
1164.803887,74.020594,3064.381992,10214.842000
1164.804213,1258.350101,-306.438199,9252.574275
1164.804539,1850.514855,842.705048,7994.224174
1164.804865,2294.638420,4979.620737,9030.512492
1164.805190,1554.432478,5056.230287,8956.491898
1164.805516,-148.041188,1915.238745,8734.430116
1164.805842,-962.267725,-842.705048,8586.388927
1164.806168,-1776.494261,383.047749,10066.800811
1164.806494,-2146.597232,2374.896044,8956.491898
1164.806820,-1998.556043,1072.533697,10066.800811
1164.807146,-1258.350101,-2068.457845,10510.924376
1164.807472,814.226536,-1838.629195,9622.677246
1164.807798,666.185348,2757.943793,11843.295072
1164.808124,0.000000,4290.134789,11103.089130
1164.808450,-518.144159,1991.848295,7476.080014
1164.808775,518.144159,-2374.896044,6809.894666
1164.809101,666.185348,-1915.238745,9178.553681
1164.809427,-2220.617826,2987.772442,9474.636058
1164.809753,-2294.638420,2528.115143,9918.759623
1164.810079,-370.102971,-2911.162892,11399.171507
1164.810405,-370.102971,-5439.278036,9992.780217
1164.810731,-1480.411884,-1532.190996,9252.574275
1164.811057,-1184.329507,2604.724693,9474.636058
1164.811383,0.000000,1378.971896,7994.224174
1164.811709,-222.061783,-3140.991542,7402.059420
1164.812035,-888.247130,-4136.915689,8956.491898
1164.812361,-1924.535449,1532.190996,9474.636058
1164.812686,-1258.350101,2911.162892,9326.594869
1164.813012,814.226536,-1762.019645,9178.553681
1164.813338,740.205942,-3907.087040,9474.636058
1164.813664,1258.350101,-1455.581446,9696.697840
1164.813990,2368.659014,3217.601092,11251.130318
1164.814316,1850.514855,1455.581446,9770.718434
1164.814642,-1480.411884,-3064.381992,8734.430116
1164.814968,-1554.432478,-3907.087040,7105.977043
1164.815294,-148.041188,229.828649,9400.615463
1164.815620,148.041188,2911.162892,11621.233289
1164.815946,-370.102971,842.705048,10955.047942
1164.816272,814.226536,-1302.362347,9400.615463
1164.816597,2220.617826,-1378.971896,7624.121203
1164.816923,2812.782580,2374.896044,8956.491898
1164.817249,2220.617826,4749.792088,9474.636058
1164.817575,148.041188,2604.724693,9178.553681
1164.817901,370.102971,-153.219100,8364.327145
1164.818227,0.000000,-689.485948,10288.862594
1164.818553,-1628.453072,612.876398,10436.903782
1164.818879,-2368.659014,1072.533697,8142.265362
1164.819205,0.000000,-383.047749,8660.409521
1164.819531,1480.411884,-612.876398,10658.965565
1164.819857,1184.329507,2681.334243,11325.150913
1164.820182,740.205942,6128.763984,9844.739029
1164.820508,740.205942,2987.772442,7476.080014
1164.820834,814.226536,-1378.971896,6661.853478
1164.821160,74.020594,612.876398,8438.347739
1164.821486,-888.247130,5592.497135,10807.006753
1164.821812,-1184.329507,5286.058936,10584.944971
1164.822138,148.041188,-612.876398,9104.533087
1164.822464,888.247130,-3064.381992,8660.409521
1164.822790,0.000000,1225.752797,7772.162391
1164.823116,-148.041188,6511.811733,8808.450710
1164.823442,0.000000,3983.696590,9918.759623
1164.823768,-518.144159,-1608.800546,8586.388927
1164.824093,-1332.370696,-1072.533697,8364.327145
1164.824419,-2220.617826,3294.210641,7994.224174
1164.824745,-1850.514855,4290.134789,7846.182985
1164.825071,-370.102971,536.266849,9252.574275
1164.825397,1184.329507,-2987.772442,10362.883188
1164.825723,444.123565,766.095498,8808.450710
1164.826049,-222.061783,3983.696590,9178.553681
1164.826375,0.000000,2298.286494,9104.533087
1164.826701,-592.164754,-995.924147,8438.347739
1164.827027,-1554.432478,-2757.943793,8882.471304
1164.827353,-1702.473667,-612.876398,10732.986159
1164.827679,-1406.391290,1302.362347,11843.295072
1164.828004,-814.226536,-842.705048,11843.295072
1164.828330,740.205942,-3907.087040,10214.842000
1164.828656,1702.473667,-2221.676944,8882.471304
1164.828982,2664.741391,1532.190996,10436.903782
1164.829308,1924.535449,3983.696590,11251.130318
1164.829634,666.185348,1455.581446,9030.512492
1164.829960,-592.164754,-2757.943793,7402.059420
1164.830286,-1036.288319,-3064.381992,8438.347739
1164.830612,-1110.308913,0.000000,9252.574275
1164.830938,-1628.453072,1072.533697,9622.677246
1164.831264,-222.061783,-2604.724693,9844.739029
1164.831590,592.164754,-3753.867940,10510.924376
1164.831916,518.144159,-766.095498,10066.800811
1164.832242,-1036.288319,2451.505594,8956.491898
1164.832568,-962.267725,995.924147,6957.935855
1164.832894,0.000000,-1685.410096,7031.956449
1164.833220,740.205942,-842.705048,8882.471304
1164.833546,-888.247130,2681.334243,9918.759623
1164.833872,-1998.556043,3294.210641,9548.656652
1164.834198,-1406.391290,-995.924147,8734.430116
1164.834524,0.000000,-3983.696590,9178.553681
1164.834850,518.144159,-1991.848295,9474.636058
1164.835176,-592.164754,4290.134789,11325.150913
1164.835502,-1850.514855,4060.306139,11029.068536
1164.835828,-962.267725,-2681.334243,7772.162391
1164.836153,-1110.308913,-3983.696590,8142.265362
1164.836479,-370.102971,612.876398,8956.491898
1164.836805,-666.185348,6052.154434,10066.800811
1164.837131,2294.638420,4366.744339,10140.821405
1164.837457,3108.864956,-1072.533697,11325.150913
1164.837783,2072.576638,-229.828649,9918.759623
1164.838109,1702.473667,4443.353888,8808.450710
1164.838435,2812.782580,5056.230287,7846.182985
1164.838761,1554.432478,1302.362347,7254.018232
1164.839087,-592.164754,-536.266849,7550.100608
1164.839413,-370.102971,1532.190996,9030.512492
1164.839739,-1924.535449,3294.210641,9696.697840
1164.840065,-1850.514855,1762.019645,9400.615463
1164.840391,592.164754,-1378.971896,9474.636058
1164.840717,2590.720797,-229.828649,8882.471304
1164.841043,2812.782580,3600.648841,10288.862594
1164.841369,1480.411884,5286.058936,11177.109724
1164.841695,518.144159,2374.896044,7772.162391
1164.842021,518.144159,-1149.143247,6439.791695
1164.842347,1406.391290,-229.828649,7550.100608
1164.842673,1036.288319,4060.306139,9548.656652
1164.842999,-1110.308913,5056.230287,10584.944971
1164.843325,0.000000,-612.876398,9770.718434
1164.843651,740.205942,-3600.648841,9918.759623
1164.843977,0.000000,-612.876398,10140.821405
1164.844303,-1258.350101,3064.381992,10140.821405
1164.844629,-370.102971,1685.410096,7994.224174
1164.844955,444.123565,-2757.943793,8512.368333
1164.845281,-296.082377,-2221.676944,10436.903782
1164.845607,-814.226536,3524.039291,10140.821405
1164.845933,-222.061783,5056.230287,8586.388927
1164.846259,370.102971,-842.705048,7328.038826
1164.846585,-296.082377,-3830.477490,8364.327145
1164.846910,-518.144159,383.047749,9104.533087
1164.847236,-1110.308913,4903.011187,9918.759623
1164.847562,-1036.288319,612.876398,8290.306550
1164.847888,-2738.761985,-4903.011187,9104.533087
1164.848214,-2368.659014,-4290.134789,9400.615463
1164.848540,-3182.885551,306.438199,10362.883188
1164.848866,-3552.988522,1378.971896,10955.047942
1164.849192,-1184.329507,-3753.867940,10214.842000
1164.849518,1554.432478,-4596.572988,10584.944971
1164.849844,2294.638420,459.657299,10955.047942
1164.850170,888.247130,5209.449386,10510.924376
1164.850496,2368.659014,2298.286494,8882.471304
1164.850822,1258.350101,-2298.286494,8808.450710
1164.851148,-666.185348,-3064.381992,7698.141797
1164.851474,-962.267725,1762.019645,8660.409521
1164.851800,-1036.288319,3064.381992,10362.883188
1164.852126,-1776.494261,-1378.971896,10362.883188
1164.852452,-1406.391290,-3907.087040,8956.491898
1164.852778,-370.102971,-2681.334243,9030.512492
1164.853104,-740.205942,1225.752797,8734.430116
1164.853430,-370.102971,2604.724693,9622.677246
1164.853756,-666.185348,0.000000,8512.368333
1164.854082,-1554.432478,-1378.971896,7550.100608
1164.854408,-1998.556043,-995.924147,7476.080014
1164.854734,-1332.370696,1149.143247,8216.285956
1164.855060,-1036.288319,1685.410096,7328.038826
1164.855386,2072.576638,536.266849,8512.368333
1164.855712,3627.009116,842.705048,10955.047942
1164.856038,3701.029710,3140.991542,11621.233289
1164.856364,2368.659014,4519.963438,10881.027347
1164.856690,2738.761985,1915.238745,9030.512492
1164.857016,3330.926739,-153.219100,8142.265362
1164.857342,3478.967927,306.438199,9326.594869
1164.857668,2368.659014,4366.744339,12139.377449
1164.857993,444.123565,4443.353888,10881.027347
1164.858319,888.247130,612.876398,9474.636058
1164.858645,1998.556043,-1915.238745,9030.512492
1164.858971,1628.453072,1608.800546,9178.553681
1164.859297,0.000000,6281.983084,8586.388927
1164.859623,518.144159,4903.011187,8290.306550
1164.859949,-592.164754,-536.266849,7105.977043
1164.860275,-2072.576638,-2528.115143,6217.729913
1164.860601,-3108.864956,2068.457845,8586.388927
1164.860927,-2442.679609,5132.839837,9548.656652
1164.861253,-666.185348,1991.848295,8956.491898
1164.861579,1110.308913,-2604.724693,9622.677246
1164.861905,148.041188,-689.485948,9030.512492
1164.862231,0.000000,4290.134789,7920.203579
1164.862557,1776.494261,4290.134789,9104.533087
1164.862883,740.205942,0.000000,9770.718434
1164.863209,-1110.308913,-1991.848295,9030.512492
1164.863535,-1184.329507,383.047749,8586.388927
1164.863861,-814.226536,2374.896044,9992.780217
1164.864187,-740.205942,0.000000,10066.800811
1164.864513,-962.267725,-766.095498,10362.883188
1164.864839,222.061783,229.828649,9400.615463
1164.865165,814.226536,1991.848295,9104.533087
1164.865491,-222.061783,2757.943793,9252.574275
1164.865817,-1628.453072,-153.219100,8882.471304
1164.866143,-3034.844362,-1685.410096,7476.080014
1164.866469,-2886.803174,-1225.752797,8512.368333
1164.866795,-2146.597232,-766.095498,11769.274478
1164.867121,-2960.823768,-919.314598,9844.739029
1164.867447,-2220.617826,-3064.381992,7402.059420
1164.867773,-518.144159,-2834.553343,10066.800811
1164.868099,592.164754,-229.828649,11473.192101
1164.868425,-148.041188,3370.820191,10732.986159
1164.868751,1184.329507,306.438199,8586.388927
1164.869076,148.041188,-3217.601092,8734.430116
1164.869402,-2072.576638,-2911.162892,9400.615463
1164.869728,-962.267725,383.047749,10140.821405
1164.870054,-1332.370696,1991.848295,10658.965565
1164.870380,-148.041188,-3064.381992,9178.553681
1164.870706,1184.329507,-4826.401637,9400.615463
1164.871032,2368.659014,-612.876398,9548.656652
1164.871358,592.164754,4213.525239,10807.006753
1164.871684,0.000000,2681.334243,9474.636058
1164.872010,222.061783,-1991.848295,7402.059420
1164.872336,148.041188,-3217.601092,6513.812290
1164.872662,-148.041188,306.438199,7031.956449
1164.872988,-1628.453072,4366.744339,9252.574275
1164.873314,814.226536,1532.190996,9770.718434
1164.873640,2220.617826,-2374.896044,10732.986159
1164.873966,2664.741391,-1608.800546,10436.903782
1164.874292,2294.638420,2834.553343,9474.636058
1164.874618,2664.741391,4903.011187,9326.594869
1164.874944,2886.803174,1455.581446,9474.636058
1164.875270,2072.576638,-306.438199,8364.327145
1164.875596,444.123565,1762.019645,8586.388927
1164.875922,0.000000,3753.867940,10288.862594
1164.876248,1184.329507,2145.067394,9326.594869
1164.876574,1332.370696,612.876398,9474.636058
1164.876900,1184.329507,1072.533697,10214.842000
1164.877226,814.226536,4290.134789,9844.739029
1164.877552,1628.453072,5132.839837,9400.615463
1164.877878,370.102971,1915.238745,9992.780217
1164.878204,-1036.288319,-995.924147,7624.121203
1164.878530,-1554.432478,1149.143247,8068.244768
1164.878856,-444.123565,3294.210641,10362.883188
1164.879182,-1258.350101,3217.601092,11473.192101
1164.879508,-1480.411884,1302.362347,9844.739029
1164.879833,1480.411884,-995.924147,9104.533087
1164.880159,1406.391290,1762.019645,8216.285956
1164.880485,-296.082377,4673.182538,7550.100608
1164.880811,-148.041188,4213.525239,6809.894666
1164.881137,-962.267725,2221.676944,6587.832884
1164.881463,-2368.659014,-612.876398,7550.100608
1164.881789,-3108.864956,0.000000,9844.739029
1164.882115,-3701.029710,995.924147,8290.306550
1164.882441,-3182.885551,-536.266849,8364.327145
1164.882767,-1110.308913,-3064.381992,9918.759623
1164.883093,-148.041188,-995.924147,10584.944971
1164.883419,-740.205942,2221.676944,10732.986159
1164.883745,-148.041188,536.266849,9178.553681
1164.884071,-666.185348,-2068.457845,8216.285956
1164.884397,-148.041188,-2681.334243,8290.306550
1164.884723,0.000000,1149.143247,10362.883188
1164.885049,148.041188,3140.991542,12213.398043
1164.885375,1332.370696,-1072.533697,10807.006753
1164.885701,2738.761985,-3753.867940,10288.862594
1164.886027,3330.926739,-2068.457845,9844.739029
1164.886353,1110.308913,2451.505594,10807.006753
1164.886679,814.226536,2604.724693,9992.780217
1164.887005,962.267725,-919.314598,10955.047942
1164.887331,-888.247130,-3677.258390,9326.594869
1164.887657,-3330.926739,-2681.334243,7105.977043
1164.887983,-3404.947333,536.266849,7698.141797
1164.888309,-2146.597232,-842.705048,8364.327145
1164.888635,-1406.391290,-2681.334243,9992.780217
1164.888961,-444.123565,-2298.286494,10214.842000
1164.889287,-222.061783,0.000000,9770.718434
1164.889613,1110.308913,2145.067394,8364.327145
1164.889939,2072.576638,1072.533697,8068.244768
1164.890265,518.144159,-536.266849,8734.430116
1164.890591,-370.102971,153.219100,8882.471304
1164.890916,740.205942,1685.410096,10955.047942
1164.891242,1184.329507,0.000000,10510.924376
1164.891568,0.000000,-1838.629195,8808.450710
1164.891894,888.247130,-766.095498,9696.697840
1164.892220,1850.514855,2757.943793,11029.068536
1164.892546,1850.514855,4060.306139,10658.965565
1164.892872,1110.308913,1455.581446,9400.615463
1164.893198,-444.123565,-306.438199,7402.059420
1164.893524,-222.061783,842.705048,6661.853478
1164.893850,0.000000,4903.011187,9770.718434
1164.894176,0.000000,4519.963438,10658.965565
1164.894502,-296.082377,1532.190996,7920.203579
1164.894828,962.267725,-842.705048,7624.121203
1164.895154,1628.453072,1915.238745,8956.491898
1164.895480,0.000000,6128.763984,9400.615463
1164.895806,0.000000,5132.839837,9178.553681
1164.896132,0.000000,459.657299,9326.594869
1164.896458,-518.144159,-2068.457845,7846.182985
1164.896784,-518.144159,1455.581446,9474.636058
1164.897110,-370.102971,4903.011187,10732.986159
1164.897436,0.000000,3294.210641,9548.656652
1164.897762,1702.473667,-153.219100,9844.739029
1164.898088,3108.864956,229.828649,10066.800811
1164.898414,1776.494261,4290.134789,9030.512492
1164.898740,1406.391290,5745.716235,8142.265362
1164.899066,296.082377,1915.238745,8586.388927
1164.899392,-1554.432478,-1302.362347,8660.409521
1164.899718,-2146.597232,-459.657299,8364.327145
1164.900044,-2590.720797,1838.629195,9548.656652
1164.900370,-2812.782580,153.219100,9992.780217
1164.900696,-2738.761985,-2834.553343,9696.697840
1164.901022,-1110.308913,-1915.238745,10436.903782
1164.901348,962.267725,689.485948,9622.677246
1164.901674,148.041188,1915.238745,8364.327145
1164.901999,1036.288319,689.485948,8438.347739
1164.902325,370.102971,-383.047749,8660.409521
1164.902651,0.000000,-689.485948,7846.182985
1164.902977,-666.185348,383.047749,10658.965565
1164.903303,-1258.350101,153.219100,10436.903782
1164.903629,-518.144159,-1685.410096,8512.368333
1164.903955,814.226536,-3677.258390,8438.347739
1164.904281,2220.617826,-2298.286494,8882.471304
1164.904607,222.061783,1915.238745,10807.006753
1164.904933,-814.226536,2528.115143,10288.862594
1164.905259,-740.205942,-1762.019645,9400.615463
1164.905585,-444.123565,-4596.572988,7105.977043
1164.905911,-518.144159,-2374.896044,9548.656652
1164.906237,-1702.473667,1915.238745,10807.006753
1164.906563,-666.185348,1762.019645,9252.574275
1164.906889,74.020594,-2681.334243,9844.739029
1164.907215,1702.473667,-4903.011187,10436.903782
1164.907541,222.061783,1072.533697,9326.594869
1164.907867,-370.102971,5056.230287,9400.615463
1164.908193,370.102971,995.924147,9918.759623
1164.908519,-592.164754,-3140.991542,9622.677246
1164.908845,-962.267725,-2145.067394,9770.718434
1164.909171,-1776.494261,1762.019645,9992.780217
1164.909497,-1702.473667,2145.067394,8512.368333
1164.909823,370.102971,-2298.286494,9252.574275
1164.910149,1406.391290,-1455.581446,11103.089130
1164.910475,-296.082377,3294.210641,10362.883188
1164.910801,-740.205942,4443.353888,9474.636058
1164.911127,-518.144159,0.000000,8142.265362
1164.911453,-592.164754,-3217.601092,7031.956449
1164.911779,-1406.391290,536.266849,7624.121203
1164.912105,-1258.350101,4596.572988,8808.450710
1164.912431,-1036.288319,3370.820191,9548.656652
1164.912757,444.123565,-1225.752797,8290.306550
1164.913082,2368.659014,-536.266849,9844.739029
1164.913408,3256.906145,3830.477490,9178.553681
1164.913734,2886.803174,6971.469032,8956.491898
1164.914060,3923.091493,3830.477490,9178.553681
1164.914386,3552.988522,306.438199,9030.512492
1164.914712,1110.308913,1838.629195,8290.306550
1164.915038,1184.329507,3983.696590,9474.636058
1164.915364,296.082377,3600.648841,9178.553681
1164.915690,222.061783,229.828649,8290.306550
1164.916016,222.061783,-1225.752797,9400.615463
1164.916342,1332.370696,2068.457845,10807.006753
1164.916668,-222.061783,5286.058936,11251.130318
1164.916994,-1110.308913,2604.724693,8882.471304
1164.917320,-666.185348,-2451.505594,7328.038826
1164.917646,-1036.288319,-1455.581446,6661.853478
1164.917972,-444.123565,2528.115143,10584.944971
1164.918298,-222.061783,4673.182538,12657.521608
1164.918624,0.000000,1302.362347,9918.759623
1164.918950,666.185348,-2681.334243,9252.574275
1164.919276,2146.597232,-2145.067394,9400.615463
1164.919602,370.102971,3600.648841,9770.718434
1164.919928,-592.164754,4519.963438,9178.553681
1164.920254,222.061783,0.000000,9400.615463
1164.920580,-666.185348,-3447.429741,8808.450710
1164.920906,-1702.473667,-1225.752797,9030.512492
1164.921232,-2368.659014,2451.505594,9474.636058
1164.921558,-1554.432478,919.314598,7920.203579
1164.921884,74.020594,-2451.505594,8216.285956
1164.922210,1554.432478,-2145.067394,10140.821405
1164.922536,518.144159,2911.162892,9474.636058
1164.922862,-1036.288319,3677.258390,7179.997637
1164.923188,-740.205942,-919.314598,7402.059420
1164.923514,-888.247130,-4060.306139,8438.347739
1164.923839,-1924.535449,-1149.143247,9252.574275
1164.924165,-2664.741391,2145.067394,10288.862594
1164.924491,-2220.617826,-766.095498,10510.924376
1164.924817,-2294.638420,-5209.449386,9844.739029
1164.925143,-666.185348,-3983.696590,10362.883188
1164.925469,296.082377,1072.533697,10807.006753
1164.925795,0.000000,2834.553343,10510.924376
1164.926121,0.000000,-766.095498,10140.821405
1164.926447,-296.082377,-2604.724693,10140.821405
1164.926773,-1258.350101,-1072.533697,8808.450710
1164.927099,-1480.411884,2068.457845,9770.718434
1164.927425,0.000000,306.438199,10510.924376
1164.927751,-444.123565,-1762.019645,9696.697840
1164.928077,222.061783,-1455.581446,9622.677246
1164.928403,1406.391290,536.266849,9104.533087
1164.928729,962.267725,3064.381992,9104.533087
1164.929055,1036.288319,1762.019645,8956.491898
1164.929381,1480.411884,1149.143247,8808.450710
1164.929707,962.267725,1072.533697,7624.121203
1164.930033,740.205942,995.924147,8216.285956
1164.930359,592.164754,1991.848295,9844.739029
1164.930685,1110.308913,1762.019645,8290.306550
1164.931011,1110.308913,229.828649,8512.368333
1164.931337,3182.885551,76.609550,9548.656652
1164.931663,2220.617826,2221.676944,10510.924376
1164.931989,666.185348,2911.162892,8956.491898
1164.932315,888.247130,766.095498,7254.018232
1164.932641,888.247130,-689.485948,8290.306550
1164.932966,-370.102971,1455.581446,9918.759623
1164.933292,-1480.411884,4136.915689,9844.739029
1164.933618,74.020594,2298.286494,8512.368333
1164.933944,1332.370696,-766.095498,8142.265362
1164.934270,2812.782580,842.705048,9474.636058
1164.934596,1776.494261,5515.887586,10362.883188
1164.934922,74.020594,6205.373534,8586.388927
1164.935248,74.020594,842.705048,8512.368333
1164.935574,-518.144159,-1762.019645,8882.471304
1164.935900,-2368.659014,306.438199,9326.594869
1164.936226,-2812.782580,4213.525239,9770.718434
1164.936552,-1554.432478,1915.238745,10732.986159
1164.936878,592.164754,-3140.991542,10881.027347
1164.937204,1258.350101,-2298.286494,10214.842000
1164.937530,296.082377,3907.087040,10214.842000
1164.937856,0.000000,6358.592633,8660.409521
1164.938182,1184.329507,1838.629195,7920.203579
1164.938508,962.267725,-2757.943793,7772.162391
1164.938834,-1480.411884,0.000000,7402.059420
1164.939160,-2368.659014,4366.744339,8586.388927
1164.939486,-1258.350101,2451.505594,9548.656652
1164.939811,-1110.308913,-3064.381992,9474.636058
1164.940137,-2146.597232,-3677.258390,9252.574275
1164.940463,-1776.494261,383.047749,8734.430116
1164.940789,-1184.329507,2298.286494,8364.327145
1164.941115,-1184.329507,-842.705048,8290.306550
1164.941441,-1480.411884,-3447.429741,9992.780217
1164.941767,-1998.556043,-842.705048,9178.553681
1164.942093,-814.226536,842.705048,8882.471304
1164.942419,-1110.308913,383.047749,10362.883188
1164.942745,-1554.432478,-1685.410096,9696.697840
1164.943071,222.061783,-1532.190996,9104.533087
1164.943397,3552.988522,-689.485948,9252.574275
1164.943723,2738.761985,842.705048,11177.109724
1164.944049,370.102971,1378.971896,10214.842000
1164.944375,518.144159,919.314598,8512.368333
1164.944701,1332.370696,-1378.971896,9104.533087
1164.945027,222.061783,-1378.971896,9622.677246
1164.945353,-2442.679609,536.266849,9992.780217
1164.945679,-666.185348,995.924147,9326.594869
1164.946005,518.144159,-842.705048,9622.677246
1164.946330,1184.329507,-2145.067394,10362.883188
1164.946656,-370.102971,-153.219100,10658.965565
1164.946982,-1554.432478,2451.505594,8364.327145
1164.947308,-296.082377,2068.457845,7920.203579
1164.947634,148.041188,-1608.800546,9474.636058
1164.947960,-1554.432478,-1455.581446,9474.636058
1164.948286,-2738.761985,1378.971896,9400.615463
1164.948612,-1702.473667,1532.190996,8956.491898
1164.948938,296.082377,-1685.410096,9104.533087
1164.949264,1480.411884,-2145.067394,9696.697840
1164.949590,2294.638420,2528.115143,11695.253884
1164.949916,2664.741391,6128.763984,11547.212695
1164.950242,2812.782580,2604.724693,8438.347739
1164.950568,1924.535449,-1225.752797,7402.059420
1164.950894,592.164754,-995.924147,6735.874072
1164.951220,-148.041188,4519.963438,8808.450710
1164.951546,1258.350101,4673.182538,10140.821405
1164.951872,1480.411884,689.485948,10658.965565
1164.952198,222.061783,-1302.362347,9474.636058
1164.952524,1628.453072,1532.190996,8808.450710
1164.952849,962.267725,5286.058936,8660.409521
1164.953175,1110.308913,3140.991542,7624.121203
1164.953501,518.144159,-459.657299,8364.327145
1164.953827,-666.185348,306.438199,7698.141797
1164.954153,-1850.514855,4060.306139,7994.224174
1164.954479,-1184.329507,4060.306139,10140.821405
1164.954805,-370.102971,842.705048,10066.800811
1164.955131,0.000000,-842.705048,8956.491898
1164.955457,1406.391290,-306.438199,8586.388927
1164.955783,740.205942,3677.258390,10288.862594
1164.956109,-222.061783,4366.744339,9178.553681
1164.956435,-1332.370696,459.657299,8216.285956
1164.956761,-296.082377,-2834.553343,7254.018232
1164.957087,-1406.391290,459.657299,9918.759623
1164.957413,-2516.700203,3907.087040,11695.253884
1164.957739,-1332.370696,2145.067394,9918.759623
1164.958065,-148.041188,-2221.676944,9178.553681
1164.958391,1036.288319,-3677.258390,10066.800811
1164.958717,1036.288319,2145.067394,9918.759623
1164.959043,370.102971,5898.935335,9474.636058
1164.959368,592.164754,306.438199,8882.471304
1164.959694,370.102971,-4443.353888,10362.883188
1164.960020,-1332.370696,-1991.848295,10436.903782
1164.960346,-1998.556043,2068.457845,9178.553681
1164.960672,-1480.411884,919.314598,8660.409521
1164.960998,0.000000,-4519.963438,8882.471304
1164.961324,0.000000,-3294.210641,9844.739029
1164.961650,666.185348,1838.629195,9770.718434
1164.961976,-222.061783,3370.820191,10510.924376
1164.962302,-1184.329507,-919.314598,7994.224174
1164.962628,-814.226536,-3907.087040,7624.121203
1164.962954,-666.185348,-2221.676944,8364.327145
1164.963280,-2516.700203,1532.190996,9030.512492
1164.963606,-3552.988522,1302.362347,9030.512492
1164.963932,-1258.350101,-3524.039291,9178.553681
1164.964258,-296.082377,-4366.744339,9548.656652
1164.964584,222.061783,-459.657299,8956.491898
1164.964910,0.000000,3140.991542,10881.027347
1164.965236,666.185348,1838.629195,9622.677246
1164.965562,1184.329507,-1455.581446,8512.368333
1164.965887,1332.370696,-2145.067394,8512.368333
1164.966213,0.000000,995.924147,9770.718434
1164.966539,0.000000,2834.553343,10288.862594
1164.966865,1998.556043,153.219100,11029.068536
1164.967191,1776.494261,-1532.190996,11029.068536
1164.967517,2072.576638,-1225.752797,10436.903782
1164.967843,1776.494261,2145.067394,10732.986159
1164.968169,1036.288319,3064.381992,10140.821405
1164.968495,296.082377,306.438199,8660.409521
1164.968821,-962.267725,-1532.190996,8512.368333
1164.969147,-1110.308913,-229.828649,7846.182985
1164.969473,-1036.288319,2604.724693,8956.491898
1164.969799,74.020594,2911.162892,9252.574275
1164.970125,1924.535449,919.314598,8882.471304
1164.970451,3182.885551,2374.896044,7698.141797
1164.970777,2812.782580,4826.401637,9474.636058
1164.971103,1776.494261,5132.839837,8512.368333
1164.971429,962.267725,3064.381992,6513.812290
1164.971755,1110.308913,76.609550,7994.224174
1164.972081,0.000000,919.314598,9474.636058
1164.972406,-2146.597232,3753.867940,9104.533087
1164.972732,-518.144159,2298.286494,8512.368333
1164.973058,444.123565,-919.314598,8882.471304
1164.973384,1628.453072,0.000000,9400.615463
1164.973710,1480.411884,4596.572988,9770.718434
1164.974036,962.267725,7124.688131,9770.718434
1164.974362,1258.350101,2451.505594,6883.915261
1164.974688,518.144159,-1149.143247,7624.121203
1164.975014,-1258.350101,766.095498,8956.491898
1164.975340,-4145.153275,4519.963438,9178.553681
1164.975666,-3849.070898,3064.381992,10732.986159
1164.975992,-1850.514855,-4060.306139,10214.842000
1164.976318,-3182.885551,-5056.230287,9474.636058
1164.976644,-2812.782580,-689.485948,8956.491898
1164.976970,-740.205942,3524.039291,10955.047942
1164.977296,592.164754,2604.724693,10807.006753
1164.977622,0.000000,-1378.971896,10066.800811
1164.977948,-148.041188,-2681.334243,9474.636058
1164.978274,-592.164754,842.705048,8068.244768
1164.978600,-148.041188,2451.505594,9622.677246
1164.978925,1554.432478,-612.876398,9844.739029
1164.979251,1480.411884,-1072.533697,9474.636058
1164.979577,1850.514855,-842.705048,8956.491898
1164.979903,1258.350101,842.705048,10658.965565
1164.980229,-370.102971,536.266849,9326.594869
1164.980555,-1332.370696,-2068.457845,9326.594869
1164.980881,-962.267725,-3677.258390,9252.574275
1164.981207,-370.102971,-1991.848295,9326.594869
1164.981533,-1628.453072,0.000000,9992.780217
1164.981859,-962.267725,-1149.143247,9030.512492
1164.982185,0.000000,-2451.505594,8290.306550
1164.982511,2442.679609,-1455.581446,8216.285956
1164.982837,2220.617826,1685.410096,10214.842000
1164.983163,296.082377,2987.772442,9474.636058
1164.983489,-888.247130,612.876398,9030.512492
1164.983815,-370.102971,-3064.381992,8290.306550
1164.984141,-1184.329507,-4136.915689,8216.285956
1164.984467,-3478.967927,-1225.752797,9474.636058
1164.984793,-3034.844362,383.047749,10362.883188
1164.985119,-1036.288319,-842.705048,11547.212695
1164.985444,1406.391290,-3140.991542,11029.068536
1164.985770,1332.370696,-689.485948,10658.965565
1164.986096,814.226536,4903.011187,9400.615463
1164.986422,2220.617826,5439.278036,8216.285956
1164.986748,3182.885551,1685.410096,7402.059420
1164.987074,2294.638420,-383.047749,9252.574275
1164.987400,0.000000,2987.772442,9622.677246
1164.987726,0.000000,5286.058936,9696.697840
1164.988052,1554.432478,1608.800546,9252.574275
1164.988378,1702.473667,-2298.286494,10510.924376
1164.988704,444.123565,612.876398,10510.924376
1164.989030,888.247130,5362.668486,9918.759623
1164.989356,444.123565,4596.572988,7920.203579
1164.989682,-148.041188,0.000000,7550.100608
1164.990008,-2072.576638,-229.828649,7476.080014
1164.990334,-2220.617826,2681.334243,7179.997637
1164.990660,-1036.288319,6205.373534,9770.718434
1164.990986,-148.041188,3294.210641,10288.862594
1164.991312,-518.144159,0.000000,8290.306550
1164.991638,0.000000,689.485948,6217.729913
1164.991963,666.185348,3294.210641,9178.553681
1164.992289,-370.102971,4136.915689,9400.615463
1164.992615,-1036.288319,1455.581446,7550.100608
1164.992941,-814.226536,-919.314598,8882.471304
1164.993267,-1110.308913,0.000000,10288.862594
1164.993593,-2664.741391,2451.505594,10807.006753
1164.993919,-740.205942,1072.533697,9326.594869
1164.994245,370.102971,-1991.848295,9104.533087
1164.994571,2146.597232,-1378.971896,9252.574275
1164.994897,2442.679609,3983.696590,11103.089130
1164.995223,1406.391290,5822.325785,10436.903782
1164.995549,222.061783,689.485948,8512.368333
1164.995875,-740.205942,-3294.210641,7402.059420
1164.996201,-148.041188,-1991.848295,7105.977043
1164.996527,-1332.370696,2757.943793,9992.780217
1164.996853,-1850.514855,2604.724693,10658.965565
1164.997179,-1628.453072,-2451.505594,10140.821405
1164.997505,-666.185348,-5286.058936,8660.409521
1164.997831,0.000000,-3064.381992,8438.347739
1164.998157,0.000000,2451.505594,9918.759623
1164.998482,148.041188,2068.457845,9696.697840
1164.998808,0.000000,-1455.581446,10807.006753
1164.999134,0.000000,-3830.477490,10362.883188
1164.999460,-1036.288319,-1838.629195,8438.347739
1164.999786,-1332.370696,306.438199,8290.306550
1165.000112,1110.308913,-1532.190996,8882.471304
1165.000438,2664.741391,-1072.533697,11695.253884
1165.000764,2368.659014,459.657299,11843.295072
1165.001090,1924.535449,2604.724693,12361.439231
1165.001416,1628.453072,766.095498,8512.368333
1165.001742,888.247130,-2681.334243,7105.977043
1165.002068,-296.082377,-1915.238745,8586.388927
1165.002394,-962.267725,1685.410096,10066.800811
1165.002720,-1110.308913,3217.601092,10658.965565
1165.003046,-666.185348,-842.705048,9992.780217
1165.003372,-2072.576638,-4903.011187,7920.203579
1165.003698,-2664.741391,-2068.457845,7105.977043
1165.004024,-1258.350101,3064.381992,9622.677246
1165.004350,-666.185348,3447.429741,9548.656652
1165.004676,-2368.659014,76.609550,8068.244768
1165.005001,-2960.823768,-2757.943793,6661.853478
1165.005327,-1628.453072,-536.266849,6513.812290
1165.005653,-1850.514855,3983.696590,8882.471304
1165.005979,-1036.288319,3447.429741,10214.842000
1165.006305,1702.473667,995.924147,10732.986159
1165.006631,3552.988522,612.876398,10510.924376
1165.006957,3849.070898,3140.991542,10214.842000
1165.007283,4071.132681,5056.230287,9400.615463
1165.007609,1998.556043,4826.401637,8216.285956
1165.007935,592.164754,1532.190996,9548.656652
1165.008261,2146.597232,-229.828649,9326.594869
1165.008587,0.000000,2681.334243,10955.047942
1165.008913,-962.267725,3294.210641,10955.047942
1165.009239,148.041188,1532.190996,8882.471304
1165.009565,2220.617826,306.438199,7105.977043
1165.009891,1776.494261,1072.533697,9474.636058
1165.010217,-1332.370696,4060.306139,9030.512492
1165.010543,-1332.370696,4826.401637,7772.162391
1165.010869,-296.082377,536.266849,8290.306550
1165.011195,-1258.350101,-2298.286494,7550.100608
1165.011520,-2960.823768,689.485948,8512.368333
1165.011846,-1110.308913,2374.896044,9844.739029
1165.012172,1406.391290,1608.800546,10214.842000
1165.012498,2442.679609,-1915.238745,9622.677246
1165.012824,2516.700203,-1149.143247,9622.677246
1165.013150,1998.556043,4749.792088,9474.636058
1165.013476,1850.514855,5132.839837,8586.388927
1165.013802,962.267725,-153.219100,7994.224174
1165.014128,222.061783,-3217.601092,7994.224174
1165.014454,-1184.329507,612.876398,9474.636058
1165.014780,-1258.350101,3447.429741,10214.842000
1165.015106,-666.185348,919.314598,10066.800811
1165.015432,-222.061783,-4213.525239,9474.636058
1165.015758,-592.164754,-2987.772442,9770.718434
1165.016084,518.144159,2221.676944,9474.636058
1165.016410,1110.308913,2834.553343,9844.739029
1165.016736,-1110.308913,-383.047749,9326.594869
1165.017062,-3108.864956,-3677.258390,7328.038826
1165.017388,-2146.597232,-2221.676944,7402.059420
1165.017714,-2368.659014,1378.971896,10732.986159
1165.018039,-2442.679609,689.485948,10658.965565
1165.018365,-370.102971,-2987.772442,9252.574275
1165.018691,814.226536,-3447.429741,9326.594869
1165.019017,148.041188,1378.971896,11325.150913
1165.019343,-518.144159,3447.429741,10436.903782
1165.019669,-1036.288319,229.828649,8660.409521
1165.019995,-1258.350101,-4060.306139,8734.430116
1165.020321,-1406.391290,-3217.601092,10140.821405
1165.020647,-2664.741391,1302.362347,10807.006753
1165.020973,-1850.514855,1225.752797,9104.533087
1165.021299,-518.144159,-2604.724693,8882.471304
1165.021625,592.164754,-3370.820191,9622.677246
1165.021951,2072.576638,1225.752797,8586.388927
1165.022277,1036.288319,4979.620737,9474.636058
1165.022603,1110.308913,2221.676944,8512.368333
1165.022929,1184.329507,-1455.581446,7105.977043
1165.023255,1628.453072,0.000000,7254.018232
1165.023581,0.000000,2451.505594,9918.759623
1165.023907,-1776.494261,2911.162892,9474.636058
1165.024233,-370.102971,-2145.067394,8438.347739
1165.024558,814.226536,-3370.820191,10362.883188
1165.024884,1036.288319,0.000000,10436.903782
1165.025210,0.000000,4673.182538,8956.491898
1165.025536,1406.391290,2528.115143,8216.285956
1165.025862,1110.308913,-1608.800546,9104.533087
1165.026188,0.000000,-536.266849,7624.121203
1165.026514,518.144159,3140.991542,8142.265362
1165.026840,888.247130,5132.839837,9844.739029
1165.027166,2072.576638,2451.505594,9474.636058
1165.027492,2738.761985,459.657299,8734.430116
1165.027818,2368.659014,919.314598,8142.265362
1165.028144,1850.514855,4136.915689,9326.594869
1165.028470,1702.473667,4443.353888,10214.842000
1165.028796,1036.288319,1608.800546,9474.636058
1165.029122,-592.164754,-1149.143247,9548.656652
1165.029448,-1184.329507,0.000000,9770.718434
1165.029774,-888.247130,3294.210641,10510.924376
1165.030100,0.000000,2911.162892,9622.677246
1165.030426,592.164754,229.828649,8660.409521
1165.030752,1998.556043,536.266849,8364.327145
1165.031077,2294.638420,4290.134789,9770.718434
1165.031403,1184.329507,6281.983084,9474.636058
1165.031729,0.000000,2681.334243,7328.038826
1165.032055,-1184.329507,-536.266849,7550.100608
1165.032381,-1924.535449,-1302.362347,8512.368333
1165.032707,-2960.823768,1455.581446,9696.697840
1165.033033,-4293.194464,383.047749,9030.512492
1165.033359,-3330.926739,-2834.553343,9400.615463
1165.033685,-1924.535449,-3830.477490,9474.636058
1165.034011,-740.205942,76.609550,9326.594869
1165.034337,-740.205942,3677.258390,10214.842000
1165.034663,-1184.329507,3677.258390,9918.759623
1165.034989,148.041188,-842.705048,7402.059420
1165.035315,1184.329507,-2911.162892,6143.709319
1165.035641,-296.082377,536.266849,9178.553681
1165.035967,-1850.514855,3753.867940,10658.965565
1165.036293,148.041188,1225.752797,9992.780217
1165.036619,3034.844362,-3677.258390,9844.739029
1165.036945,1406.391290,-3524.039291,10732.986159
1165.037271,-1332.370696,1915.238745,10436.903782
1165.037597,444.123565,3294.210641,9104.533087
1165.037923,222.061783,-1608.800546,9548.656652
1165.038249,-1110.308913,-5975.544884,9770.718434
1165.038575,-3552.988522,-1838.629195,10214.842000
1165.038901,-3330.926739,2298.286494,9696.697840
1165.039227,-2072.576638,0.000000,10140.821405
1165.039553,-222.061783,-5286.058936,9548.656652
1165.039879,666.185348,-3907.087040,8882.471304
1165.040205,1332.370696,3064.381992,9696.697840
1165.040531,2220.617826,4673.182538,10214.842000
1165.040857,222.061783,-383.047749,9252.574275
1165.041183,-740.205942,-5362.668486,7031.956449
1165.041509,-962.267725,-2528.115143,8142.265362
1165.041835,-444.123565,2987.772442,9918.759623
1165.042161,370.102971,1455.581446,10214.842000
1165.042487,1628.453072,-2221.676944,9770.718434
1165.042813,2294.638420,-3217.601092,9030.512492
1165.043139,2812.782580,1225.752797,8808.450710
1165.043465,3404.947333,5132.839837,8808.450710
1165.043791,3627.009116,3983.696590,9548.656652
1165.044116,2146.597232,1072.533697,9178.553681
1165.044442,1776.494261,229.828649,8216.285956
1165.044768,222.061783,1455.581446,10140.821405
1165.045094,-1258.350101,1991.848295,9104.533087
1165.045420,-888.247130,1225.752797,9252.574275
1165.045746,1332.370696,-612.876398,9252.574275
1165.046072,1628.453072,1378.971896,9252.574275
1165.046398,-1332.370696,5592.497135,10288.862594
1165.046724,-1406.391290,4903.011187,9104.533087
1165.047050,-1924.535449,1378.971896,6143.709319
1165.047376,-1776.494261,-1225.752797,6143.709319
1165.047702,-2812.782580,2145.067394,10658.965565
1165.048028,-2886.803174,5898.935335,10214.842000
1165.048354,-1332.370696,3600.648841,8882.471304
1165.048680,888.247130,-1378.971896,9474.636058
1165.049006,444.123565,-842.705048,9252.574275
1165.049332,888.247130,5439.278036,8438.347739
1165.049658,2442.679609,7584.345430,9992.780217
1165.049984,1184.329507,2911.162892,9252.574275
1165.050310,-370.102971,-1225.752797,7476.080014
1165.050636,0.000000,459.657299,7920.203579
1165.050962,222.061783,4903.011187,9992.780217
1165.051288,518.144159,3370.820191,10510.924376
1165.051614,1406.391290,-1838.629195,10732.986159
1165.051940,1332.370696,-2528.115143,10436.903782
1165.052266,0.000000,995.924147,9918.759623
1165.052592,0.000000,2757.943793,9474.636058
1165.052918,444.123565,-229.828649,8512.368333
1165.053244,-1628.453072,-3064.381992,8068.244768
1165.053570,-1702.473667,-2451.505594,8808.450710
1165.053896,-2368.659014,612.876398,10881.027347
1165.054222,-2738.761985,-1149.143247,10066.800811
1165.054548,-2146.597232,-4443.353888,9474.636058
1165.054874,-296.082377,-4749.792088,8734.430116
1165.055200,1184.329507,-689.485948,10066.800811
1165.055526,1036.288319,3140.991542,11991.336260
1165.055852,740.205942,0.000000,9844.739029
1165.056178,-444.123565,-3447.429741,7772.162391
1165.056504,-592.164754,-3524.039291,7179.997637
1165.056830,74.020594,1072.533697,8068.244768
1165.057156,222.061783,3140.991542,8956.491898
1165.057482,148.041188,-842.705048,8660.409521
1165.057807,296.082377,-3064.381992,10066.800811
1165.058133,1258.350101,-1915.238745,9696.697840
1165.058459,666.185348,2681.334243,9844.739029
1165.058785,296.082377,1915.238745,9770.718434
1165.059111,518.144159,-2298.286494,9548.656652
1165.059437,222.061783,-2374.896044,11029.068536
1165.059763,-370.102971,153.219100,11251.130318
1165.060089,-2812.782580,3064.381992,10436.903782
1165.060415,-1554.432478,-612.876398,8438.347739
1165.060741,296.082377,-3140.991542,9252.574275
1165.061067,0.000000,-1072.533697,8808.450710
1165.061393,-1480.411884,3524.039291,9030.512492
1165.061719,-1850.514855,3677.258390,9252.574275
1165.062045,-1036.288319,-612.876398,8142.265362
1165.062371,-1480.411884,-3064.381992,7105.977043
1165.062697,-2146.597232,0.000000,8290.306550
1165.063023,-3478.967927,3447.429741,10584.944971
1165.063349,-370.102971,2834.553343,10214.842000
1165.063675,2294.638420,-919.314598,10066.800811
1165.064001,2442.679609,-1302.362347,9400.615463
1165.064327,2146.597232,3217.601092,9030.512492
1165.064653,3701.029710,6741.640382,9104.533087
1165.064979,3997.112087,4366.744339,8808.450710
1165.065305,1702.473667,842.705048,8364.327145
1165.065631,1406.391290,1225.752797,7328.038826
1165.065957,1628.453072,4979.620737,8142.265362
1165.066283,2072.576638,4213.525239,9030.512492
1165.066609,222.061783,2221.676944,10510.924376
1165.066935,1554.432478,229.828649,8808.450710
1165.067261,2220.617826,1685.410096,8808.450710
1165.067587,1628.453072,4443.353888,10288.862594
1165.067913,-296.082377,3294.210641,9252.574275
1165.068239,-2072.576638,1149.143247,7031.956449
1165.068565,-1628.453072,-995.924147,7994.224174
1165.068891,-1258.350101,0.000000,9918.759623
1165.069217,-3478.967927,3064.381992,10214.842000
1165.069543,-2738.761985,1302.362347,8438.347739
1165.069869,-1036.288319,-1991.848295,9252.574275
1165.070195,444.123565,-1378.971896,9918.759623
1165.070521,666.185348,2911.162892,11177.109724
1165.070847,1184.329507,3677.258390,9400.615463
1165.071173,1110.308913,612.876398,7994.224174
1165.071498,1628.453072,-3294.210641,9400.615463
1165.071824,1110.308913,-383.047749,10881.027347
1165.072150,-296.082377,3294.210641,11103.089130
1165.072476,296.082377,612.876398,10732.986159
1165.072802,1258.350101,-3524.039291,11103.089130
1165.073128,1924.535449,-3217.601092,9770.718434
1165.073454,888.247130,1762.019645,9770.718434
1165.073780,1036.288319,2757.943793,8290.306550
1165.074106,888.247130,229.828649,7179.997637
1165.074432,-666.185348,-2911.162892,5921.647536
1165.074758,-2294.638420,-766.095498,7846.182985
1165.075084,-3404.947333,3064.381992,8956.491898
1165.075410,-2516.700203,995.924147,8142.265362
1165.075736,-1554.432478,-4290.134789,8882.471304
1165.076062,-1110.308913,-4749.792088,8290.306550
1165.076388,-2664.741391,536.266849,9252.574275
1165.076714,-2072.576638,2298.286494,9548.656652
1165.077040,-1332.370696,-2221.676944,9696.697840
1165.077366,-2590.720797,-5209.449386,8734.430116
1165.077692,-2738.761985,-2374.896044,8808.450710
1165.078018,-2368.659014,2451.505594,11029.068536
1165.078344,-222.061783,995.924147,11029.068536
1165.078670,148.041188,-2987.772442,11029.068536
1165.078996,592.164754,-2987.772442,10066.800811
1165.079322,814.226536,1302.362347,10140.821405
1165.079648,2072.576638,3983.696590,10955.047942
1165.079974,2294.638420,1302.362347,10881.027347
1165.080300,0.000000,-2221.676944,9474.636058
1165.080626,-444.123565,-2145.067394,7624.121203
1165.080952,222.061783,2145.067394,9400.615463
1165.081278,-888.247130,1608.800546,10214.842000
1165.081604,-1332.370696,-1225.752797,8438.347739
1165.081930,-222.061783,-1915.238745,9252.574275
1165.082256,1850.514855,-229.828649,9918.759623
1165.082582,2072.576638,3294.210641,9252.574275
1165.082908,1628.453072,3677.258390,8364.327145
1165.083234,2516.700203,842.705048,7772.162391
1165.083560,2886.803174,536.266849,7031.956449
1165.083886,2590.720797,3217.601092,8438.347739
1165.084212,1258.350101,4213.525239,8438.347739
1165.084538,962.267725,2757.943793,7476.080014
1165.084863,2960.823768,612.876398,8586.388927
1165.085189,4737.318029,459.657299,9178.553681
1165.085515,740.205942,4136.915689,9474.636058
1165.085841,-222.061783,4060.306139,10288.862594
1165.086167,296.082377,1685.410096,9918.759623
1165.086493,74.020594,-1072.533697,7994.224174
1165.086819,-814.226536,-919.314598,8660.409521
1165.087145,-1554.432478,3907.087040,9770.718434
1165.087471,-444.123565,5898.935335,8882.471304
1165.087797,1850.514855,2068.457845,10214.842000
1165.088123,1036.288319,-612.876398,9770.718434
1165.088449,-1036.288319,2528.115143,9770.718434
1165.088775,-962.267725,5975.544884,10288.862594
1165.089101,148.041188,2451.505594,9252.574275
1165.089427,-2072.576638,-1991.848295,8808.450710
1165.089753,-3182.885551,-2834.553343,9030.512492
1165.090079,-3034.844362,2911.162892,10362.883188
1165.090405,-2442.679609,3907.087040,9548.656652
1165.090731,-1554.432478,0.000000,9622.677246
1165.091057,-444.123565,-2068.457845,8734.430116
1165.091383,-222.061783,1455.581446,7476.080014
1165.091709,222.061783,4979.620737,7624.121203
1165.092035,0.000000,3217.601092,7772.162391
1165.092361,-2368.659014,-1225.752797,7698.141797
1165.092687,-2072.576638,-2681.334243,8290.306550
1165.093013,-1406.391290,-536.266849,10214.842000
1165.093339,-3182.885551,459.657299,11251.130318
1165.093665,-3034.844362,-3524.039291,9474.636058
1165.093991,-222.061783,-5056.230287,9178.553681
1165.094317,2220.617826,-2068.457845,9696.697840
1165.094643,1110.308913,2145.067394,10807.006753
1165.094969,222.061783,2068.457845,9178.553681
1165.095295,1036.288319,-1378.971896,9030.512492
1165.095621,888.247130,-3677.258390,8808.450710
1165.095947,592.164754,-689.485948,9918.759623
1165.096273,-222.061783,2068.457845,9696.697840
1165.096599,-296.082377,-76.609550,8808.450710
1165.096925,222.061783,-4060.306139,9178.553681
1165.097251,592.164754,-4060.306139,9474.636058
1165.097577,-2294.638420,766.095498,9548.656652
1165.097903,-2516.700203,1455.581446,8660.409521
1165.098229,-1850.514855,-2451.505594,9252.574275
1165.098554,-962.267725,-4903.011187,8364.327145
1165.098880,-1184.329507,-2451.505594,8512.368333
1165.099206,-1776.494261,2068.457845,10807.006753
1165.099532,0.000000,1838.629195,10140.821405
1165.099858,2590.720797,-1838.629195,8512.368333
1165.100184,3701.029710,-2681.334243,9918.759623
1165.100510,2590.720797,2298.286494,9770.718434
1165.100836,2442.679609,7507.735880,10584.944971
1165.101162,3775.050304,3830.477490,9770.718434
1165.101488,2368.659014,-1915.238745,8290.306550
1165.101814,814.226536,-1685.410096,7031.956449
1165.102140,-296.082377,3447.429741,9474.636058
1165.102466,0.000000,5056.230287,10066.800811
1165.102792,1110.308913,766.095498,9770.718434
1165.103118,1702.473667,-2451.505594,9918.759623
1165.103444,1184.329507,1915.238745,9474.636058
1165.103770,74.020594,7124.688131,8290.306550
1165.104096,962.267725,4826.401637,7550.100608
1165.104422,-666.185348,-153.219100,6143.709319
1165.104748,-1628.453072,-383.047749,6365.771101
1165.105074,-1480.411884,4366.744339,9918.759623
1165.105400,-1628.453072,5439.278036,9474.636058
1165.105726,-3034.844362,919.314598,7698.141797
1165.106052,-962.267725,-3140.991542,7698.141797
1165.106378,2072.576638,1149.143247,10066.800811
1165.106704,1924.535449,7354.516781,11251.130318
1165.107030,1332.370696,6205.373534,10436.903782
1165.107356,444.123565,-612.876398,8808.450710
1165.107682,74.020594,-2834.553343,7402.059420
1165.108008,0.000000,2604.724693,9548.656652
1165.108334,74.020594,5745.716235,10658.965565
1165.108660,-1332.370696,2911.162892,9104.533087
1165.108986,0.000000,-2757.943793,9326.594869
1165.109312,1184.329507,-1915.238745,9918.759623
1165.109638,-962.267725,3753.867940,10288.862594
1165.109964,-1998.556043,4213.525239,8660.409521
1165.110290,-666.185348,-1378.971896,8142.265362
1165.110616,-740.205942,-3907.087040,8734.430116
1165.110942,-1924.535449,-1072.533697,9326.594869
1165.111268,-2516.700203,4060.306139,11177.109724
1165.111594,-370.102971,76.609550,9474.636058
1165.111919,148.041188,-3447.429741,10658.965565
1165.112245,1702.473667,-3064.381992,10288.862594
1165.112571,1332.370696,1685.410096,9104.533087
1165.112897,0.000000,3217.601092,8734.430116
1165.113223,888.247130,-2221.676944,8512.368333
1165.113549,-1332.370696,-3447.429741,8956.491898
1165.113875,-2072.576638,-2145.067394,8216.285956
1165.114201,-2738.761985,383.047749,10140.821405
1165.114527,-2294.638420,-995.924147,10362.883188
1165.114853,-1628.453072,-4596.572988,9696.697840
1165.115179,-74.020594,-4213.525239,10140.821405
1165.115505,444.123565,0.000000,8882.471304
1165.115831,444.123565,2451.505594,9474.636058
1165.116157,1554.432478,-919.314598,8586.388927
1165.116483,518.144159,-1762.019645,8660.409521
1165.116809,-518.144159,0.000000,8512.368333
1165.117135,0.000000,612.876398,9548.656652
1165.117461,0.000000,842.705048,9696.697840
1165.117787,666.185348,-1838.629195,9474.636058
1165.118113,962.267725,-1915.238745,9326.594869
1165.118439,1998.556043,-919.314598,8882.471304
1165.118765,888.247130,1915.238745,11251.130318
1165.119091,888.247130,2451.505594,10140.821405
1165.119417,962.267725,153.219100,8586.388927
1165.119743,148.041188,-689.485948,8068.244768
1165.120069,148.041188,1072.533697,9474.636058
1165.120395,-592.164754,3600.648841,10214.842000
1165.120721,-592.164754,1838.629195,8660.409521
1165.121047,-296.082377,-1149.143247,9252.574275
1165.121373,2072.576638,-1072.533697,9400.615463
1165.121699,2072.576638,4596.572988,10584.944971
1165.122025,666.185348,6281.983084,9104.533087
1165.122351,296.082377,2451.505594,8438.347739
1165.122677,0.000000,-842.705048,7994.224174
1165.123003,0.000000,612.876398,8734.430116
1165.123329,-740.205942,4673.182538,10066.800811
1165.123655,-296.082377,4903.011187,10066.800811
1165.123981,1406.391290,1302.362347,9474.636058
1165.124307,3256.906145,-383.047749,9918.759623
1165.124633,1924.535449,3753.867940,9622.677246
1165.124959,814.226536,6741.640382,8290.306550
1165.125285,1258.350101,4213.525239,7328.038826
1165.125610,666.185348,689.485948,7254.018232
1165.125936,-1628.453072,842.705048,6735.874072
1165.126262,-4145.153275,3753.867940,7772.162391
1165.126588,-3404.947333,2757.943793,8216.285956
1165.126914,-2590.720797,-919.314598,7920.203579
1165.127240,-1406.391290,-2834.553343,9844.739029
1165.127566,-1332.370696,536.266849,10140.821405
1165.127892,-1480.411884,4290.134789,9918.759623
1165.128218,518.144159,1838.629195,9548.656652
1165.128544,-74.020594,-2451.505594,8216.285956
1165.128870,-888.247130,-1378.971896,6365.771101
1165.129196,666.185348,3294.210641,10066.800811
1165.129522,1480.411884,3677.258390,11843.295072
1165.129848,370.102971,0.000000,10732.986159
1165.130174,1628.453072,-4749.792088,9474.636058
1165.130500,2738.761985,-2221.676944,10807.006753
1165.130826,1850.514855,2911.162892,11103.089130
1165.131152,2220.617826,1838.629195,9918.759623
1165.131478,1110.308913,-2911.162892,9622.677246
1165.131804,-740.205942,-4979.620737,9474.636058
1165.132130,-962.267725,-1608.800546,9770.718434
1165.132456,-962.267725,2298.286494,10584.944971
1165.132782,-1554.432478,-459.657299,10066.800811
1165.133108,-1184.329507,-4749.792088,8734.430116
1165.133434,666.185348,-3983.696590,7698.141797
1165.133760,222.061783,995.924147,8216.285956
1165.134086,-2738.761985,2834.553343,8512.368333
1165.134412,-1776.494261,-766.095498,7105.977043
1165.134738,-1332.370696,-4673.182538,7772.162391
1165.135064,-2368.659014,-3600.648841,8512.368333
1165.135390,-3478.967927,1455.581446,11621.233289
1165.135716,-1776.494261,1532.190996,10658.965565
1165.136042,518.144159,-2911.162892,9400.615463
1165.136368,3182.885551,-5056.230287,9474.636058
1165.136694,888.247130,0.000000,11251.130318
1165.137020,-1628.453072,5132.839837,10214.842000
1165.137346,1406.391290,1762.019645,9030.512492
1165.137672,1406.391290,-1991.848295,10066.800811
1165.137997,296.082377,-2681.334243,8808.450710
1165.138323,-2294.638420,4213.525239,7846.182985
1165.138649,0.000000,4903.011187,8438.347739
1165.138975,222.061783,0.000000,10955.047942
1165.139301,296.082377,-2757.943793,9622.677246
1165.139627,1036.288319,1225.752797,8438.347739
1165.139953,1258.350101,5669.106685,8660.409521
1165.140279,1702.473667,4519.963438,10066.800811
1165.140605,74.020594,612.876398,9548.656652
1165.140931,0.000000,-1072.533697,6735.874072
1165.141257,-1110.308913,2221.676944,8512.368333
1165.141583,-222.061783,4366.744339,8956.491898
1165.141909,518.144159,3140.991542,8586.388927
1165.142235,1406.391290,612.876398,8660.409521
1165.142561,1776.494261,995.924147,8956.491898
1165.142887,518.144159,5362.668486,9474.636058
1165.143213,2294.638420,5592.497135,8438.347739
1165.143539,1776.494261,2451.505594,8586.388927
1165.143865,74.020594,0.000000,7920.203579
1165.144191,0.000000,1762.019645,8660.409521
1165.144517,0.000000,4596.572988,10955.047942
1165.144843,222.061783,2834.553343,9548.656652
1165.145169,74.020594,-1149.143247,8808.450710
1165.145495,2516.700203,-995.924147,8956.491898
1165.145821,1998.556043,3217.601092,11325.150913
1165.146147,370.102971,5669.106685,10436.903782
1165.146473,814.226536,1532.190996,8364.327145
1165.146799,0.000000,-2987.772442,7328.038826
1165.147125,-888.247130,-2221.676944,7846.182985
1165.147451,-1258.350101,3064.381992,9844.739029
1165.147777,-444.123565,3753.867940,9770.718434
1165.148103,666.185348,-995.924147,10066.800811
1165.148429,1332.370696,-3753.867940,10214.842000
1165.148755,0.000000,229.828649,9918.759623
1165.149081,-1480.411884,3677.258390,8734.430116
1165.149406,-666.185348,0.000000,7698.141797
1165.149732,-1184.329507,-4596.572988,8660.409521
1165.150058,-3108.864956,-2757.943793,9474.636058
1165.150384,-3552.988522,1225.752797,9400.615463
1165.150710,-2590.720797,1455.581446,9992.780217
1165.151036,-1628.453072,-3830.477490,9548.656652
1165.151362,-666.185348,-4596.572988,9474.636058
1165.151688,814.226536,153.219100,8956.491898
1165.152014,1036.288319,4519.963438,9178.553681
1165.152340,888.247130,2068.457845,9326.594869
1165.152666,0.000000,-2681.334243,9252.574275
1165.152992,-1184.329507,-2451.505594,8512.368333
1165.153318,-1110.308913,306.438199,10436.903782
1165.153644,-1628.453072,919.314598,12509.480420
1165.153970,-1036.288319,-2987.772442,10658.965565
1165.154296,-666.185348,-4060.306139,9400.615463
1165.154622,0.000000,-3140.991542,10140.821405
1165.154948,-518.144159,842.705048,10510.924376
1165.155274,296.082377,2145.067394,8956.491898
1165.155600,-296.082377,0.000000,9104.533087
1165.155926,-1406.391290,-2298.286494,7846.182985
1165.156252,0.000000,0.000000,7624.121203
1165.156578,592.164754,3447.429741,10066.800811
1165.156904,222.061783,2145.067394,8808.450710
1165.157230,666.185348,-383.047749,7550.100608
1165.157556,3552.988522,-995.924147,9030.512492
1165.157882,3849.070898,2298.286494,10436.903782
1165.158208,1480.411884,4903.011187,8882.471304
1165.158534,1406.391290,1838.629195,7772.162391
1165.158860,1850.514855,-459.657299,8734.430116
1165.159186,1702.473667,1838.629195,9400.615463
1165.159512,1850.514855,4673.182538,9770.718434
1165.159838,1924.535449,3677.258390,9252.574275
1165.160164,2368.659014,1225.752797,8068.244768
1165.160490,4441.235652,1225.752797,8956.491898
1165.160815,4811.338623,5132.839837,11103.089130
1165.161141,2664.741391,7507.735880,9770.718434
1165.161467,2072.576638,4903.011187,8956.491898
1165.161793,1998.556043,306.438199,8364.327145
1165.162119,-962.267725,229.828649,7624.121203
1165.162445,-2220.617826,2911.162892,9548.656652
1165.162771,-1702.473667,4060.306139,12287.418637
1165.163097,-888.247130,842.705048,11843.295072
1165.163423,0.000000,-1915.238745,9918.759623
1165.163749,1628.453072,766.095498,9474.636058
1165.164075,3330.926739,5975.544884,8660.409521
1165.164401,3256.906145,8273.831378,9178.553681
1165.164727,2590.720797,4903.011187,8438.347739
1165.165053,1036.288319,1455.581446,7105.977043
1165.165379,518.144159,1762.019645,6735.874072
1165.165705,1110.308913,3370.820191,9326.594869
1165.166031,0.000000,3907.087040,9770.718434
1165.166357,-222.061783,383.047749,10140.821405
1165.166683,888.247130,-1149.143247,10510.924376
1165.167009,2368.659014,459.657299,9400.615463
1165.167335,2738.761985,3830.477490,8142.265362
1165.167661,2738.761985,6435.202183,8586.388927
1165.167987,2146.597232,5592.497135,6513.812290
1165.168313,2072.576638,1838.629195,5921.647536
1165.168639,1554.432478,995.924147,8068.244768
1165.168965,666.185348,2374.896044,9326.594869
1165.169291,-1110.308913,4366.744339,11029.068536
1165.169617,1776.494261,842.705048,10436.903782
1165.169943,2368.659014,-2374.896044,10066.800811
1165.170269,888.247130,-1915.238745,9696.697840
1165.170595,2368.659014,1838.629195,9326.594869
1165.170921,4737.318029,6205.373534,10140.821405
1165.171247,5181.441594,4749.792088,11103.089130
1165.171573,3627.009116,1149.143247,10140.821405
1165.171899,2886.803174,229.828649,8956.491898
1165.172224,296.082377,1455.581446,9474.636058
1165.172550,962.267725,1302.362347,10881.027347
1165.172876,2664.741391,919.314598,12657.521608
1165.173202,2368.659014,0.000000,11325.150913
1165.173528,814.226536,0.000000,10214.842000
1165.173854,2220.617826,0.000000,7624.121203
1165.174180,3034.844362,2528.115143,7179.997637
1165.174506,4071.132681,5439.278036,7179.997637
1165.174832,5329.482782,8044.002729,7105.977043
1165.175158,4959.379811,6971.469032,7179.997637
1165.175484,3034.844362,2145.067394,8438.347739
1165.175810,-1332.370696,536.266849,8882.471304
1165.176136,-2442.679609,-689.485948,8956.491898
1165.176462,-1554.432478,-919.314598,10658.965565
1165.176788,222.061783,459.657299,13175.665768
1165.177114,-74.020594,229.828649,12435.459826
1165.177440,-592.164754,1225.752797,9326.594869
1165.177766,1406.391290,2298.286494,5329.482782
1165.178092,3775.050304,4673.182538,5181.441594
1165.178418,5699.585753,8580.269578,4737.318029
1165.178744,7846.182985,10725.336972,5033.400406
1165.179070,7105.977043,9729.412825,7846.182985
1165.179396,4071.132681,6435.202183,9918.759623
1165.179722,1924.535449,3217.601092,11325.150913
1165.180048,1628.453072,-229.828649,11917.315666
1165.180374,888.247130,-1762.019645,14211.954086
1165.180700,74.020594,-1072.533697,15988.448347
1165.181026,0.000000,153.219100,15026.180623
1165.181352,592.164754,919.314598,11769.274478
1165.181678,2664.741391,2757.943793,8734.430116
1165.182004,2886.803174,5439.278036,5773.606348
1165.182330,3849.070898,8427.050478,3552.988522
1165.182656,4737.318029,10342.289223,3034.844362
1165.182982,4737.318029,9039.926876,4663.297435
1165.183307,3182.885551,6358.592633,5107.421000
1165.183633,1776.494261,4749.792088,6291.750507
1165.183959,740.205942,2068.457845,9178.553681
1165.184285,-1628.453072,0.000000,11843.295072
1165.184611,-2442.679609,-2987.772442,14730.098246
1165.184937,-1406.391290,-4443.353888,16432.571912
1165.185263,-1776.494261,-3600.648841,16506.592507
1165.185589,-1554.432478,-1915.238745,13471.748144
1165.185915,1480.411884,-689.485948,10881.027347
1165.186241,4219.173869,1762.019645,7920.203579
1165.186567,5699.585753,5132.839837,5403.503377
1165.186893,7254.018232,8427.050478,2590.720797
1165.187219,8142.265362,9882.631924,1554.432478
1165.187545,7550.100608,9116.536426,1258.350101
1165.187871,5625.565159,7354.516781,3182.885551
1165.188197,2664.741391,4979.620737,5921.647536
1165.188523,592.164754,2221.676944,10066.800811
1165.188849,-1184.329507,-1378.971896,14656.077652
1165.189175,-3849.070898,-4903.011187,16580.613101
1165.189501,-5033.400406,-6971.469032,16802.674883
1165.189827,-3330.926739,-7584.345430,17468.860231
1165.190153,-518.144159,-5515.887586,17394.839637
1165.190479,1332.370696,-1225.752797,15100.201217
1165.190805,3775.050304,2987.772442,11103.089130
1165.191131,6217.729913,6205.373534,6883.915261
1165.191457,7624.121203,6741.640382,3478.967927
1165.191783,7624.121203,8427.050478,1850.514855
1165.192109,7920.203579,9882.631924,2220.617826
1165.192435,6735.874072,10035.851024,2442.679609
1165.192761,4885.359217,7354.516781,3701.029710
1165.193087,2516.700203,4366.744339,6069.688724
1165.193413,-444.123565,2221.676944,7624.121203
1165.193739,-2368.659014,919.314598,9992.780217
1165.194065,-3552.988522,-995.924147,11621.233289
1165.194391,-5033.400406,-2221.676944,12953.603985
1165.194716,-6069.688724,-2451.505594,13027.624579
1165.195042,-4811.338623,-2834.553343,13841.851115
1165.195368,-3849.070898,-2451.505594,14656.077652
1165.195694,-2590.720797,-1072.533697,13175.665768
1165.196020,222.061783,1225.752797,11769.274478
1165.196346,4737.318029,3370.820191,10732.986159
1165.196672,7846.182985,5362.668486,8734.430116
1165.196998,8512.368333,7048.078582,7550.100608
1165.197324,9178.553681,8427.050478,5625.565159
1165.197650,10288.862594,10112.460574,4441.235652
1165.197976,10658.965565,10189.070123,4959.379811
1165.198302,8512.368333,9422.974625,6883.915261
1165.198628,4441.235652,6281.983084,7402.059420
1165.198954,814.226536,3140.991542,9326.594869
1165.199280,-1110.308913,-153.219100,10584.944971
1165.199606,-2516.700203,-1608.800546,12287.418637
1165.199932,-4145.153275,-1991.848295,13101.645173
1165.200258,-4441.235652,-1532.190996,12361.439231
1165.200584,-2368.659014,-919.314598,11991.336260
1165.200910,1110.308913,1302.362347,11103.089130
1165.201236,2220.617826,4826.401637,8068.244768
1165.201562,4145.153275,7431.126331,4737.318029
1165.201888,6439.791695,9039.926876,3404.947333
1165.202214,7476.080014,9039.926876,2812.782580
1165.202540,5477.523971,8503.660028,2960.823768
1165.202866,3849.070898,7048.078582,3182.885551
1165.203192,1332.370696,4519.963438,5699.585753
1165.203518,-888.247130,1302.362347,9326.594869
1165.203844,-1998.556043,-1532.190996,12657.521608
1165.204170,-3478.967927,-2987.772442,14211.954086
1165.204496,-4737.318029,-3677.258390,14508.036463
1165.204822,-3775.050304,-4136.915689,15618.345376
1165.205148,-1776.494261,-3600.648841,16580.613101
1165.205474,-592.164754,-1685.410096,15100.201217
1165.205800,666.185348,-229.828649,13323.706956
1165.206125,2738.761985,842.705048,11547.212695
1165.206451,4367.215058,2911.162892,9844.739029
1165.206777,5477.523971,4519.963438,7105.977043
1165.207103,6587.832884,4826.401637,6513.812290
1165.207429,6217.729913,4519.963438,5773.606348
1165.207755,6365.771101,4519.963438,5995.668130
1165.208081,6661.853478,4979.620737,7254.018232
1165.208407,6069.688724,4979.620737,7402.059420
1165.208733,4367.215058,2987.772442,7179.997637
1165.209059,3034.844362,1532.190996,8216.285956
1165.209385,1036.288319,766.095498,9252.574275
1165.209711,-1110.308913,1838.629195,8808.450710
1165.210037,-1110.308913,919.314598,8364.327145
1165.210363,-740.205942,0.000000,8956.491898
1165.210689,-814.226536,766.095498,7920.203579
1165.211015,888.247130,2451.505594,7328.038826
1165.211341,1702.473667,4290.134789,7328.038826
1165.211667,888.247130,3140.991542,7846.182985
1165.211993,0.000000,2298.286494,7772.162391
1165.212319,2072.576638,1608.800546,8956.491898
1165.212645,2960.823768,2528.115143,11251.130318
1165.212971,1110.308913,2604.724693,11695.253884
1165.213297,222.061783,919.314598,11473.192101
1165.213623,2072.576638,-459.657299,11843.295072
1165.213949,2960.823768,612.876398,12139.377449
1165.214275,2368.659014,2834.553343,11103.089130
1165.214601,1554.432478,4443.353888,10436.903782
1165.214927,1480.411884,3370.820191,9696.697840
1165.215253,1850.514855,2451.505594,10066.800811
1165.215579,1036.288319,2451.505594,10362.883188
1165.215905,-740.205942,2987.772442,9252.574275
1165.216231,-1702.473667,2374.896044,8512.368333
1165.216557,74.020594,1532.190996,9400.615463
1165.216883,1480.411884,1762.019645,9992.780217
1165.217209,0.000000,2528.115143,9104.533087
1165.217534,-740.205942,2604.724693,7328.038826
1165.217860,592.164754,2604.724693,6365.771101
1165.218186,2590.720797,2757.943793,6587.832884
1165.218512,2590.720797,4290.134789,6439.791695
1165.218838,1850.514855,5515.887586,6143.709319
1165.219164,1332.370696,3907.087040,6069.688724
1165.219490,3552.988522,1915.238745,8142.265362
1165.219816,4145.153275,2451.505594,10140.821405
1165.220142,3849.070898,3370.820191,10955.047942
1165.220468,4145.153275,3600.648841,11251.130318
1165.220794,5551.544565,2068.457845,11251.130318
1165.221120,5847.626942,2451.505594,11843.295072
1165.221446,5181.441594,4443.353888,10955.047942
1165.221772,6069.688724,5132.839837,10510.924376
1165.222098,6143.709319,4749.792088,10140.821405
1165.222424,5847.626942,3600.648841,10955.047942
1165.222750,4589.276840,4290.134789,10288.862594
1165.223076,4071.132681,5362.668486,9474.636058
1165.223402,3701.029710,4519.963438,9104.533087
1165.223728,3923.091493,3524.039291,9696.697840
1165.224054,3478.967927,4519.963438,9178.553681
1165.224380,3775.050304,5515.887586,8438.347739
1165.224706,3923.091493,6052.154434,7846.182985
1165.225032,4145.153275,5286.058936,7846.182985
1165.225358,3256.906145,5209.449386,7031.956449
1165.225684,1480.411884,7048.078582,5625.565159
1165.226010,592.164754,5515.887586,6365.771101
1165.226336,444.123565,2757.943793,6957.935855
1165.226662,-1924.535449,2374.896044,7031.956449
1165.226988,-2886.803174,2451.505594,7254.018232
1165.227314,-2960.823768,1838.629195,8068.244768
1165.227640,-2738.761985,1149.143247,8438.347739
1165.227966,-2590.720797,459.657299,8956.491898
1165.228292,-2960.823768,995.924147,9474.636058
1165.228618,-1258.350101,1302.362347,9918.759623
1165.228943,-1110.308913,306.438199,11325.150913
1165.229269,-666.185348,-842.705048,12213.398043
1165.229595,-1554.432478,-766.095498,12509.480420
1165.229921,-1554.432478,-1149.143247,12805.562797
1165.230247,-666.185348,-1991.848295,13545.768739
1165.230573,-222.061783,-2987.772442,13249.686362
1165.230899,-74.020594,-3140.991542,11769.274478
1165.231225,1332.370696,-1455.581446,10510.924376
1165.231551,3256.906145,612.876398,9770.718434
1165.231877,5107.421000,1991.848295,8734.430116
1165.232203,6809.894666,3600.648841,7254.018232
1165.232529,7105.977043,5056.230287,6069.688724
1165.232854,7994.224174,5056.230287,6069.688724
1165.233180,7920.203579,4213.525239,6809.894666
1165.233506,5847.626942,3370.820191,7994.224174
1165.233832,2960.823768,1915.238745,9474.636058
1165.234158,1776.494261,0.000000,10214.842000
1165.234484,518.144159,-2451.505594,10510.924376
1165.234810,-888.247130,-3217.601092,10584.944971
1165.235136,148.041188,-1149.143247,10362.883188
1165.235462,2146.597232,1302.362347,9474.636058
1165.235788,4293.194464,3524.039291,8142.265362
1165.236114,5699.585753,5132.839837,6661.853478
1165.236440,6735.874072,7584.345430,5403.503377
1165.236766,7550.100608,9346.365076,4589.276840
1165.237092,7105.977043,9729.412825,6217.729913
1165.237418,4811.338623,8197.221829,7920.203579
1165.237744,1258.350101,4979.620737,10140.821405
1165.238070,0.000000,919.314598,12731.542202
1165.238396,-1480.411884,-1225.752797,14878.139434
1165.238721,-2368.659014,-1915.238745,16358.551318
1165.239047,-1924.535449,-1072.533697,15692.365970
1165.239373,-222.061783,1072.533697,15322.262999
1165.239699,2294.638420,2834.553343,13175.665768
1165.240025,2590.720797,5745.716235,10066.800811
1165.240351,2812.782580,7354.516781,6587.832884
1165.240677,4293.194464,8273.831378,4219.173869
1165.241003,5403.503377,9882.631924,2664.741391
1165.241329,5329.482782,11568.042020,3997.112087
1165.241655,3849.070898,11108.384721,3552.988522
1165.241981,2072.576638,8273.831378,2294.638420
1165.242307,1924.535449,4826.401637,3552.988522
1165.242633,-370.102971,3907.087040,5773.606348
1165.242959,-2664.741391,4903.011187,7328.038826
1165.243285,-2664.741391,2987.772442,8956.491898
1165.243611,-1924.535449,-766.095498,11325.150913
1165.243937,-1702.473667,-2221.676944,12805.562797
1165.244262,-1036.288319,-919.314598,13175.665768
1165.244588,370.102971,842.705048,14730.098246
1165.244914,962.267725,0.000000,15248.242405
1165.245240,1850.514855,-2604.724693,15618.345376
1165.245566,2812.782580,-1915.238745,13027.624579
1165.245892,2664.741391,919.314598,10584.944971
1165.246218,3701.029710,1915.238745,9622.677246
1165.246544,5847.626942,3447.429741,7698.141797
1165.246870,6439.791695,4903.011187,6587.832884
1165.247196,5477.523971,4519.963438,5995.668130
1165.247522,3552.988522,3677.258390,4811.338623
1165.247848,3997.112087,2834.553343,5107.421000
1165.248174,5477.523971,2681.334243,8512.368333
1165.248500,4293.194464,2681.334243,9918.759623
1165.248826,1850.514855,1072.533697,9474.636058
1165.249152,1110.308913,-1762.019645,11547.212695
1165.249478,-296.082377,-3600.648841,13841.851115
1165.249804,-1110.308913,-3753.867940,13101.645173
1165.250129,-222.061783,-3677.258390,13471.748144
1165.250455,1998.556043,-2451.505594,13915.871710
1165.250781,3108.864956,76.609550,11917.315666
1165.251107,3997.112087,2068.457845,7550.100608
1165.251433,5921.647536,3830.477490,3404.947333
1165.251759,7624.121203,6358.592633,2146.597232
1165.252085,9474.636058,10955.165621,1628.453072
1165.252411,11251.130318,13483.280765,1776.494261
1165.252737,10140.821405,12334.137518,2738.761985
1165.253063,5329.482782,9422.974625,5551.544565
1165.253389,592.164754,5822.325785,7994.224174
1165.253715,-3627.009116,919.314598,9474.636058
1165.254041,-7476.080014,-3753.867940,13397.727550
1165.254367,-9474.636058,-5975.544884,17764.942608
1165.254693,-9992.780217,-6894.859482,20281.642811
1165.255019,-9918.759623,-7124.688131,19985.560434
1165.255345,-6957.935855,-6358.592633,17172.777854
1165.255670,-1776.494261,-1991.848295,13027.624579
1165.255996,2516.700203,5362.668486,8734.430116
1165.256322,6513.812290,12180.918418,5181.441594
1165.256648,8734.430116,14172.766713,2294.638420
1165.256974,8956.491898,11721.261119,592.164754
1165.257300,6883.915261,9806.022374,-444.123565
1165.257626,4145.153275,10495.508323,2368.659014
1165.257952,1998.556043,9193.145976,7772.162391
1165.258278,-296.082377,3064.381992,10510.924376
1165.258604,-3404.947333,-4136.915689,10658.965565
1165.258930,-5107.421000,-7048.078582,11843.295072
1165.259256,-4737.318029,-3600.648841,11695.253884
1165.259582,-2146.597232,2528.115143,12657.521608
1165.259908,1628.453072,3524.039291,13101.645173
1165.260234,1998.556043,383.047749,11103.089130
1165.260560,814.226536,0.000000,7772.162391
1165.260886,2368.659014,2911.162892,7920.203579
1165.261212,4811.338623,7124.688131,8734.430116
1165.261537,5995.668130,5515.887586,8364.327145
1165.261863,6439.791695,306.438199,7402.059420
1165.262189,7105.977043,-766.095498,7550.100608
1165.262515,6661.853478,4060.306139,9252.574275
1165.262841,6217.729913,6052.154434,9622.677246
1165.263167,4589.276840,3753.867940,8512.368333
1165.263493,3256.906145,-919.314598,7994.224174
1165.263819,1406.391290,-2451.505594,8734.430116
1165.264145,-888.247130,-383.047749,10066.800811
1165.264471,-3775.050304,995.924147,13027.624579
1165.264797,-4589.276840,-3217.601092,11843.295072
1165.265123,-2220.617826,-6435.202183,9474.636058
1165.265449,-222.061783,-5439.278036,11991.336260
1165.265775,-518.144159,0.000000,13693.809927
1165.266101,-1258.350101,4903.011187,11843.295072
1165.266427,2442.679609,1149.143247,8808.450710
1165.266753,3182.885551,-2528.115143,6365.771101
1165.267078,1406.391290,1685.410096,5699.585753
1165.267404,1998.556043,6281.983084,6809.894666
1165.267730,1406.391290,5209.449386,6365.771101
1165.268056,222.061783,-612.876398,6661.853478
1165.268382,148.041188,-2528.115143,7994.224174
1165.268708,740.205942,2145.067394,8586.388927
1165.269034,-370.102971,4596.572988,8438.347739
1165.269360,-2664.741391,689.485948,10510.924376
1165.269686,-3182.885551,-4903.011187,10510.924376
1165.270012,-4515.256246,-4366.744339,10510.924376
1165.270338,-4663.297435,-766.095498,12435.459826
1165.270664,-4441.235652,-1072.533697,13693.809927
1165.270990,-4737.318029,-4060.306139,12361.439231
1165.271316,-2886.803174,-4443.353888,11547.212695
1165.271642,-888.247130,-536.266849,11251.130318
1165.271968,222.061783,2911.162892,10140.821405
1165.272294,148.041188,3677.258390,7402.059420
1165.272619,1406.391290,459.657299,5403.503377
1165.272945,1110.308913,842.705048,4589.276840
1165.273271,0.000000,4673.182538,6957.935855
1165.273597,0.000000,5975.544884,8808.450710
1165.273923,296.082377,2221.676944,7994.224174
1165.274249,-1184.329507,-2911.162892,7698.141797
1165.274575,-1924.535449,-2451.505594,8586.388927
1165.274901,-962.267725,1838.629195,10955.047942
1165.275227,-666.185348,2068.457845,11843.295072
1165.275553,-1110.308913,-2068.457845,10732.986159
1165.275879,-962.267725,-4213.525239,9548.656652
1165.276205,-1924.535449,-306.438199,11473.192101
1165.276531,-962.267725,3370.820191,9844.739029
1165.276857,1998.556043,2221.676944,8956.491898
1165.277183,4367.215058,-383.047749,9474.636058
1165.277509,5625.565159,1991.848295,8142.265362
1165.277835,5255.462188,7277.907231,6217.729913
1165.278161,6439.791695,7048.078582,5921.647536
1165.278486,5477.523971,2987.772442,7476.080014
1165.278812,3552.988522,1532.190996,7476.080014
1165.279138,740.205942,2834.553343,9326.594869
1165.279464,-1110.308913,2528.115143,9622.677246
1165.279790,-2886.803174,-1685.410096,10807.006753
1165.280116,-3108.864956,-4903.011187,11769.274478
1165.280442,-1702.473667,-4290.134789,12953.603985
1165.280768,-1258.350101,229.828649,12879.583391
1165.281094,-1332.370696,1608.800546,12213.398043
1165.281420,296.082377,-766.095498,10955.047942
1165.281746,1850.514855,-1225.752797,9326.594869
1165.282072,518.144159,2528.115143,8660.409521
1165.282398,-370.102971,4826.401637,7105.977043
1165.282724,444.123565,2604.724693,5329.482782
1165.283050,1332.370696,536.266849,6217.729913
1165.283376,0.000000,689.485948,6513.812290
1165.283702,-148.041188,3524.039291,6587.832884
1165.284027,444.123565,3064.381992,7105.977043
1165.284353,-592.164754,919.314598,9104.533087
1165.284679,-2812.782580,-842.705048,8660.409521
1165.285005,-3478.967927,-1915.238745,7476.080014
1165.285331,-3997.112087,-1378.971896,9992.780217
1165.285657,-3775.050304,-1149.143247,13619.789333
1165.285983,-5625.565159,-1455.581446,13989.892304
1165.286309,-3256.906145,-3600.648841,10214.842000
1165.286635,1036.288319,-4290.134789,11325.150913
1165.286961,740.205942,612.876398,13101.645173
1165.287287,740.205942,3677.258390,9326.594869
1165.287613,2072.576638,3370.820191,7105.977043
1165.287939,2960.823768,-536.266849,6883.915261
1165.288265,296.082377,306.438199,8586.388927
1165.288591,1480.411884,4060.306139,6661.853478
1165.288917,1998.556043,4826.401637,8882.471304
1165.289243,2146.597232,-536.266849,9030.512492
1165.289569,1998.556043,-2757.943793,10288.862594
1165.289894,2590.720797,-229.828649,10066.800811
1165.290220,592.164754,1608.800546,11769.274478
1165.290546,-2368.659014,1149.143247,11695.253884
1165.290872,222.061783,-4903.011187,10510.924376
1165.291198,-666.185348,-4826.401637,11399.171507
1165.291524,-2368.659014,-919.314598,10955.047942
1165.291850,-2664.741391,1838.629195,10807.006753
1165.292176,-296.082377,-459.657299,7846.182985
1165.292502,1480.411884,-2911.162892,7328.038826
1165.292828,2960.823768,1685.410096,7698.141797
1165.293154,3775.050304,6971.469032,6365.771101
1165.293480,2960.823768,7201.297681,5255.462188
1165.293806,2368.659014,1608.800546,6143.709319
1165.294132,814.226536,-612.876398,6735.874072
1165.294458,-740.205942,2451.505594,6809.894666
1165.294784,-2368.659014,2374.896044,9992.780217
1165.295110,-3182.885551,-612.876398,11103.089130
1165.295435,-2294.638420,-4443.353888,10436.903782
1165.295761,-1702.473667,-3677.258390,11621.233289
1165.296087,-1406.391290,0.000000,12805.562797
1165.296413,-2220.617826,2757.943793,12805.562797
1165.296739,-814.226536,0.000000,10140.821405
1165.297065,-666.185348,-995.924147,9252.574275
1165.297391,0.000000,2068.457845,9770.718434
1165.297717,148.041188,4749.792088,9474.636058
1165.298043,0.000000,4519.963438,8364.327145
1165.298369,1110.308913,0.000000,7179.997637
1165.298695,2072.576638,229.828649,8142.265362
1165.299021,2368.659014,4213.525239,8142.265362
1165.299347,296.082377,5975.544884,8068.244768
1165.299673,-814.226536,2145.067394,7476.080014
1165.299999,-1480.411884,-3064.381992,7624.121203
1165.300325,-2368.659014,-1149.143247,9474.636058
1165.300651,-2590.720797,1608.800546,10436.903782
1165.300977,-3849.070898,1149.143247,10584.944971
1165.301302,-2368.659014,-4213.525239,9770.718434
1165.301628,-666.185348,-4290.134789,10066.800811
1165.301954,1480.411884,1302.362347,11103.089130
1165.302280,1702.473667,5056.230287,10066.800811
1165.302606,1258.350101,2298.286494,7402.059420
1165.302932,2072.576638,-1838.629195,6957.935855
1165.303258,1628.453072,-536.266849,7920.203579
1165.303584,444.123565,3677.258390,8068.244768
1165.303910,0.000000,3370.820191,8956.491898
1165.304236,1258.350101,-1455.581446,8660.409521
1165.304562,2220.617826,-3370.820191,8956.491898
1165.304888,2368.659014,-383.047749,11251.130318
1165.305214,1036.288319,1838.629195,11251.130318
1165.305540,0.000000,1685.410096,10881.027347
1165.305866,1554.432478,-3064.381992,10510.924376
1165.306192,518.144159,-3064.381992,10732.986159
1165.306518,-1480.411884,536.266849,9474.636058
1165.306843,-444.123565,1608.800546,11251.130318
1165.307169,370.102971,-229.828649,10066.800811
1165.307495,1036.288319,-2374.896044,8290.306550
1165.307821,1332.370696,153.219100,8808.450710
1165.308147,2294.638420,4060.306139,8586.388927
1165.308473,148.041188,4826.401637,7994.224174
1165.308799,592.164754,1455.581446,5699.585753
1165.309125,1036.288319,0.000000,6513.812290
1165.309451,-962.267725,2451.505594,7772.162391
1165.309777,-1332.370696,3677.258390,9622.677246
1165.310103,-2146.597232,1072.533697,9770.718434
1165.310429,-2220.617826,-3524.039291,9252.574275
1165.310755,-1850.514855,-1838.629195,11103.089130
1165.311081,222.061783,2298.286494,10658.965565
1165.311407,-962.267725,3600.648841,11547.212695
1165.311733,-1702.473667,-1149.143247,8808.450710
1165.312059,-1554.432478,-2834.553343,8808.450710
1165.312385,-1850.514855,919.314598,9918.759623
1165.312710,-2368.659014,3753.867940,10140.821405
1165.313036,-2146.597232,2451.505594,8956.491898
1165.313362,296.082377,-1532.190996,8364.327145
1165.313688,814.226536,-612.876398,9030.512492
1165.314014,740.205942,3753.867940,8734.430116
1165.314340,1110.308913,5209.449386,8364.327145
1165.314666,814.226536,1072.533697,8512.368333
1165.314992,-222.061783,-2068.457845,8364.327145
1165.315318,-1776.494261,0.000000,8438.347739
1165.315644,-2590.720797,2374.896044,7994.224174
1165.315970,-2220.617826,919.314598,9104.533087
1165.316296,-962.267725,-2145.067394,10140.821405
1165.316622,296.082377,-1762.019645,9474.636058
1165.316948,1332.370696,1455.581446,9474.636058
1165.317274,2590.720797,3064.381992,10436.903782
1165.317600,3404.947333,2068.457845,9400.615463
1165.317926,4071.132681,612.876398,8586.388927
1165.318251,3775.050304,1455.581446,10066.800811
1165.318577,1480.411884,3217.601092,10732.986159
1165.318903,0.000000,1838.629195,8586.388927
1165.319229,592.164754,-1608.800546,9548.656652
1165.319555,518.144159,-3294.210641,9622.677246
1165.319881,222.061783,229.828649,9030.512492
1165.320207,296.082377,3370.820191,9844.739029
1165.320533,74.020594,1302.362347,9400.615463
1165.320859,-592.164754,-1991.848295,8956.491898
1165.321185,-1554.432478,-1302.362347,8438.347739
1165.321511,-2072.576638,1072.533697,9474.636058
1165.321837,-1332.370696,1532.190996,9696.697840
1165.322163,-888.247130,-383.047749,10881.027347
1165.322489,-888.247130,-1915.238745,10066.800811
1165.322815,370.102971,-1838.629195,9252.574275
1165.323141,962.267725,1072.533697,9844.739029
1165.323467,888.247130,3140.991542,10510.924376
1165.323793,0.000000,1991.848295,8512.368333
1165.324118,666.185348,-766.095498,7476.080014
1165.324444,0.000000,-459.657299,8216.285956
1165.324770,-962.267725,2374.896044,8364.327145
1165.325096,-1332.370696,3370.820191,9326.594869
1165.325422,0.000000,919.314598,8290.306550
1165.325748,1628.453072,-1455.581446,8586.388927
1165.326074,1332.370696,229.828649,9474.636058
1165.326400,222.061783,4136.915689,9474.636058
1165.326726,-814.226536,4596.572988,8734.430116
1165.327052,-296.082377,0.000000,7698.141797
1165.327378,-888.247130,-2221.676944,8512.368333
1165.327704,-2294.638420,383.047749,9030.512492
1165.328030,-1702.473667,2757.943793,10066.800811
1165.328356,-666.185348,766.095498,10066.800811
1165.328682,444.123565,-1991.848295,9326.594869
1165.329008,814.226536,153.219100,10214.842000
1165.329334,1184.329507,3983.696590,8956.491898
1165.329659,148.041188,3907.087040,8438.347739
1165.329985,148.041188,0.000000,6957.935855
1165.330311,-1776.494261,-1225.752797,8364.327145
1165.330637,-2072.576638,1762.019645,8808.450710
1165.330963,-2368.659014,2911.162892,10584.944971
1165.331289,-2960.823768,-2068.457845,11029.068536
1165.331615,-2738.761985,-6281.983084,10140.821405
1165.331941,-2146.597232,-4213.525239,11251.130318
1165.332267,-518.144159,306.438199,13101.645173
1165.332593,444.123565,3064.381992,11917.315666
1165.332919,2220.617826,-1455.581446,10066.800811
1165.333244,1184.329507,-3447.429741,8882.471304
1165.333570,444.123565,995.924147,8364.327145
1165.333896,1702.473667,5209.449386,8734.430116
1165.334222,3404.947333,3600.648841,8808.450710
1165.334548,2590.720797,-842.705048,7846.182985
1165.334874,2146.597232,-842.705048,7772.162391
1165.335200,2368.659014,2757.943793,8438.347739
1165.335526,814.226536,3370.820191,9696.697840
1165.335851,-666.185348,0.000000,8660.409521
1165.336177,-962.267725,-2451.505594,7624.121203
1165.336503,-1332.370696,-919.314598,9178.553681
1165.336829,-2220.617826,842.705048,9992.780217
1165.337155,-2812.782580,1838.629195,10510.924376
1165.337481,-888.247130,-1378.971896,9178.553681
1165.337807,814.226536,-2298.286494,8438.347739
1165.338133,2294.638420,1762.019645,9696.697840
1165.338458,1850.514855,5592.497135,11029.068536
1165.338784,1036.288319,3983.696590,8660.409521
1165.339110,1110.308913,-1072.533697,6809.894666
1165.339436,74.020594,-2221.676944,8586.388927
1165.339762,-1184.329507,2145.067394,9474.636058
1165.340088,-1850.514855,4290.134789,9622.677246
1165.340414,-1110.308913,0.000000,10955.047942
1165.340740,-888.247130,-4443.353888,10066.800811
1165.341065,0.000000,-919.314598,9844.739029
1165.341391,74.020594,4596.572988,10658.965565
1165.341717,592.164754,4903.011187,9918.759623
1165.342043,1110.308913,153.219100,7846.182985
1165.342369,148.041188,-2068.457845,8586.388927
1165.342695,-1628.453072,1991.848295,8586.388927
1165.343021,-1628.453072,5209.449386,8438.347739
1165.343347,0.000000,1991.848295,9770.718434
1165.343672,370.102971,-2298.286494,9326.594869
1165.343998,222.061783,-612.876398,9252.574275
1165.344324,444.123565,3064.381992,9696.697840
1165.344650,888.247130,2757.943793,8734.430116
1165.344976,0.000000,-612.876398,7994.224174
1165.345302,-888.247130,-2757.943793,8586.388927
1165.345628,74.020594,383.047749,8364.327145
1165.345954,1406.391290,4060.306139,9844.739029
1165.346279,1258.350101,1838.629195,11325.150913
1165.346605,296.082377,-2221.676944,8660.409521
1165.346931,370.102971,-1838.629195,8142.265362
1165.347257,1480.411884,1149.143247,11177.109724
1165.347583,1110.308913,2987.772442,10955.047942
1165.347909,0.000000,229.828649,8512.368333
1165.348235,-962.267725,-3064.381992,8734.430116
1165.348561,-2294.638420,-842.705048,10510.924376
1165.348886,-2886.803174,1608.800546,9548.656652
1165.349212,-1036.288319,766.095498,9696.697840
1165.349538,-148.041188,-2451.505594,9030.512492
1165.349864,444.123565,-1072.533697,7994.224174
1165.350190,2146.597232,2757.943793,8586.388927
1165.350516,1332.370696,4596.572988,9696.697840
1165.350842,-666.185348,1225.752797,8364.327145
1165.351168,-222.061783,-2221.676944,6957.935855
1165.351493,370.102971,-612.876398,9474.636058
1165.351819,-1332.370696,2298.286494,10807.006753
1165.352145,-3256.906145,1455.581446,10214.842000
1165.352471,-1924.535449,-2757.943793,8586.388927
1165.352797,-148.041188,-5132.839837,10214.842000
1165.353123,370.102971,-612.876398,11103.089130
1165.353449,518.144159,5439.278036,11177.109724
1165.353775,1184.329507,2757.943793,9770.718434
1165.354100,1110.308913,-2221.676944,8290.306550
1165.354426,222.061783,-1915.238745,7920.203579
1165.354752,-148.041188,3140.991542,7772.162391
1165.355078,-1036.288319,4596.572988,9030.512492
1165.355404,148.041188,0.000000,9030.512492
1165.355730,1110.308913,-3524.039291,9178.553681
1165.356056,1110.308913,-919.314598,9400.615463
1165.356382,666.185348,4136.915689,10140.821405
1165.356707,1036.288319,3907.087040,9696.697840
1165.357033,962.267725,-536.266849,8216.285956
1165.357359,0.000000,-2911.162892,8142.265362
1165.357685,-592.164754,689.485948,9104.533087
1165.358011,-814.226536,4596.572988,9104.533087
1165.358337,-222.061783,1915.238745,9770.718434
1165.358663,0.000000,-2451.505594,8734.430116
1165.358989,74.020594,-459.657299,8808.450710
1165.359314,1184.329507,3217.601092,9104.533087
1165.359640,888.247130,3907.087040,10214.842000
1165.359966,-666.185348,1378.971896,7846.182985
1165.360292,-592.164754,-2221.676944,7476.080014
1165.360618,-962.267725,0.000000,9252.574275
1165.360944,-1332.370696,2911.162892,9918.759623
1165.361270,-2072.576638,2298.286494,10066.800811
1165.361596,-370.102971,-1302.362347,9474.636058
1165.361921,962.267725,-2068.457845,9844.739029
1165.362247,2590.720797,1685.410096,11399.171507
1165.362573,1702.473667,3677.258390,11029.068536
1165.362899,814.226536,1762.019645,9326.594869
1165.363225,1036.288319,-1685.410096,9326.594869
1165.363551,1554.432478,0.000000,10214.842000
1165.363877,148.041188,3064.381992,9326.594869
1165.364203,-2368.659014,2681.334243,9178.553681
1165.364528,0.000000,-459.657299,8956.491898
1165.364854,2368.659014,-1378.971896,8734.430116
1165.365180,1924.535449,1455.581446,10510.924376
1165.365506,814.226536,3370.820191,9696.697840
1165.365832,74.020594,2451.505594,8512.368333
1165.366158,1332.370696,-1149.143247,8290.306550
1165.366484,222.061783,-766.095498,8956.491898
1165.366810,-2220.617826,1685.410096,7698.141797
1165.367135,-2294.638420,2757.943793,7920.203579
1165.367461,-1406.391290,-383.047749,8586.388927
1165.367787,-888.247130,-3064.381992,7105.977043
1165.368113,-1110.308913,-459.657299,8290.306550
1165.368439,-444.123565,3140.991542,9252.574275
1165.368765,-296.082377,4060.306139,9696.697840
1165.369091,-518.144159,-459.657299,8290.306550
1165.369417,-1036.288319,-3294.210641,7994.224174
1165.369742,-2368.659014,0.000000,9474.636058
1165.370068,-1702.473667,2911.162892,9918.759623
1165.370394,-666.185348,1915.238745,11325.150913
1165.370720,370.102971,-2681.334243,9844.739029
1165.371046,0.000000,-2145.067394,9548.656652
1165.371372,74.020594,2145.067394,8808.450710
1165.371698,1184.329507,3907.087040,10584.944971
1165.372024,148.041188,1685.410096,10140.821405
1165.372349,0.000000,-2374.896044,9178.553681
1165.372675,-888.247130,-1608.800546,9770.718434
1165.373001,-1480.411884,229.828649,9992.780217
1165.373327,-2368.659014,919.314598,10214.842000
1165.373653,-814.226536,-1532.190996,8734.430116
1165.373979,888.247130,-2834.553343,9252.574275
1165.374305,2072.576638,842.705048,10732.986159
1165.374631,1258.350101,4213.525239,10807.006753
1165.374956,296.082377,3064.381992,9030.512492
1165.375282,1480.411884,-2451.505594,7179.997637
1165.375608,1332.370696,-2451.505594,9104.533087
1165.375934,0.000000,919.314598,10066.800811
1165.376260,-814.226536,2757.943793,9030.512492
1165.376586,-148.041188,-766.095498,9030.512492
1165.376912,814.226536,-4673.182538,9474.636058
1165.377238,740.205942,-919.314598,9548.656652
1165.377563,1554.432478,4749.792088,9844.739029
1165.377889,1332.370696,5209.449386,8512.368333
1165.378215,296.082377,-1302.362347,7179.997637
1165.378541,814.226536,-2528.115143,7624.121203
1165.378867,-1554.432478,2221.676944,9548.656652
1165.379193,-2886.803174,4290.134789,9030.512492
1165.379519,-814.226536,-229.828649,8364.327145
1165.379845,1036.288319,-4519.963438,8956.491898
1165.380170,518.144159,-995.924147,10658.965565
1165.380496,-592.164754,5132.839837,10510.924376
1165.380822,444.123565,4596.572988,9844.739029
1165.381148,814.226536,-1532.190996,8512.368333
1165.381474,222.061783,-2834.553343,8068.244768
1165.381800,-148.041188,3140.991542,9548.656652
1165.382126,1110.308913,6894.859482,9992.780217
1165.382452,1406.391290,3064.381992,10658.965565
1165.382777,962.267725,-2528.115143,9474.636058
1165.383103,1332.370696,-536.266849,9104.533087
1165.383429,1998.556043,5209.449386,9252.574275
1165.383755,2516.700203,6358.592633,10658.965565
1165.384081,1628.453072,1991.848295,9326.594869
1165.384407,-296.082377,-995.924147,7772.162391
1165.384733,-2146.597232,1455.581446,7624.121203
1165.385059,-2368.659014,3447.429741,8068.244768
1165.385384,-1850.514855,1838.629195,8512.368333
1165.385710,-814.226536,-1532.190996,9326.594869
1165.386036,-592.164754,-383.047749,9622.677246
1165.386362,592.164754,2911.162892,9104.533087
1165.386688,444.123565,3370.820191,9548.656652
1165.387014,-814.226536,689.485948,7772.162391
1165.387340,-1184.329507,-1838.629195,6291.750507
1165.387666,-814.226536,0.000000,8734.430116
1165.387991,-2072.576638,1685.410096,9918.759623
1165.388317,-3849.070898,536.266849,9548.656652
1165.388643,-2516.700203,-3294.210641,8068.244768
1165.388969,-592.164754,-4366.744339,9622.677246
1165.389295,0.000000,-1302.362347,11029.068536
1165.389621,0.000000,2451.505594,12435.459826
1165.389947,148.041188,1685.410096,11547.212695
1165.390273,1850.514855,-3753.867940,8956.491898
1165.390598,1628.453072,-3600.648841,9844.739029
1165.390924,518.144159,1455.581446,9844.739029
1165.391250,-592.164754,3524.039291,9104.533087
1165.391576,666.185348,-689.485948,9104.533087
1165.391902,2146.597232,-4749.792088,10214.842000
1165.392228,2294.638420,-1378.971896,9474.636058
1165.392554,740.205942,3907.087040,9178.553681
1165.392880,814.226536,3294.210641,8808.450710
1165.393205,592.164754,-1685.410096,8290.306550
1165.393531,0.000000,-3217.601092,8290.306550
1165.393857,-1036.288319,1072.533697,9622.677246
1165.394183,-2072.576638,2987.772442,8586.388927
1165.394509,-1924.535449,306.438199,9696.697840
1165.394835,74.020594,-3447.429741,9104.533087
1165.395161,0.000000,-1302.362347,10658.965565
1165.395487,-444.123565,2757.943793,9696.697840
1165.395812,1406.391290,2911.162892,9252.574275
1165.396138,1406.391290,995.924147,9030.512492
1165.396464,74.020594,-536.266849,7476.080014
1165.396790,-1702.473667,2068.457845,7846.182985
1165.397116,-1036.288319,2221.676944,8216.285956
1165.397442,-2220.617826,1072.533697,9918.759623
1165.397768,-1110.308913,-689.485948,9252.574275
1165.398094,518.144159,536.266849,9030.512492
1165.398419,1110.308913,3217.601092,10214.842000
1165.398745,814.226536,2451.505594,9770.718434
1165.399071,-370.102971,459.657299,9178.553681
1165.399397,888.247130,-689.485948,8142.265362
1165.399723,-296.082377,1225.752797,10140.821405
1165.400049,-1332.370696,3370.820191,9844.739029
1165.400375,-1184.329507,2298.286494,8956.491898
1165.400701,0.000000,-1072.533697,7698.141797
1165.401026,1332.370696,-1302.362347,8290.306550
1165.401352,2072.576638,2987.772442,8734.430116
1165.401678,2886.803174,5898.935335,7994.224174
1165.402004,2220.617826,4826.401637,9030.512492
1165.402330,1554.432478,306.438199,7846.182985
1165.402656,370.102971,-536.266849,8068.244768
1165.402982,-518.144159,1378.971896,9474.636058
1165.403308,-962.267725,1915.238745,10807.006753
1165.403633,-888.247130,-306.438199,11325.150913
1165.403959,962.267725,-3753.867940,10140.821405
1165.404285,740.205942,-1991.848295,10288.862594
1165.404611,-296.082377,1838.629195,10066.800811
1165.404937,814.226536,2987.772442,9474.636058
1165.405263,2590.720797,1455.581446,8956.491898
1165.405589,2516.700203,0.000000,8956.491898
1165.405915,-518.144159,1991.848295,9992.780217
1165.406240,-1702.473667,2451.505594,9326.594869
1165.406566,-888.247130,153.219100,9548.656652
1165.406892,444.123565,-3064.381992,10436.903782
1165.407218,0.000000,-2451.505594,10881.027347
1165.407544,-518.144159,1455.581446,10510.924376
1165.407870,-370.102971,1838.629195,10732.986159
1165.408196,-740.205942,-1302.362347,8660.409521
1165.408522,-1184.329507,-2681.334243,6291.750507
1165.408847,-2812.782580,0.000000,7772.162391
1165.409173,-2812.782580,2451.505594,8438.347739
1165.409499,-2220.617826,1838.629195,8734.430116
1165.409825,-444.123565,-3447.429741,7846.182985
1165.410151,370.102971,-3524.039291,8882.471304
1165.410477,1628.453072,2911.162892,9622.677246
1165.410803,4145.153275,5286.058936,10362.883188
1165.411129,2516.700203,2604.724693,10214.842000
1165.411454,0.000000,-2374.896044,8290.306550
1165.411780,-740.205942,-1608.800546,8956.491898
1165.412106,-592.164754,1838.629195,9178.553681
1165.412432,-2516.700203,1608.800546,8438.347739
1165.412758,-3256.906145,-2757.943793,8586.388927
1165.413084,-1406.391290,-4290.134789,9104.533087
1165.413410,-370.102971,306.438199,11177.109724
1165.413736,-592.164754,3064.381992,10732.986159
1165.414061,-814.226536,1685.410096,9696.697840
1165.414387,370.102971,-1762.019645,8290.306550
1165.414713,1850.514855,-1378.971896,7698.141797
1165.415039,-370.102971,3677.258390,9474.636058
1165.415365,-1184.329507,4136.915689,9622.677246
1165.415691,-1258.350101,229.828649,9474.636058
1165.416017,1628.453072,-3370.820191,9178.553681
1165.416343,1924.535449,-995.924147,11473.192101
1165.416668,888.247130,3753.867940,10658.965565
1165.416994,1332.370696,3907.087040,10214.842000
1165.417320,2368.659014,-766.095498,9104.533087
1165.417646,962.267725,-3140.991542,8216.285956
1165.417972,-1628.453072,1685.410096,9474.636058
1165.418298,-666.185348,4596.572988,8882.471304
1165.418624,1036.288319,1991.848295,7920.203579
1165.418950,1628.453072,-2451.505594,9104.533087
1165.419275,0.000000,0.000000,9622.677246
1165.419601,814.226536,5592.497135,8216.285956
1165.419927,1776.494261,4903.011187,7846.182985
1165.420253,888.247130,-995.924147,7772.162391
1165.420579,-740.205942,-2451.505594,6735.874072
1165.420905,-444.123565,1838.629195,9104.533087
1165.421231,-444.123565,4366.744339,11103.089130
1165.421557,-1036.288319,995.924147,9770.718434
1165.421882,-962.267725,-2221.676944,9548.656652
1165.422208,592.164754,-919.314598,8586.388927
1165.422534,1776.494261,3524.039291,8660.409521
1165.422860,2368.659014,4290.134789,9918.759623
1165.423186,1332.370696,2374.896044,10288.862594
1165.423512,-370.102971,612.876398,7772.162391
1165.423838,-296.082377,0.000000,8364.327145
1165.424164,-814.226536,1608.800546,9770.718434
1165.424489,-3552.988522,2298.286494,10436.903782
1165.424815,-3404.947333,-1149.143247,9844.739029
1165.425141,-1110.308913,-2911.162892,9844.739029
1165.425467,-370.102971,-995.924147,11251.130318
1165.425793,-370.102971,1608.800546,11177.109724
1165.426119,-444.123565,3064.381992,9696.697840
1165.426445,962.267725,612.876398,7772.162391
1165.426771,518.144159,-689.485948,9548.656652
1165.427096,-518.144159,1838.629195,10214.842000
1165.427422,-1258.350101,3217.601092,9178.553681
1165.427748,-740.205942,612.876398,8586.388927
1165.428074,-148.041188,-3217.601092,8882.471304
1165.428400,148.041188,-1149.143247,9030.512492
1165.428726,296.082377,2451.505594,8956.491898
1165.429052,518.144159,2528.115143,9178.553681
1165.429378,370.102971,-536.266849,8808.450710
1165.429703,0.000000,-1762.019645,8290.306550
1165.430029,-1258.350101,842.705048,8512.368333
1165.430355,-1480.411884,2068.457845,7550.100608
1165.430681,-1258.350101,-995.924147,8438.347739
1165.431007,0.000000,-3294.210641,9770.718434
1165.431333,814.226536,-1072.533697,9918.759623
1165.431659,592.164754,2221.676944,10510.924376
1165.431985,666.185348,1838.629195,11103.089130
1165.432310,518.144159,-1532.190996,9696.697840
1165.432636,0.000000,-3447.429741,8512.368333
1165.432962,-666.185348,-1225.752797,9918.759623
1165.433288,-888.247130,995.924147,11029.068536
1165.433614,-1036.288319,1072.533697,11251.130318
1165.433940,-222.061783,-2145.067394,9844.739029
1165.434266,1258.350101,-2834.553343,8882.471304
1165.434592,1628.453072,1532.190996,9696.697840
1165.434918,2516.700203,4826.401637,10140.821405
1165.435244,2220.617826,3677.258390,8882.471304
1165.435569,814.226536,-383.047749,7105.977043
1165.435895,-814.226536,-842.705048,7994.224174
1165.436221,-148.041188,1915.238745,8882.471304
1165.436547,-2220.617826,3294.210641,8882.471304
1165.436873,-2516.700203,-612.876398,8068.244768
1165.437199,-296.082377,-3907.087040,8438.347739
1165.437525,222.061783,-766.095498,10881.027347
1165.437851,296.082377,3447.429741,10584.944971
1165.438177,592.164754,3600.648841,9918.759623
1165.438503,1258.350101,0.000000,7846.182985
1165.438829,2294.638420,-995.924147,8142.265362
1165.439154,2072.576638,3217.601092,9178.553681
1165.439480,740.205942,5975.544884,10140.821405
1165.439806,296.082377,3753.867940,9400.615463
1165.440132,2072.576638,-842.705048,8364.327145
1165.440458,2738.761985,-1149.143247,9400.615463
1165.440784,1480.411884,4290.134789,9474.636058
1165.441110,-444.123565,6128.763984,10584.944971
1165.441436,666.185348,459.657299,8660.409521
1165.441762,0.000000,-2987.772442,8512.368333
1165.442088,-1406.391290,0.000000,9770.718434
1165.442414,-3478.967927,4519.963438,10362.883188
1165.442739,-2590.720797,3370.820191,7328.038826
1165.443065,0.000000,-2757.943793,7624.121203
1165.443391,-370.102971,-2604.724693,7698.141797
1165.443717,-1258.350101,4213.525239,8142.265362
1165.444043,0.000000,6818.249932,8808.450710
1165.444369,74.020594,2221.676944,9474.636058
1165.444695,-1332.370696,-3524.039291,7105.977043
1165.445021,-1924.535449,-1838.629195,7772.162391
1165.445347,-1480.411884,3217.601092,9474.636058
1165.445673,-888.247130,2451.505594,11177.109724
1165.445998,-518.144159,-2834.553343,10807.006753
1165.446324,0.000000,-3907.087040,11621.233289
1165.446650,-148.041188,-383.047749,10510.924376
1165.446976,518.144159,3753.867940,10807.006753
1165.447302,814.226536,1532.190996,11325.150913
1165.447628,518.144159,-3677.258390,8660.409521
1165.447954,-962.267725,-2451.505594,8068.244768
1165.448280,-1110.308913,842.705048,9252.574275
1165.448606,-2294.638420,1838.629195,9992.780217
1165.448932,-2294.638420,-1225.752797,8660.409521
1165.449258,-296.082377,-4596.572988,9474.636058
1165.449583,1036.288319,-1685.410096,9548.656652
1165.449909,962.267725,2911.162892,9252.574275
1165.450235,370.102971,2834.553343,9770.718434
1165.450561,1406.391290,-1991.848295,8216.285956
1165.450887,888.247130,-2757.943793,7624.121203
1165.451213,222.061783,689.485948,9918.759623
1165.451539,-518.144159,3217.601092,9104.533087
1165.451865,-1258.350101,995.924147,8808.450710
1165.452191,1184.329507,-3830.477490,9104.533087
1165.452517,1850.514855,-2528.115143,9622.677246
1165.452843,148.041188,2834.553343,9252.574275
1165.453168,148.041188,4136.915689,9474.636058
1165.453494,962.267725,306.438199,8512.368333
1165.453820,740.205942,-2451.505594,7698.141797
1165.454146,-592.164754,0.000000,9474.636058
1165.454472,-1036.288319,3907.087040,8660.409521
1165.454798,0.000000,3064.381992,9326.594869
1165.455124,1702.473667,-1532.190996,9696.697840
1165.455450,1850.514855,-1149.143247,10066.800811
1165.455776,592.164754,3907.087040,10288.862594
1165.456102,1628.453072,4826.401637,9474.636058
1165.456428,1628.453072,2298.286494,9474.636058
1165.456753,0.000000,-1149.143247,8364.327145
1165.457079,-1924.535449,306.438199,8660.409521
1165.457405,-1776.494261,2987.772442,8290.306550
1165.457731,-1776.494261,1915.238745,10066.800811
1165.458057,-1332.370696,-842.705048,10807.006753
1165.458383,-518.144159,0.000000,9918.759623
1165.458709,296.082377,2987.772442,9252.574275
1165.459035,2368.659014,2834.553343,9326.594869
1165.459361,1924.535449,1991.848295,9400.615463
1165.459687,1258.350101,1532.190996,7698.141797
1165.460012,0.000000,2757.943793,8808.450710
1165.460338,814.226536,2911.162892,8586.388927
1165.460664,-148.041188,1915.238745,9252.574275
1165.460990,-2072.576638,1378.971896,8734.430116
1165.461316,-962.267725,-536.266849,7550.100608
1165.461642,1110.308913,766.095498,9030.512492
1165.461968,814.226536,1149.143247,9252.574275
1165.462294,-1184.329507,2604.724693,10288.862594
1165.462620,0.000000,1072.533697,7846.182985
1165.462946,0.000000,0.000000,7698.141797
1165.463272,-666.185348,-1378.971896,9622.677246
1165.463597,-2146.597232,919.314598,10140.821405
1165.463923,-3034.844362,1608.800546,8660.409521
1165.464249,518.144159,-2451.505594,7920.203579
1165.464575,1110.308913,-3217.601092,10807.006753
1165.464901,0.000000,995.924147,10436.903782
1165.465227,-296.082377,3907.087040,9696.697840
1165.465553,222.061783,536.266849,8586.388927
1165.465879,-148.041188,-3830.477490,8956.491898
1165.466205,-1554.432478,-1685.410096,11029.068536
1165.466531,-1702.473667,2298.286494,10732.986159
1165.466857,-2368.659014,1762.019645,9992.780217
1165.467182,-370.102971,-4443.353888,10214.842000
1165.467508,1184.329507,-4903.011187,10436.903782
1165.467834,1924.535449,1532.190996,9548.656652
1165.468160,1850.514855,6052.154434,10288.862594
1165.468486,2368.659014,2757.943793,10658.965565
1165.468812,1776.494261,-2374.896044,7624.121203
1165.469138,0.000000,-1608.800546,6957.935855
1165.469464,-740.205942,1685.410096,7105.977043
1165.469790,-1036.288319,3524.039291,8660.409521
1165.470116,148.041188,-536.266849,9474.636058
1165.470441,1184.329507,-2911.162892,10214.842000
1165.470767,1110.308913,-919.314598,9474.636058
1165.471093,444.123565,1302.362347,8142.265362
1165.471419,592.164754,2451.505594,8586.388927
1165.471745,962.267725,383.047749,7846.182985
1165.472071,444.123565,0.000000,8956.491898
1165.472397,-1110.308913,459.657299,9474.636058
1165.472723,-2368.659014,306.438199,8956.491898
1165.473049,-2664.741391,-612.876398,9252.574275
1165.473375,222.061783,-2604.724693,9104.533087
1165.473701,814.226536,-536.266849,10807.006753
1165.474026,740.205942,2221.676944,11991.336260
1165.474352,-148.041188,2145.067394,10584.944971
1165.474678,-518.144159,-766.095498,8734.430116
1165.475004,0.000000,-1915.238745,8142.265362
1165.475330,0.000000,1455.581446,9992.780217
1165.475656,-518.144159,4366.744339,10955.047942
1165.475982,-1332.370696,2604.724693,10362.883188
1165.476308,0.000000,-2298.286494,8068.244768
1165.476634,1184.329507,-1991.848295,9252.574275
1165.476960,1628.453072,2911.162892,9622.677246
1165.477286,2072.576638,6511.811733,8438.347739
1165.477611,2368.659014,3140.991542,8290.306550
1165.477937,2294.638420,-1302.362347,7550.100608
1165.478263,814.226536,1302.362347,8512.368333
1165.478589,814.226536,5439.278036,8882.471304
1165.478915,1110.308913,4519.963438,9696.697840
1165.479241,2738.761985,-766.095498,8512.368333
1165.479567,3108.864956,-919.314598,10732.986159
1165.479893,518.144159,2604.724693,9918.759623
1165.480219,-148.041188,4519.963438,9474.636058
1165.480545,74.020594,459.657299,8660.409521
1165.480871,-962.267725,-3600.648841,8512.368333
1165.481196,-4145.153275,-1225.752797,8068.244768
1165.481522,-4219.173869,2145.067394,8290.306550
1165.481848,-4589.276840,459.657299,10288.862594
1165.482174,-4515.256246,-3677.258390,9326.594869
1165.482500,-3404.947333,-4060.306139,9400.615463
1165.482826,-1184.329507,383.047749,9474.636058
1165.483152,0.000000,3370.820191,9696.697840
1165.483478,1110.308913,1455.581446,10214.842000
1165.483804,1480.411884,-1532.190996,9104.533087
1165.484130,-740.205942,383.047749,8956.491898
1165.484455,370.102971,1685.410096,9252.574275
1165.484781,1110.308913,2221.676944,9400.615463
1165.485107,962.267725,0.000000,9252.574275
1165.485433,1332.370696,-1685.410096,9252.574275
1165.485759,2072.576638,1072.533697,10732.986159
1165.486085,2368.659014,3140.991542,9992.780217
1165.486411,1480.411884,2757.943793,9104.533087
1165.486737,1258.350101,536.266849,7105.977043
1165.487063,1184.329507,0.000000,6291.750507
1165.487389,74.020594,1762.019645,8586.388927
1165.487715,-1776.494261,2374.896044,10214.842000
1165.488040,-3701.029710,306.438199,9104.533087
1165.488366,-1998.556043,-3140.991542,8290.306550
1165.488692,74.020594,-3677.258390,10807.006753
1165.489018,-1258.350101,383.047749,11399.171507
1165.489344,-1850.514855,2987.772442,10807.006753
1165.489670,-1258.350101,-536.266849,9474.636058
1165.489996,-888.247130,-4673.182538,8438.347739
1165.490322,-2146.597232,-2145.067394,9030.512492
1165.490648,-962.267725,2451.505594,9992.780217
1165.490974,0.000000,3217.601092,9918.759623
1165.491300,1036.288319,-1378.971896,9474.636058
1165.491625,1850.514855,-2987.772442,11251.130318
1165.491951,2368.659014,1455.581446,9770.718434
1165.492277,1850.514855,4366.744339,9770.718434
1165.492603,2368.659014,383.047749,9844.739029
1165.492929,1406.391290,-2221.676944,9104.533087
1165.493255,740.205942,76.609550,8290.306550
1165.493581,296.082377,3217.601092,8956.491898
1165.493907,0.000000,1838.629195,8142.265362
1165.494233,0.000000,-1532.190996,7994.224174
1165.494559,666.185348,-1532.190996,8512.368333
1165.494884,1332.370696,2911.162892,8956.491898
1165.495210,1110.308913,4826.401637,8364.327145
1165.495536,1702.473667,2221.676944,8660.409521
1165.495862,1036.288319,-383.047749,8364.327145
1165.496188,0.000000,1149.143247,7698.141797
1165.496514,-814.226536,3217.601092,8438.347739
1165.496840,-1110.308913,1685.410096,9030.512492
1165.497166,-2368.659014,-1225.752797,9326.594869
1165.497492,-1184.329507,-2221.676944,9696.697840
1165.497818,148.041188,766.095498,10732.986159
1165.498144,592.164754,2911.162892,11251.130318
1165.498469,0.000000,1762.019645,10066.800811
1165.498795,518.144159,-766.095498,8956.491898
1165.499121,518.144159,-536.266849,9474.636058
1165.499447,-296.082377,2298.286494,11177.109724
1165.499773,-666.185348,3064.381992,9696.697840
1165.500099,-666.185348,1072.533697,9104.533087
1165.500425,148.041188,-1532.190996,8956.491898
1165.500751,740.205942,0.000000,9918.759623
1165.501077,-814.226536,2451.505594,10362.883188
1165.501403,-2960.823768,1762.019645,10140.821405
1165.501729,-2738.761985,-1915.238745,8808.450710
1165.502054,-592.164754,-3524.039291,8290.306550
1165.502380,-2516.700203,153.219100,9326.594869
1165.502706,-3404.947333,2068.457845,10288.862594
1165.503032,-2590.720797,1072.533697,9178.553681
1165.503358,0.000000,-3140.991542,7698.141797
1165.503684,814.226536,-2604.724693,8882.471304
1165.504010,1406.391290,2911.162892,7994.224174
1165.504336,1184.329507,6818.249932,8216.285956
1165.504662,2368.659014,3064.381992,8364.327145
1165.504988,2442.679609,-2451.505594,7476.080014
1165.505313,148.041188,-842.705048,7328.038826
1165.505639,74.020594,2451.505594,8438.347739
1165.505965,592.164754,2834.553343,9548.656652
1165.506291,1776.494261,-459.657299,10140.821405
1165.506617,2072.576638,-2374.896044,10436.903782
1165.506943,1406.391290,153.219100,10436.903782
1165.507269,1332.370696,3064.381992,9474.636058
1165.507595,1480.411884,2451.505594,9622.677246
1165.507921,592.164754,-1532.190996,9178.553681
1165.508247,-1332.370696,-1378.971896,8586.388927
1165.508573,-2220.617826,76.609550,9770.718434
1165.508898,-2146.597232,536.266849,11547.212695
1165.509224,-2886.803174,-1455.581446,11177.109724
1165.509550,-1850.514855,-3524.039291,9992.780217
1165.509876,370.102971,-2298.286494,10510.924376
1165.510202,740.205942,919.314598,10955.047942
1165.510528,370.102971,2757.943793,10214.842000
1165.510854,1110.308913,1072.533697,9104.533087
1165.511180,1628.453072,-536.266849,7994.224174
1165.511506,1184.329507,1455.581446,8882.471304
1165.511832,1554.432478,3677.258390,9844.739029
1165.512158,1110.308913,2834.553343,8216.285956
1165.512483,592.164754,-459.657299,7624.121203
1165.512809,3108.864956,-1149.143247,9252.574275
1165.513135,2146.597232,2374.896044,10214.842000
1165.513461,1036.288319,3753.867940,8216.285956
1165.513787,1850.514855,919.314598,8216.285956
1165.514113,1036.288319,0.000000,8290.306550
1165.514439,-1258.350101,2068.457845,8734.430116
1165.514765,-2368.659014,3753.867940,8512.368333
1165.515091,-1554.432478,1302.362347,8290.306550
1165.515417,-1702.473667,-1991.848295,7772.162391
1165.515743,-592.164754,-1991.848295,8364.327145
1165.516068,-370.102971,1608.800546,8512.368333
1165.516394,-888.247130,3907.087040,10955.047942
1165.516720,-740.205942,1532.190996,11103.089130
1165.517046,-296.082377,-2834.553343,8660.409521
1165.517372,-2368.659014,-2374.896044,8438.347739
1165.517698,-3182.885551,1149.143247,10140.821405
1165.518024,-3182.885551,3294.210641,11177.109724
1165.518350,370.102971,-1072.533697,9474.636058
1165.518676,814.226536,-3064.381992,10214.842000
1165.519002,222.061783,689.485948,11029.068536
1165.519327,1110.308913,6052.154434,10214.842000
1165.519653,3256.906145,5975.544884,9770.718434
1165.519979,2738.761985,-995.924147,9474.636058
1165.520305,-962.267725,-1685.410096,7846.182985
1165.520631,-666.185348,2834.553343,7254.018232
1165.520957,1258.350101,4673.182538,9622.677246
1165.521283,0.000000,766.095498,9252.574275
1165.521609,-1776.494261,-3907.087040,8068.244768
1165.521935,-148.041188,-1455.581446,9474.636058
1165.522261,296.082377,2834.553343,10584.944971
1165.522587,-962.267725,3447.429741,9400.615463
1165.522912,-666.185348,-1378.971896,7328.038826
1165.523238,-1036.288319,-3447.429741,7476.080014
1165.523564,-2368.659014,689.485948,8512.368333
1165.523890,-1998.556043,2987.772442,9474.636058
1165.524216,-3256.906145,0.000000,8290.306550
1165.524542,-2590.720797,-4979.620737,8068.244768
1165.524868,0.000000,-3447.429741,9918.759623
1165.525194,1776.494261,2451.505594,10955.047942
1165.525520,296.082377,4136.915689,10807.006753
1165.525846,0.000000,-689.485948,9104.533087
1165.526172,1480.411884,-3983.696590,8290.306550
1165.526497,1184.329507,-995.924147,10214.842000
1165.526823,666.185348,3064.381992,11029.068536
1165.527149,962.267725,1991.848295,10658.965565
1165.527475,2664.741391,-1991.848295,9178.553681
1165.527801,3923.091493,-1378.971896,10955.047942
1165.528127,3627.009116,3983.696590,11621.233289
1165.528453,2442.679609,5362.668486,8290.306550
1165.528779,2220.617826,766.095498,7179.997637
1165.529105,1332.370696,-2451.505594,8438.347739
1165.529431,-1702.473667,919.314598,8956.491898
1165.529756,-3404.947333,4290.134789,9696.697840
1165.530082,-3997.112087,0.000000,9400.615463
1165.530408,-4811.338623,-5209.449386,8586.388927
1165.530734,-3775.050304,-4136.915689,8586.388927
1165.531060,-2442.679609,1685.410096,10732.986159
1165.531386,-1628.453072,4826.401637,9992.780217
1165.531712,0.000000,1149.143247,8956.491898
1165.532038,370.102971,-2221.676944,7772.162391
1165.532364,-740.205942,306.438199,6291.750507
1165.532690,666.185348,5132.839837,7402.059420
1165.533016,3034.844362,5439.278036,9104.533087
1165.533341,2516.700203,1225.752797,10436.903782
1165.533667,3256.906145,153.219100,9622.677246
1165.533993,4663.297435,3294.210641,10732.986159
1165.534319,4959.379811,4213.525239,9178.553681
1165.534645,4071.132681,2451.505594,8956.491898
1165.534971,3256.906145,1455.581446,10066.800811
1165.535297,2516.700203,3294.210641,9918.759623
1165.535623,0.000000,3983.696590,10288.862594
1165.535949,-740.205942,-306.438199,9622.677246
1165.536275,-3775.050304,-2068.457845,9104.533087
1165.536601,-4293.194464,-1838.629195,7105.977043
1165.536926,-2368.659014,0.000000,9104.533087
1165.537252,-2072.576638,689.485948,9992.780217
1165.537578,-3108.864956,306.438199,9326.594869
1165.537904,-3108.864956,0.000000,7476.080014
1165.538230,-2368.659014,-459.657299,5847.626942
1165.538556,-3701.029710,459.657299,7179.997637
1165.538882,-3108.864956,995.924147,8660.409521
1165.539208,-2368.659014,766.095498,9844.739029
1165.539534,0.000000,-766.095498,9474.636058
1165.539860,1924.535449,-1762.019645,9918.759623
1165.540186,3182.885551,1302.362347,11177.109724
1165.540511,2664.741391,3294.210641,10510.924376
1165.540837,2220.617826,2145.067394,10140.821405
1165.541163,3404.947333,-1225.752797,9918.759623
1165.541489,2146.597232,-766.095498,9696.697840
1165.541815,148.041188,1991.848295,9252.574275
1165.542141,-222.061783,2374.896044,8882.471304
1165.542467,-740.205942,-995.924147,9474.636058
1165.542793,-518.144159,-3447.429741,10510.924376
1165.543119,148.041188,-1302.362347,11399.171507
1165.543445,74.020594,2451.505594,9918.759623
1165.543771,0.000000,1762.019645,9178.553681
1165.544096,148.041188,-1685.410096,8364.327145
1165.544422,-592.164754,-2068.457845,7624.121203
1165.544748,-3034.844362,0.000000,7624.121203
1165.545074,-2442.679609,306.438199,8364.327145
1165.545400,-1776.494261,-1378.971896,10214.842000
1165.545726,-1110.308913,-2757.943793,9918.759623
1165.546052,-296.082377,-1149.143247,9548.656652
1165.546378,296.082377,1302.362347,9474.636058
1165.546704,444.123565,842.705048,8660.409521
1165.547030,1628.453072,-536.266849,7772.162391
1165.547355,1702.473667,383.047749,7920.203579
1165.547681,518.144159,2681.334243,9030.512492
1165.548007,0.000000,3064.381992,9548.656652
1165.548333,444.123565,1302.362347,9770.718434
1165.548659,2146.597232,-1991.848295,8512.368333
1165.548985,2442.679609,0.000000,10584.944971
1165.549311,3775.050304,3370.820191,11991.336260
1165.549637,2886.803174,5209.449386,11251.130318
1165.549963,1332.370696,1302.362347,9030.512492
1165.550289,814.226536,-2374.896044,8290.306550
1165.550615,-74.020594,306.438199,8808.450710
1165.550940,-1332.370696,4366.744339,9844.739029
1165.551266,-1924.535449,4749.792088,10140.821405
1165.551592,-1184.329507,-1455.581446,7179.997637
1165.551918,-962.267725,-2451.505594,8808.450710
1165.552244,-814.226536,1072.533697,9474.636058
1165.552570,-1406.391290,5132.839837,9326.594869
1165.552896,-666.185348,2911.162892,8734.430116
1165.553222,518.144159,-2987.772442,9104.533087
1165.553548,-1406.391290,-1685.410096,8068.244768
1165.553874,-2220.617826,2757.943793,8364.327145
1165.554200,-1850.514855,2604.724693,9474.636058
1165.554525,-740.205942,-612.876398,9474.636058
1165.554851,1258.350101,-1915.238745,9178.553681
1165.555177,2664.741391,2068.457845,10658.965565
1165.555503,2516.700203,5745.716235,9474.636058
1165.555829,2664.741391,4366.744339,9844.739029
1165.556155,4441.235652,-306.438199,8142.265362
1165.556481,2442.679609,0.000000,7846.182985
1165.556807,-74.020594,3677.258390,9474.636058
1165.557133,-592.164754,3677.258390,10140.821405
1165.557459,-1184.329507,-536.266849,9770.718434
1165.557785,-2368.659014,-4443.353888,8808.450710
1165.558110,-2220.617826,-2451.505594,9622.677246
1165.558436,-666.185348,1302.362347,8290.306550
1165.558762,-740.205942,2374.896044,9992.780217
1165.559088,-2294.638420,-612.876398,10510.924376
1165.559414,-2812.782580,-1838.629195,8438.347739
1165.559740,-2960.823768,76.609550,7476.080014
1165.560066,-3108.864956,689.485948,7920.203579
1165.560392,-4071.132681,-536.266849,8734.430116
1165.560718,-2516.700203,-2221.676944,8364.327145
1165.561044,-370.102971,-1225.752797,10436.903782
1165.561370,222.061783,842.705048,12213.398043
1165.561695,-296.082377,1455.581446,10140.821405
1165.562021,296.082377,383.047749,8734.430116
1165.562347,2960.823768,-1991.848295,8068.244768
1165.562673,2368.659014,0.000000,10288.862594
1165.562999,1628.453072,2145.067394,10881.027347
1165.563325,2072.576638,2681.334243,10658.965565
1165.563651,2220.617826,153.219100,10214.842000
1165.563977,3256.906145,-2068.457845,8882.471304
1165.564303,3923.091493,766.095498,9400.615463
1165.564629,2664.741391,4749.792088,10066.800811
1165.564954,1776.494261,2757.943793,9918.759623
1165.565280,1332.370696,-995.924147,7772.162391
1165.565606,-666.185348,-2604.724693,8142.265362
1165.565932,-4293.194464,0.000000,8586.388927
1165.566258,-4367.215058,1532.190996,7846.182985
1165.566584,-3478.967927,-306.438199,9400.615463
1165.566910,-2368.659014,-4749.792088,8882.471304
1165.567236,-1480.411884,-1378.971896,8956.491898
1165.567562,-592.164754,2911.162892,8586.388927
1165.567888,740.205942,3370.820191,9326.594869
1165.568214,1036.288319,306.438199,9252.574275
1165.568539,1258.350101,-1149.143247,8438.347739
1165.568865,444.123565,1532.190996,9474.636058
1165.569191,1184.329507,3983.696590,10510.924376
1165.569517,1702.473667,2604.724693,11621.233289
1165.569843,2368.659014,-919.314598,8956.491898
1165.570169,2442.679609,-842.705048,8290.306550
1165.570495,2442.679609,3753.867940,10807.006753
1165.570821,2516.700203,5975.544884,10732.986159
1165.571147,1480.411884,3140.991542,9326.594869
1165.571473,222.061783,-1608.800546,8882.471304
1165.571799,-1332.370696,-766.095498,8956.491898
1165.572124,-592.164754,3140.991542,8586.388927
1165.572450,-592.164754,3370.820191,9474.636058
1165.572776,-1702.473667,76.609550,9992.780217
1165.573102,-888.247130,-1225.752797,9622.677246
1165.573428,222.061783,842.705048,9178.553681
1165.573754,-1036.288319,2451.505594,7772.162391
1165.574080,-2072.576638,1762.019645,6439.791695
1165.574406,-1776.494261,0.000000,7846.182985
1165.574732,-1480.411884,0.000000,9474.636058
1165.575058,-2220.617826,1225.752797,9918.759623
1165.575384,-2960.823768,0.000000,9696.697840
1165.575709,-2590.720797,-2451.505594,7846.182985
1165.576035,518.144159,-1225.752797,8660.409521
1165.576361,2368.659014,1762.019645,11399.171507
1165.576687,814.226536,3907.087040,11177.109724
1165.577013,0.000000,1915.238745,9622.677246
1165.577339,1258.350101,-1685.410096,8438.347739
1165.577665,1702.473667,-766.095498,7920.203579
1165.577991,0.000000,2528.115143,8734.430116
1165.578317,-444.123565,1762.019645,9548.656652
1165.578643,666.185348,-536.266849,9474.636058
1165.578969,814.226536,-2987.772442,9474.636058
1165.579294,814.226536,-1685.410096,10288.862594
1165.579620,0.000000,2528.115143,9400.615463
1165.579946,1332.370696,3370.820191,9622.677246
1165.580272,1628.453072,-919.314598,10584.944971
1165.580598,-962.267725,-3140.991542,9252.574275
1165.580924,-3552.988522,-689.485948,9474.636058
1165.581250,-2664.741391,459.657299,9992.780217
1165.581576,-2146.597232,-1378.971896,8956.491898
1165.581902,-2220.617826,-3600.648841,8068.244768
1165.582228,-1480.411884,-2068.457845,9252.574275
1165.582554,0.000000,1762.019645,9992.780217
1165.582879,1110.308913,2987.772442,10436.903782
1165.583205,2294.638420,689.485948,9474.636058
1165.583531,2146.597232,-1225.752797,8438.347739
1165.583857,3775.050304,766.095498,8956.491898
1165.584183,3849.070898,4136.915689,10214.842000
1165.584509,2812.782580,3140.991542,11251.130318
1165.584835,2812.782580,-536.266849,10214.842000
1165.585161,2812.782580,-842.705048,9844.739029
1165.585487,3182.885551,689.485948,9400.615463
1165.585813,740.205942,3600.648841,9548.656652
1165.586138,-814.226536,1762.019645,7402.059420
1165.586464,-740.205942,-1455.581446,7698.141797
1165.586790,-2368.659014,-1225.752797,8216.285956
1165.587116,-4737.318029,1302.362347,9474.636058
1165.587442,-5033.400406,1762.019645,8808.450710
1165.587768,-3701.029710,-919.314598,7254.018232
1165.588094,-3256.906145,-2451.505594,8364.327145
1165.588420,-962.267725,-1302.362347,9178.553681
1165.588746,-2294.638420,2681.334243,8808.450710
1165.589072,-1702.473667,3217.601092,9326.594869
1165.589398,0.000000,459.657299,9992.780217
1165.589723,1184.329507,536.266849,8734.430116
1165.590049,0.000000,2834.553343,8734.430116
1165.590375,666.185348,3447.429741,8660.409521
1165.590701,2812.782580,1762.019645,9326.594869
1165.591027,3034.844362,1149.143247,9770.718434
1165.591353,4589.276840,3064.381992,11325.150913
1165.591679,4737.318029,5669.106685,10807.006753
1165.592005,3775.050304,4979.620737,9252.574275
1165.592331,2886.803174,612.876398,8438.347739
1165.592657,814.226536,-229.828649,9696.697840
1165.592983,-1332.370696,2681.334243,10732.986159
1165.593308,-2146.597232,2911.162892,10584.944971
1165.593634,-2146.597232,-842.705048,9030.512492
1165.593960,-3182.885551,-4136.915689,7698.141797
1165.594286,-3923.091493,-1991.848295,7550.100608
1165.594612,-2738.761985,1991.848295,8364.327145
1165.594938,-1998.556043,2911.162892,9548.656652
1165.595264,-2072.576638,-1302.362347,8512.368333
1165.595590,-2738.761985,-2911.162892,6883.915261
1165.595916,-3849.070898,-919.314598,7105.977043
1165.596242,-2442.679609,1302.362347,9104.533087
1165.596568,-1406.391290,383.047749,11103.089130
1165.596893,-814.226536,-2987.772442,9992.780217
1165.597219,1184.329507,-3217.601092,9696.697840
1165.597545,3108.864956,612.876398,11621.233289
1165.597871,3108.864956,2987.772442,11769.274478
1165.598197,2738.761985,1302.362347,9252.574275
1165.598523,3775.050304,-2298.286494,7254.018232
1165.598849,3034.844362,-1072.533697,9474.636058
1165.599175,888.247130,3064.381992,9770.718434
1165.599501,1406.391290,3064.381992,9252.574275
1165.599827,592.164754,-1455.581446,8216.285956
1165.600153,1332.370696,-3983.696590,8882.471304
1165.600478,2072.576638,766.095498,10807.006753
1165.600804,1332.370696,4979.620737,9992.780217
1165.601130,-1406.391290,2374.896044,9474.636058
1165.601456,-1554.432478,-4749.792088,8364.327145
1165.601782,-2812.782580,-3600.648841,8068.244768
1165.602108,-3701.029710,842.705048,7624.121203
1165.602434,-3701.029710,2145.067394,8142.265362
1165.602760,-3256.906145,-1225.752797,9474.636058
1165.603086,-1258.350101,-3983.696590,10214.842000
1165.603412,-148.041188,0.000000,10436.903782
1165.603738,-222.061783,3677.258390,8882.471304
1165.604063,518.144159,2528.115143,8586.388927
1165.604389,2146.597232,612.876398,8734.430116
1165.604715,1480.411884,383.047749,9326.594869
1165.605041,0.000000,1608.800546,8956.491898
1165.605367,-444.123565,2681.334243,9844.739029
1165.605693,-518.144159,689.485948,10881.027347
1165.606019,0.000000,-1532.190996,9178.553681
1165.606345,592.164754,-842.705048,9400.615463
1165.606671,1406.391290,1302.362347,11177.109724
1165.606997,888.247130,2604.724693,10955.047942
1165.607322,1998.556043,1378.971896,7846.182985
1165.607648,2146.597232,766.095498,8512.368333
1165.607974,148.041188,2604.724693,9178.553681
1165.608300,-148.041188,3677.258390,9400.615463
1165.608626,296.082377,1532.190996,8586.388927
1165.608952,-1702.473667,-536.266849,9252.574275
1165.609278,-1702.473667,536.266849,8512.368333
1165.609604,1110.308913,2068.457845,8438.347739
1165.609930,888.247130,1532.190996,8734.430116
1165.610256,-2220.617826,76.609550,9400.615463
1165.610582,-1998.556043,-306.438199,7772.162391
1165.610907,222.061783,1072.533697,8364.327145
1165.611233,148.041188,1838.629195,9104.533087
1165.611559,-444.123565,2374.896044,9252.574275
1165.611885,1184.329507,1378.971896,7994.224174
1165.612211,3404.947333,612.876398,7994.224174
1165.612537,4367.215058,919.314598,10288.862594
1165.612863,4441.235652,4749.792088,10584.944971
1165.613189,3256.906145,6358.592633,9326.594869
1165.613515,3108.864956,1685.410096,8142.265362
1165.613841,1554.432478,-1915.238745,8512.368333
1165.614167,-2072.576638,-383.047749,10140.821405
1165.614492,-5181.441594,1762.019645,11177.109724
1165.614818,-4219.173869,-1762.019645,9474.636058
1165.615144,-2812.782580,-5286.058936,10881.027347
1165.615470,-3330.926739,-4060.306139,12435.459826
1165.615796,-4515.256246,1685.410096,10807.006753
1165.616122,-2960.823768,3294.210641,8956.491898
1165.616448,-814.226536,-2757.943793,8216.285956
1165.616774,-592.164754,-3294.210641,7846.182985
1165.617100,-1332.370696,2068.457845,7254.018232
1165.617426,-222.061783,5975.544884,7179.997637
1165.617752,1258.350101,2681.334243,8142.265362
1165.618077,3627.009116,-1991.848295,9622.677246
1165.618403,4811.338623,-689.485948,9474.636058
1165.618729,5551.544565,4903.011187,10066.800811
1165.619055,5033.400406,4979.620737,10732.986159
1165.619381,4441.235652,153.219100,9400.615463
1165.619707,2960.823768,-1915.238745,8882.471304
1165.620033,814.226536,612.876398,9326.594869
1165.620359,-518.144159,3677.258390,9030.512492
1165.620685,-962.267725,1532.190996,9030.512492
1165.621011,-2590.720797,-3600.648841,8808.450710
1165.621337,-3627.009116,-3064.381992,8216.285956
1165.621662,-3330.926739,995.924147,8882.471304
1165.621988,-3330.926739,2068.457845,9844.739029
1165.622314,-4589.276840,-1991.848295,8364.327145
1165.622640,-4737.318029,-4213.525239,7105.977043
1165.622966,-3849.070898,-2298.286494,7328.038826
1165.623292,-3997.112087,766.095498,9770.718434
1165.623618,-3108.864956,612.876398,11177.109724
1165.623944,-962.267725,-1455.581446,11103.089130
1165.624270,1406.391290,-2221.676944,10066.800811
1165.624596,3775.050304,459.657299,10436.903782
1165.624921,4367.215058,3983.696590,12213.398043
1165.625247,2516.700203,4673.182538,11029.068536
1165.625573,4145.153275,919.314598,9030.512492
1165.625899,4885.359217,-383.047749,10510.924376
1165.626225,2368.659014,1608.800546,9770.718434
1165.626551,-962.267725,3753.867940,9178.553681
1165.626877,74.020594,842.705048,8956.491898
1165.627203,148.041188,-3140.991542,9622.677246
1165.627529,0.000000,-2221.676944,9474.636058
1165.627855,-814.226536,2757.943793,9252.574275
1165.628181,-1036.288319,3370.820191,8216.285956
1165.628506,148.041188,-383.047749,7846.182985
1165.628832,-592.164754,-2374.896044,8882.471304
1165.629158,-2516.700203,1838.629195,8364.327145
1165.629484,-2368.659014,3600.648841,7254.018232
1165.629810,-222.061783,1608.800546,8364.327145
1165.630136,0.000000,-2834.553343,7846.182985
1165.630462,-444.123565,-1072.533697,8216.285956
1165.630788,0.000000,2987.772442,9992.780217
1165.631114,444.123565,4136.915689,10881.027347
1165.631440,1110.308913,689.485948,9474.636058
1165.631766,1924.535449,-1685.410096,8808.450710
1165.632091,518.144159,1072.533697,9844.739029
1165.632417,-814.226536,3370.820191,9474.636058
1165.632743,518.144159,1915.238745,10436.903782
1165.633069,1702.473667,-1225.752797,11103.089130
1165.633395,962.267725,-229.828649,10362.883188
1165.633721,1998.556043,3370.820191,9548.656652
1165.634047,1776.494261,3907.087040,9474.636058
1165.634373,1184.329507,1455.581446,8882.471304
1165.634699,-444.123565,-229.828649,7920.203579
1165.635025,-444.123565,536.266849,8364.327145
1165.635350,-1258.350101,2068.457845,9178.553681
1165.635676,-2294.638420,1685.410096,10362.883188
1165.636002,-2960.823768,-919.314598,9474.636058
1165.636328,-666.185348,-1838.629195,8068.244768
1165.636654,518.144159,-306.438199,8882.471304
1165.636980,-666.185348,2911.162892,11695.253884
1165.637306,-518.144159,3140.991542,9474.636058
1165.637632,-222.061783,-612.876398,7328.038826
1165.637957,-296.082377,-3140.991542,8068.244768
1165.638283,-2368.659014,-536.266849,9030.512492
1165.638609,-2886.803174,2757.943793,7698.141797
1165.638935,-1258.350101,766.095498,9918.759623
1165.639261,148.041188,-3830.477490,9474.636058
1165.639587,962.267725,-2451.505594,8586.388927
1165.639913,444.123565,2068.457845,9252.574275
1165.640239,444.123565,3907.087040,10214.842000
1165.640564,1480.411884,153.219100,10362.883188
1165.640890,2590.720797,-3064.381992,11399.171507
1165.641216,74.020594,-1532.190996,10510.924376
1165.641542,-1628.453072,536.266849,8808.450710
1165.641868,-814.226536,-459.657299,9622.677246
1165.642194,1036.288319,-3370.820191,9992.780217
1165.642520,1036.288319,-1378.971896,10732.986159
1165.642845,1184.329507,1838.629195,9474.636058
1165.643171,592.164754,3217.601092,9770.718434
1165.643497,1184.329507,995.924147,8438.347739
1165.643823,666.185348,-306.438199,7476.080014
1165.644149,-962.267725,995.924147,7550.100608
1165.644475,-1480.411884,2451.505594,8068.244768
1165.644801,-1406.391290,1455.581446,9474.636058
1165.645127,-296.082377,-1838.629195,9622.677246
1165.645452,-1036.288319,-1838.629195,9844.739029
1165.645778,-296.082377,536.266849,9696.697840
1165.646104,1332.370696,2604.724693,9474.636058
1165.646430,1554.432478,1762.019645,9844.739029
1165.646756,296.082377,0.000000,10214.842000
1165.647082,148.041188,1455.581446,9622.677246
1165.647408,740.205942,2604.724693,7994.224174
1165.647734,518.144159,2221.676944,8734.430116
1165.648059,1554.432478,1762.019645,9474.636058
1165.648385,3478.967927,2451.505594,9474.636058
1165.648711,4293.194464,3370.820191,9992.780217
1165.649037,1258.350101,3140.991542,11103.089130
1165.649363,-888.247130,2834.553343,9696.697840
1165.649689,-370.102971,1915.238745,7254.018232
1165.650015,148.041188,0.000000,7920.203579
1165.650341,-2886.803174,-919.314598,9104.533087
1165.650666,-4885.359217,2068.457845,8734.430116
1165.650992,-3775.050304,1608.800546,8364.327145
1165.651318,-1110.308913,-383.047749,8438.347739
1165.651644,-740.205942,-919.314598,8660.409521
1165.651970,-1184.329507,1608.800546,7846.182985
1165.652296,-592.164754,4519.963438,7994.224174
1165.652622,740.205942,2911.162892,8660.409521
1165.652948,0.000000,-612.876398,9548.656652
1165.653273,-2368.659014,-612.876398,9474.636058
1165.653599,-3404.947333,919.314598,9548.656652
1165.653925,-1998.556043,306.438199,10807.006753
1165.654251,-740.205942,-2681.334243,10955.047942
1165.654577,-592.164754,-3447.429741,10066.800811
1165.654903,-296.082377,229.828649,9918.759623
1165.655229,1184.329507,1915.238745,9252.574275
1165.655555,518.144159,1072.533697,9104.533087
1165.655880,74.020594,-2221.676944,8882.471304
1165.656206,-296.082377,-612.876398,9844.739029
1165.656532,518.144159,2374.896044,9844.739029
1165.656858,1406.391290,1532.190996,10436.903782
1165.657184,2294.638420,-1762.019645,9326.594869
1165.657510,2516.700203,-3064.381992,7624.121203
1165.657836,2294.638420,76.609550,8956.491898
1165.658161,1554.432478,2528.115143,10584.944971
1165.658487,1258.350101,2221.676944,10214.842000
1165.658813,1258.350101,-2298.286494,7772.162391
1165.659139,0.000000,-3447.429741,7846.182985
1165.659465,-1554.432478,-1225.752797,9030.512492
1165.659791,-1184.329507,1991.848295,9548.656652
1165.660117,-666.185348,0.000000,9992.780217
1165.660443,0.000000,-2911.162892,9474.636058
1165.660768,962.267725,-1225.752797,9548.656652
1165.661094,2220.617826,2757.943793,9622.677246
1165.661420,1628.453072,4290.134789,10066.800811
1165.661746,222.061783,2145.067394,8438.347739
1165.662072,888.247130,-919.314598,8216.285956
1165.662398,592.164754,306.438199,9548.656652
1165.662724,-1776.494261,2834.553343,9252.574275
1165.663050,-2960.823768,1915.238745,8586.388927
1165.663375,-1776.494261,-1685.410096,8586.388927
1165.663701,-814.226536,-1225.752797,10807.006753
1165.664027,-592.164754,2298.286494,10658.965565
1165.664353,-740.205942,4443.353888,9622.677246
1165.664679,-370.102971,1455.581446,7846.182985
1165.665005,222.061783,-689.485948,8290.306550
1165.665331,-444.123565,2681.334243,9178.553681
1165.665657,-666.185348,4673.182538,8586.388927
1165.665982,-740.205942,2528.115143,8660.409521
1165.666308,666.185348,-1455.581446,8734.430116
1165.666634,666.185348,689.485948,10140.821405
1165.666960,1184.329507,4519.963438,10214.842000
1165.667286,444.123565,4903.011187,10066.800811
1165.667612,888.247130,76.609550,7920.203579
1165.667938,666.185348,-1915.238745,7920.203579
1165.668264,74.020594,995.924147,9104.533087
1165.668589,-1184.329507,4749.792088,10140.821405
1165.668915,-740.205942,2145.067394,9252.574275
1165.669241,148.041188,-1608.800546,9252.574275
1165.669567,-296.082377,-2834.553343,8068.244768
1165.669893,-222.061783,1302.362347,8290.306550
1165.670219,518.144159,3983.696590,10066.800811
1165.670545,592.164754,1608.800546,10584.944971
1165.670870,-1480.411884,-1685.410096,8586.388927
1165.671196,-1480.411884,-2528.115143,6809.894666
1165.671522,-1036.288319,0.000000,8364.327145
1165.671848,-1110.308913,919.314598,9918.759623
1165.672174,-1258.350101,306.438199,11843.295072
1165.672500,222.061783,-1149.143247,10881.027347
1165.672826,2220.617826,-1225.752797,9252.574275
1165.673152,2368.659014,76.609550,8660.409521
1165.673477,962.267725,1302.362347,8364.327145
1165.673803,888.247130,1762.019645,7772.162391
1165.674129,1332.370696,1302.362347,9844.739029
1165.674455,740.205942,0.000000,10955.047942
1165.674781,-1036.288319,-612.876398,8734.430116
1165.675107,-1702.473667,-383.047749,7846.182985
1165.675433,-222.061783,-306.438199,8290.306550
1165.675759,1036.288319,-995.924147,9474.636058
1165.676084,518.144159,229.828649,10510.924376
1165.676410,-1702.473667,383.047749,11547.212695
1165.676736,-1184.329507,-612.876398,9918.759623
1165.677062,296.082377,-1378.971896,9474.636058
1165.677388,0.000000,-995.924147,10140.821405
1165.677714,-1036.288319,0.000000,8660.409521
1165.678040,-1480.411884,995.924147,8734.430116
1165.678366,1332.370696,-766.095498,8808.450710
1165.678691,1406.391290,-995.924147,9918.759623
1165.679017,148.041188,1838.629195,8586.388927
1165.679343,0.000000,3983.696590,8734.430116
1165.679669,1036.288319,1915.238745,8512.368333
1165.679995,592.164754,-766.095498,8512.368333
1165.680321,-2072.576638,-612.876398,9548.656652
1165.680647,-2516.700203,1302.362347,8882.471304
1165.680973,-2368.659014,2145.067394,8586.388927
1165.681298,-518.144159,-1072.533697,8956.491898
1165.681624,-1110.308913,-2298.286494,9030.512492
1165.681950,-888.247130,1608.800546,9326.594869
1165.682276,1406.391290,4673.182538,11177.109724
1165.682602,2664.741391,2987.772442,10288.862594
1165.682928,1554.432478,-689.485948,6587.832884
1165.683254,0.000000,229.828649,7550.100608
1165.683579,222.061783,2911.162892,8882.471304
1165.683905,0.000000,4290.134789,9400.615463
1165.684231,1184.329507,76.609550,9844.739029
1165.684557,2294.638420,-1915.238745,9696.697840
1165.684883,2516.700203,1838.629195,9548.656652
1165.685209,3256.906145,5592.497135,10362.883188
1165.685535,2812.782580,4443.353888,10362.883188
1165.685861,1998.556043,229.828649,8882.471304
1165.686186,1628.453072,-842.705048,9252.574275
1165.686512,1702.473667,1685.410096,9474.636058
1165.686838,-740.205942,3677.258390,10140.821405
1165.687164,-3256.906145,536.266849,9770.718434
1165.687490,-1332.370696,-2987.772442,8734.430116
1165.687816,370.102971,-842.705048,10066.800811
1165.688142,-740.205942,1378.971896,9030.512492
1165.688468,-2368.659014,3370.820191,9252.574275
1165.688793,-1184.329507,612.876398,7402.059420
1165.689119,-370.102971,-1455.581446,8438.347739
1165.689445,-1628.453072,-306.438199,9844.739029
1165.689771,-2812.782580,2145.067394,9252.574275
1165.690097,-2368.659014,1532.190996,7920.203579
1165.690423,0.000000,-1608.800546,7920.203579
1165.690749,592.164754,-1455.581446,9548.656652
1165.691075,0.000000,2298.286494,9400.615463
1165.691400,888.247130,4136.915689,8882.471304
1165.691726,1258.350101,1608.800546,8882.471304
1165.692052,-296.082377,-1149.143247,8364.327145
1165.692378,-1258.350101,-842.705048,8438.347739
1165.692704,-2294.638420,1225.752797,9104.533087
1165.693030,-1406.391290,689.485948,9622.677246
1165.693356,-962.267725,-2451.505594,10658.965565
1165.693682,-370.102971,-3064.381992,9696.697840
1165.694007,-296.082377,995.924147,10140.821405
1165.694333,962.267725,2604.724693,9844.739029
1165.694659,1110.308913,229.828649,9252.574275
1165.694985,0.000000,-1225.752797,7698.141797
1165.695311,-666.185348,229.828649,9252.574275
1165.695637,-370.102971,2528.115143,11103.089130
1165.695963,-1184.329507,1225.752797,10436.903782
1165.696289,-1998.556043,-2298.286494,9400.615463
1165.696614,-444.123565,-3217.601092,9030.512492
1165.696940,1110.308913,689.485948,9844.739029
1165.697266,2072.576638,3753.867940,11103.089130
1165.697592,888.247130,2221.676944,11251.130318
1165.697918,-518.144159,-2298.286494,7550.100608
1165.698244,-1628.453072,-2451.505594,7105.977043
1165.698570,-1628.453072,229.828649,8364.327145
1165.698895,-1998.556043,2528.115143,9326.594869
1165.699221,-2368.659014,229.828649,8882.471304
1165.699547,518.144159,-4826.401637,7402.059420
1165.699873,1628.453072,-1762.019645,10214.842000
1165.700199,1998.556043,3447.429741,9548.656652
1165.700525,2072.576638,5592.497135,10066.800811
1165.700851,3627.009116,1302.362347,8216.285956
1165.701177,3701.029710,-1838.629195,8808.450710
1165.701502,2368.659014,1302.362347,9326.594869
1165.701828,1480.411884,4136.915689,8808.450710
1165.702154,-296.082377,2604.724693,9252.574275
1165.702480,1258.350101,-3217.601092,10214.842000
1165.702806,1998.556043,-2604.724693,11917.315666
1165.703132,1554.432478,2298.286494,10807.006753
1165.703458,0.000000,4673.182538,8956.491898
1165.703784,222.061783,536.266849,8512.368333
1165.704109,1554.432478,-2221.676944,7698.141797
1165.704435,518.144159,2298.286494,9844.739029
1165.704761,-592.164754,5056.230287,9770.718434
1165.705087,-1776.494261,3140.991542,9548.656652
1165.705413,-444.123565,-2374.896044,8808.450710
1165.705739,888.247130,-2451.505594,9252.574275
1165.706065,0.000000,2757.943793,9252.574275
1165.706391,222.061783,4673.182538,9844.739029
1165.706716,-296.082377,2374.896044,10955.047942
1165.707042,-296.082377,-2604.724693,8882.471304
1165.707368,-1628.453072,-919.314598,8438.347739
1165.707694,-2590.720797,3217.601092,9474.636058
1165.708020,-3034.844362,3217.601092,9696.697840
1165.708346,-2146.597232,383.047749,8290.306550
1165.708672,-814.226536,-2221.676944,7179.997637
1165.708998,-962.267725,76.609550,8808.450710
1165.709323,0.000000,4519.963438,8586.388927
1165.709649,74.020594,5745.716235,10288.862594
1165.709975,-666.185348,842.705048,8512.368333
1165.710301,-2072.576638,-1762.019645,7624.121203
1165.710627,-1702.473667,-306.438199,8660.409521
1165.710953,-2294.638420,919.314598,9178.553681
1165.711279,-5033.400406,76.609550,8808.450710
1165.711604,-3256.906145,-4290.134789,8290.306550
1165.711930,-814.226536,-3907.087040,11029.068536
1165.712256,-222.061783,229.828649,10955.047942
1165.712582,-888.247130,2911.162892,10658.965565
1165.712908,962.267725,842.705048,9104.533087
1165.713234,2516.700203,-1991.848295,7846.182985
1165.713560,2294.638420,459.657299,10066.800811
1165.713886,1184.329507,2757.943793,9696.697840
1165.714211,370.102971,1762.019645,8216.285956
1165.714537,2368.659014,-2604.724693,9474.636058
1165.714863,4589.276840,-2221.676944,11769.274478
1165.715189,3701.029710,2145.067394,11473.192101
1165.715515,1850.514855,3524.039291,9770.718434
1165.715841,2294.638420,-995.924147,9548.656652
1165.716167,2294.638420,-3600.648841,8364.327145
1165.716493,814.226536,-306.438199,9474.636058
1165.716818,0.000000,2987.772442,9104.533087
1165.717144,-370.102971,3064.381992,8216.285956
1165.717470,1036.288319,-1532.190996,9030.512492
1165.717796,1258.350101,-2298.286494,9844.739029
1165.718122,444.123565,1225.752797,8956.491898
1165.718448,-666.185348,3753.867940,8364.327145
1165.718774,0.000000,842.705048,8882.471304
1165.719100,148.041188,-2145.067394,8882.471304
1165.719425,-1480.411884,0.000000,8734.430116
1165.719751,-2368.659014,1532.190996,9178.553681
1165.720077,-2812.782580,1225.752797,9992.780217
1165.720403,-1850.514855,-1608.800546,9474.636058
1165.720729,0.000000,-1302.362347,9400.615463
1165.721055,1184.329507,2451.505594,9992.780217
1165.721381,2220.617826,4596.572988,9992.780217
1165.721707,2886.803174,4136.915689,9474.636058
1165.722032,4145.153275,689.485948,7846.182985
1165.722358,2886.803174,1378.971896,9178.553681
1165.722684,-222.061783,4596.572988,11029.068536
1165.723010,-740.205942,4213.525239,9548.656652
1165.723336,-1924.535449,612.876398,9178.553681
1165.723662,-1480.411884,-3830.477490,8068.244768
1165.723988,-1850.514855,-1225.752797,8290.306550
1165.724313,-1702.473667,2911.162892,8734.430116
1165.724639,-1998.556043,2987.772442,10436.903782
1165.724965,-2368.659014,612.876398,10288.862594
1165.725291,-3330.926739,-1225.752797,8586.388927
1165.725617,-2590.720797,-612.876398,7031.956449
1165.725943,-2368.659014,842.705048,5921.647536
1165.726269,-4811.338623,3294.210641,8438.347739
1165.726595,-2368.659014,0.000000,8290.306550
1165.726920,888.247130,-536.266849,9918.759623
1165.727246,962.267725,-229.828649,9992.780217
1165.727572,-1702.473667,1991.848295,10066.800811
1165.727898,-296.082377,3217.601092,8290.306550
1165.728224,2812.782580,1072.533697,9252.574275
1165.728550,2960.823768,-1072.533697,9622.677246
1165.728876,296.082377,-1072.533697,8290.306550
1165.729202,-740.205942,1762.019645,9992.780217
1165.729527,2368.659014,459.657299,10807.006753
1165.729853,3182.885551,0.000000,13471.748144
1165.730179,3627.009116,-995.924147,12435.459826
1165.730505,2886.803174,689.485948,9844.739029
1165.730831,3034.844362,3064.381992,9474.636058
1165.731157,3404.947333,536.266849,8438.347739
1165.731483,-518.144159,919.314598,7550.100608
1165.731809,-2368.659014,-153.219100,7328.038826
1165.732134,-2886.803174,153.219100,9400.615463
1165.732460,-3034.844362,-612.876398,9622.677246
1165.732786,-2664.741391,-3064.381992,9918.759623
1165.733112,-2812.782580,-3447.429741,10807.006753
1165.733438,-2442.679609,-1455.581446,9770.718434
1165.733764,-1036.288319,0.000000,9918.759623
1165.734090,518.144159,-2145.067394,8586.388927
1165.734416,-666.185348,-995.924147,8290.306550
1165.734741,222.061783,689.485948,8364.327145
1165.735067,2146.597232,3064.381992,10214.842000
1165.735393,2368.659014,3064.381992,9622.677246
1165.735719,2516.700203,0.000000,7624.121203
1165.736045,3108.864956,229.828649,7476.080014
1165.736371,3108.864956,3370.820191,9030.512492
1165.736697,1628.453072,5132.839837,10436.903782
1165.737022,888.247130,1762.019645,9400.615463
1165.737348,-148.041188,-1991.848295,8216.285956
1165.737674,-740.205942,-1915.238745,9252.574275
1165.738000,-2664.741391,1762.019645,10214.842000
1165.738326,-3552.988522,2528.115143,10510.924376
1165.738652,-2072.576638,-1532.190996,9400.615463
1165.738978,-1628.453072,-3907.087040,9918.759623
1165.739303,-1110.308913,-459.657299,10214.842000
1165.739629,-1036.288319,4060.306139,9844.739029
1165.739955,0.000000,3140.991542,8808.450710
1165.740281,1184.329507,-995.924147,7920.203579
1165.740607,296.082377,-766.095498,8216.285956
1165.740933,-962.267725,4060.306139,8882.471304
1165.741259,-666.185348,5822.325785,9326.594869
1165.741584,444.123565,612.876398,9252.574275
1165.741910,2886.803174,-2834.553343,9474.636058
1165.742236,3256.906145,306.438199,10140.821405
1165.742562,1332.370696,5515.887586,9992.780217
1165.742888,1110.308913,4136.915689,9252.574275
1165.743214,2072.576638,-612.876398,8068.244768
1165.743540,740.205942,-1532.190996,7994.224174
1165.743865,-222.061783,2604.724693,6957.935855
1165.744191,-592.164754,5056.230287,7698.141797
1165.744517,-962.267725,1762.019645,8956.491898
1165.744843,-444.123565,-1991.848295,8438.347739
1165.745169,1332.370696,-229.828649,9474.636058
1165.745495,1554.432478,4290.134789,9104.533087
1165.745821,740.205942,5669.106685,10807.006753
1165.746147,-592.164754,919.314598,9474.636058
1165.746472,-2442.679609,-3524.039291,8512.368333
1165.746798,-2738.761985,-3140.991542,10658.965565
1165.747124,-2146.597232,-766.095498,11843.295072
1165.747450,-2664.741391,1532.190996,10732.986159
1165.747776,-2442.679609,-1378.971896,9252.574275
1165.748102,-1406.391290,-2834.553343,11473.192101
1165.748428,-296.082377,229.828649,11843.295072
1165.748753,296.082377,2528.115143,9178.553681
1165.749079,222.061783,1532.190996,7698.141797
1165.749405,444.123565,-383.047749,5773.606348
1165.749731,-370.102971,2681.334243,8142.265362
1165.750057,-222.061783,3064.381992,9844.739029
1165.750383,-2294.638420,383.047749,9622.677246
1165.750709,-2812.782580,-3753.867940,6957.935855
1165.751034,-148.041188,-4213.525239,8660.409521
1165.751360,1184.329507,229.828649,10362.883188
1165.751686,444.123565,3830.477490,9474.636058
1165.752012,-666.185348,1378.971896,10066.800811
1165.752338,1036.288319,-3830.477490,6291.750507
1165.752664,814.226536,-2451.505594,6809.894666
1165.752990,1406.391290,2374.896044,7772.162391
1165.753315,0.000000,4826.401637,11103.089130
1165.753641,444.123565,1455.581446,10066.800811
1165.753967,2664.741391,-3294.210641,10362.883188
1165.754293,2812.782580,-1302.362347,9030.512492
1165.754619,1036.288319,3370.820191,8068.244768
1165.754945,222.061783,4519.963438,9992.780217
1165.755271,2220.617826,-536.266849,9770.718434
1165.755596,-518.144159,-2834.553343,10584.944971
1165.755922,-1776.494261,-1149.143247,10732.986159
1165.756248,-1036.288319,2221.676944,11029.068536
1165.756574,222.061783,0.000000,9622.677246
1165.756900,814.226536,-3294.210641,10288.862594
1165.757226,1110.308913,-1149.143247,11917.315666
1165.757552,2220.617826,3677.258390,11769.274478
1165.757877,2368.659014,4596.572988,9992.780217
1165.758203,2368.659014,0.000000,8512.368333
1165.758529,0.000000,-1455.581446,8586.388927
1165.758855,-1480.411884,2681.334243,7402.059420
1165.759181,-1036.288319,5056.230287,8512.368333
1165.759507,-1258.350101,306.438199,8438.347739
1165.759833,-2294.638420,-3830.477490,6439.791695
1165.760158,-1184.329507,-995.924147,7254.018232
1165.760484,370.102971,4366.744339,8956.491898
1165.760810,370.102971,5822.325785,9178.553681
1165.761136,0.000000,1838.629195,8438.347739
1165.761462,444.123565,-689.485948,6661.853478
1165.761788,1184.329507,1532.190996,6143.709319
1165.762114,592.164754,5132.839837,7994.224174
1165.762439,-370.102971,5286.058936,9104.533087
1165.762765,-1480.411884,1225.752797,7920.203579
1165.763091,148.041188,-1608.800546,8142.265362
1165.763417,444.123565,842.705048,9918.759623
1165.763743,-1850.514855,3447.429741,11325.150913
1165.764069,-2368.659014,2298.286494,10658.965565
1165.764395,-1924.535449,-2987.772442,9252.574275
1165.764720,-1628.453072,-3217.601092,10658.965565
1165.765046,-1998.556043,0.000000,11547.212695
1165.765372,-2072.576638,3294.210641,10436.903782
1165.765698,-592.164754,1762.019645,9622.677246
1165.766024,1628.453072,-1838.629195,10955.047942
1165.766350,2812.782580,1685.410096,11621.233289
1165.766676,1924.535449,5132.839837,9400.615463
1165.767001,518.144159,4366.744339,8364.327145
1165.767327,0.000000,-1225.752797,7994.224174
1165.767653,-1702.473667,-3217.601092,7476.080014
1165.767979,-3330.926739,-612.876398,8512.368333
1165.768305,-3923.091493,459.657299,9178.553681
1165.768631,-3627.009116,-2221.676944,10066.800811
1165.768957,-962.267725,-6128.763984,9178.553681
1165.769283,-296.082377,-3753.867940,9992.780217
1165.769608,370.102971,1532.190996,8512.368333
1165.769934,1998.556043,3983.696590,8956.491898
1165.770260,4515.256246,536.266849,8438.347739
1165.770586,3256.906145,-766.095498,7105.977043
1165.770912,1406.391290,1302.362347,7179.997637
1165.771238,2886.803174,2298.286494,8364.327145
1165.771564,1850.514855,1532.190996,9474.636058
1165.771889,1036.288319,-2298.286494,9474.636058
1165.772215,148.041188,-3064.381992,10807.006753
1165.772541,740.205942,-306.438199,11325.150913
1165.772867,296.082377,766.095498,11843.295072
1165.773193,-370.102971,-1532.190996,10881.027347
1165.773519,-962.267725,-2757.943793,9326.594869
1165.773845,-444.123565,-995.924147,9474.636058
1165.774170,666.185348,1149.143247,9918.759623
1165.774496,-592.164754,2068.457845,10510.924376
1165.774822,-1258.350101,153.219100,8586.388927
1165.775148,370.102971,76.609550,8586.388927
1165.775474,1998.556043,766.095498,9252.574275
1165.775800,814.226536,2451.505594,9992.780217
1165.776126,-592.164754,2681.334243,9696.697840
1165.776451,-740.205942,76.609550,8882.471304
1165.776777,-1110.308913,-1072.533697,9474.636058
1165.777103,-1554.432478,0.000000,9622.677246
1165.777429,-2516.700203,1378.971896,9400.615463
1165.777755,-2220.617826,76.609550,8142.265362
1165.778081,-296.082377,-383.047749,9030.512492
1165.778407,1776.494261,1302.362347,10066.800811
1165.778732,814.226536,4979.620737,8512.368333
1165.779058,148.041188,5132.839837,6143.709319
1165.779384,1924.535449,2451.505594,5699.585753
1165.779710,2072.576638,995.924147,6291.750507
1165.780036,444.123565,3600.648841,8438.347739
1165.780362,-1110.308913,4903.011187,9252.574275
1165.780688,-1184.329507,2221.676944,8956.491898
1165.781013,-222.061783,-1991.848295,8808.450710
1165.781339,296.082377,-2374.896044,10436.903782
1165.781665,-370.102971,2068.457845,10955.047942
1165.781991,0.000000,4290.134789,11547.212695
1165.782317,1776.494261,-306.438199,10658.965565
1165.782643,1406.391290,-2374.896044,9030.512492
1165.782969,-740.205942,842.705048,8512.368333
1165.783294,-1036.288319,4903.011187,10436.903782
1165.783620,0.000000,3447.429741,10362.883188
1165.783946,-444.123565,-1915.238745,9918.759623
1165.784272,-666.185348,-2987.772442,9844.739029
1165.784598,296.082377,1685.410096,10436.903782
1165.784924,-444.123565,5515.887586,10881.027347
1165.785250,-888.247130,995.924147,9770.718434
1165.785575,-1628.453072,-3447.429741,8438.347739
1165.785901,-1332.370696,-2604.724693,7476.080014
1165.786227,-666.185348,1608.800546,8808.450710
1165.786553,-1258.350101,3753.867940,9252.574275
1165.786879,-888.247130,-689.485948,8512.368333
1165.787205,888.247130,-2604.724693,8068.244768
1165.787531,2590.720797,-459.657299,8882.471304
1165.787856,1776.494261,3983.696590,9696.697840
1165.788182,1110.308913,3983.696590,9178.553681
1165.788508,2220.617826,-306.438199,8142.265362
1165.788834,1628.453072,-2681.334243,8438.347739
1165.789160,0.000000,0.000000,7698.141797
1165.789486,-1184.329507,3140.991542,8586.388927
1165.789812,-1258.350101,76.609550,8734.430116
1165.790137,-296.082377,-2604.724693,10807.006753
1165.790463,740.205942,-1762.019645,13101.645173
1165.790789,-370.102971,383.047749,11399.171507
1165.791115,-2146.597232,0.000000,9030.512492
1165.791441,-370.102971,-3447.429741,7402.059420
1165.791767,-518.144159,-3907.087040,9104.533087
1165.792093,-1406.391290,919.314598,10807.006753
1165.792419,-1702.473667,3370.820191,11177.109724
1165.792744,-444.123565,76.609550,9474.636058
1165.793070,518.144159,-4290.134789,7920.203579
1165.793396,1850.514855,-1838.629195,8068.244768
1165.793722,2072.576638,4749.792088,9696.697840
1165.794048,2220.617826,6741.640382,10140.821405
1165.794374,2812.782580,306.438199,9252.574275
1165.794700,1406.391290,-2681.334243,8512.368333
1165.795025,-222.061783,383.047749,7920.203579
1165.795351,-962.267725,4213.525239,9030.512492
1165.795677,74.020594,1378.971896,10362.883188
1165.796003,-740.205942,-2221.676944,9474.636058
1165.796329,-888.247130,-1991.848295,9252.574275
1165.796655,0.000000,1072.533697,8142.265362
1165.796981,-666.185348,4136.915689,8956.491898
1165.797306,-296.082377,2298.286494,8734.430116
1165.797632,444.123565,229.828649,9622.677246
1165.797958,888.247130,536.266849,8216.285956
1165.798284,666.185348,1685.410096,7698.141797
1165.798610,222.061783,2451.505594,9178.553681
1165.798936,0.000000,1072.533697,9474.636058
1165.799262,888.247130,919.314598,10732.986159
1165.799587,3108.864956,459.657299,11325.150913
1165.799913,2146.597232,1225.752797,11029.068536
1165.800239,296.082377,1072.533697,9326.594869
1165.800565,0.000000,919.314598,9474.636058
1165.800891,-148.041188,1685.410096,9252.574275
1165.801217,888.247130,536.266849,8438.347739
1165.801543,-814.226536,2298.286494,8216.285956
1165.801868,-1258.350101,2298.286494,8290.306550
1165.802194,-1332.370696,1838.629195,8956.491898
1165.802520,444.123565,1378.971896,9918.759623
1165.802846,-1184.329507,1915.238745,10807.006753
1165.803172,-3256.906145,612.876398,6513.812290
1165.803498,-2812.782580,-766.095498,5181.441594
1165.803824,-1554.432478,-1685.410096,8882.471304
1165.804149,-3701.029710,229.828649,10807.006753
1165.804475,-4811.338623,1762.019645,9992.780217
1165.804801,-2442.679609,-1302.362347,7920.203579
1165.805127,-1036.288319,-3753.867940,6661.853478
1165.805453,1406.391290,-383.047749,9326.594869
1165.805779,1998.556043,4213.525239,11473.192101
1165.806105,2146.597232,5209.449386,10066.800811
1165.806430,3478.967927,536.266849,10140.821405
1165.806756,2886.803174,-2834.553343,9474.636058
1165.807082,592.164754,-229.828649,9252.574275
1165.807408,-666.185348,2145.067394,9474.636058
1165.807734,222.061783,0.000000,11103.089130
1165.808060,666.185348,-3753.867940,11251.130318
1165.808386,0.000000,-3370.820191,9548.656652
1165.808711,0.000000,229.828649,9770.718434
1165.809037,-518.144159,2145.067394,9622.677246
1165.809363,-1110.308913,-995.924147,8956.491898
1165.809689,0.000000,-2911.162892,9104.533087
1165.810015,-296.082377,-459.657299,8438.347739
1165.810341,-1036.288319,2987.772442,8586.388927
1165.810667,0.000000,919.314598,7920.203579
1165.810992,-222.061783,-2528.115143,7846.182985
1165.811318,-296.082377,-2451.505594,8364.327145
1165.811644,1110.308913,1608.800546,9844.739029
1165.811970,1480.411884,4443.353888,10140.821405
1165.812296,814.226536,995.924147,10066.800811
1165.812622,222.061783,-2451.505594,8586.388927
1165.812948,592.164754,-919.314598,8734.430116
1165.813274,0.000000,2451.505594,9030.512492
1165.813599,-296.082377,3370.820191,8660.409521
1165.813925,370.102971,766.095498,8734.430116
1165.814251,1924.535449,0.000000,8364.327145
1165.814577,2516.700203,2221.676944,9918.759623
1165.814903,1110.308913,5515.887586,10658.965565
1165.815229,-222.061783,4290.134789,8956.491898
1165.815555,962.267725,153.219100,7698.141797
1165.815880,1776.494261,-1072.533697,8734.430116
1165.816206,-888.247130,1991.848295,10362.883188
1165.816532,-3775.050304,3600.648841,9992.780217
1165.816858,-2664.741391,0.000000,8586.388927
1165.817184,370.102971,-2987.772442,9844.739029
1165.817510,740.205942,0.000000,10881.027347
1165.817836,370.102971,5362.668486,10362.883188
1165.818161,1184.329507,6052.154434,9252.574275
1165.818487,1628.453072,919.314598,9326.594869
1165.818813,1554.432478,-1225.752797,7328.038826
1165.819139,0.000000,2834.553343,7105.977043
1165.819465,-1924.535449,5209.449386,7550.100608
1165.819791,-1702.473667,2298.286494,8216.285956
1165.820117,-1036.288319,-2451.505594,9178.553681
1165.820442,-666.185348,-2451.505594,8216.285956
1165.820768,-1406.391290,1991.848295,8734.430116
1165.821094,-1258.350101,3370.820191,8660.409521
1165.821420,-666.185348,612.876398,7698.141797
1165.821746,-370.102971,-2911.162892,7698.141797
1165.822072,-1702.473667,-1608.800546,9474.636058
1165.822398,-1702.473667,2757.943793,9474.636058
1165.822723,666.185348,2987.772442,10584.944971
1165.823049,1480.411884,-1225.752797,11695.253884
1165.823375,1406.391290,-2911.162892,10288.862594
1165.823701,1258.350101,-536.266849,9548.656652
1165.824027,1110.308913,2145.067394,10140.821405
1165.824353,1036.288319,1455.581446,10140.821405
1165.824679,222.061783,-2221.676944,9104.533087
1165.825004,-814.226536,-2451.505594,10436.903782
1165.825330,-2368.659014,-536.266849,11177.109724
1165.825656,-2442.679609,229.828649,9992.780217
1165.825982,-1776.494261,-1378.971896,10214.842000
1165.826308,-740.205942,-3983.696590,8438.347739
1165.826634,518.144159,-995.924147,9474.636058
1165.826960,666.185348,2987.772442,10807.006753
1165.827285,-444.123565,2451.505594,9400.615463
1165.827611,-222.061783,-1072.533697,6291.750507
1165.827937,518.144159,-1991.848295,6957.935855
1165.828263,-518.144159,1608.800546,9104.533087
1165.828589,-1628.453072,2604.724693,8734.430116
1165.828915,-1480.411884,0.000000,8660.409521
1165.829241,518.144159,-5745.716235,7328.038826
1165.829566,222.061783,-3064.381992,7846.182985
1165.829892,-518.144159,3294.210641,10140.821405
1165.830218,148.041188,5132.839837,10955.047942
1165.830544,1480.411884,153.219100,8882.471304
1165.830870,2220.617826,-4060.306139,8142.265362
1165.831196,1332.370696,229.828649,8290.306550
1165.831522,592.164754,5975.544884,8364.327145
1165.831847,2812.782580,3830.477490,10955.047942
1165.832173,4145.153275,-2451.505594,11177.109724
1165.832499,962.267725,-2374.896044,11473.192101
1165.832825,370.102971,2451.505594,10584.944971
1165.833151,1036.288319,5056.230287,10066.800811
1165.833477,1332.370696,1225.752797,10362.883188
1165.833803,-148.041188,-3064.381992,9622.677246
1165.834128,-2368.659014,0.000000,9252.574275
1165.834454,-2220.617826,2911.162892,8290.306550
1165.834780,-1480.411884,1762.019645,9918.759623
1165.835106,-1998.556043,-1532.190996,9770.718434
1165.835432,-1110.308913,-1608.800546,9474.636058
1165.835758,666.185348,3140.991542,9474.636058
1165.836084,2368.659014,5132.839837,9104.533087
1165.836410,1628.453072,3983.696590,7994.224174
1165.836735,888.247130,2374.896044,5033.400406
1165.837061,1036.288319,3370.820191,5033.400406
1165.837387,888.247130,5056.230287,6957.935855
1165.837713,-1036.288319,4749.792088,8660.409521
1165.838039,-666.185348,1455.581446,9400.615463
1165.838365,370.102971,-306.438199,8438.347739
1165.838691,1110.308913,536.266849,9474.636058
1165.839016,888.247130,2528.115143,11399.171507
1165.839342,0.000000,3753.867940,10066.800811
1165.839668,0.000000,1225.752797,8068.244768
1165.839994,-444.123565,-1072.533697,9104.533087
1165.840320,-1628.453072,1225.752797,9326.594869
1165.840646,-3108.864956,4136.915689,7994.224174
1165.840972,-3182.885551,2451.505594,8586.388927
1165.841297,-3627.009116,-2451.505594,9474.636058
1165.841623,-3627.009116,-3294.210641,10658.965565
1165.841949,-3923.091493,-612.876398,11843.295072
1165.842275,-3701.029710,689.485948,11843.295072
1165.842601,-3034.844362,-3064.381992,9770.718434
1165.842927,-1628.453072,-6128.763984,9252.574275
1165.843253,-1628.453072,-2987.772442,10807.006753
1165.843578,-1924.535449,1608.800546,10510.924376
1165.843904,148.041188,1455.581446,9918.759623
1165.844230,3849.070898,-2451.505594,9474.636058
1165.844556,4293.194464,-1762.019645,8364.327145
1165.844882,5033.400406,3064.381992,8734.430116
1165.845208,6143.709319,5515.887586,9104.533087
1165.845534,5329.482782,2298.286494,8882.471304
1165.845859,3701.029710,-2221.676944,7624.121203
1165.846185,1998.556043,-1378.971896,7624.121203
1165.846511,888.247130,2374.896044,8438.347739
1165.846837,-148.041188,1685.410096,9474.636058
1165.847163,-296.082377,-4060.306139,10066.800811
1165.847489,-592.164754,-6128.763984,9622.677246
1165.847815,-1110.308913,-2221.676944,10510.924376
1165.848140,-518.144159,1072.533697,10881.027347
1165.848466,-370.102971,536.266849,10732.986159
1165.848792,-2146.597232,-2834.553343,8512.368333
1165.849118,-2590.720797,-2911.162892,7994.224174
1165.849444,-1702.473667,-306.438199,8364.327145
1165.849770,-1776.494261,1532.190996,9178.553681
1165.850096,-1628.453072,536.266849,11029.068536
1165.850421,-518.144159,-153.219100,9770.718434
1165.850747,1702.473667,612.876398,10436.903782
1165.851073,2294.638420,1532.190996,11177.109724
1165.851399,518.144159,2451.505594,9696.697840
1165.851725,0.000000,2374.896044,8808.450710
1165.852051,592.164754,1762.019645,9622.677246
1165.852377,592.164754,1455.581446,9770.718434
1165.852702,-1924.535449,1915.238745,8290.306550
1165.853028,-2590.720797,1225.752797,6587.832884
1165.853354,-444.123565,383.047749,6957.935855
1165.853680,1332.370696,2757.943793,9474.636058
1165.854006,1554.432478,5209.449386,10436.903782
1165.854332,518.144159,5669.106685,8438.347739
1165.854658,-814.226536,2145.067394,6217.729913
1165.854983,0.000000,-153.219100,6587.832884
1165.855309,888.247130,2374.896044,8290.306550
1165.855635,-1850.514855,5898.935335,11473.192101
1165.855961,-1998.556043,2681.334243,9178.553681
1165.856287,-666.185348,-2834.553343,7476.080014
1165.856613,74.020594,-2987.772442,9992.780217
1165.856939,-666.185348,2145.067394,11029.068536
1165.857264,148.041188,6281.983084,8956.491898
1165.857590,3256.906145,2298.286494,9622.677246
1165.857916,2960.823768,-2145.067394,10140.821405
1165.858242,370.102971,995.924147,9252.574275
1165.858568,0.000000,3677.258390,8290.306550
1165.858894,1110.308913,3064.381992,9030.512492
1165.859220,1258.350101,-1838.629195,9474.636058
1165.859545,1036.288319,-1991.848295,10436.903782
1165.859871,1332.370696,1532.190996,9992.780217
1165.860197,666.185348,2451.505594,10436.903782
1165.860523,222.061783,-842.705048,10362.883188
1165.860849,-296.082377,-3600.648841,7994.224174
1165.861175,-592.164754,-842.705048,7476.080014
1165.861501,-888.247130,1378.971896,9992.780217
1165.861826,-2516.700203,229.828649,10584.944971
1165.862152,-1924.535449,-2528.115143,9326.594869
1165.862478,-1184.329507,-3064.381992,8364.327145
1165.862804,-370.102971,-229.828649,7846.182985
1165.863130,1850.514855,1991.848295,8808.450710
1165.863456,1332.370696,2145.067394,10510.924376
1165.863782,-148.041188,-459.657299,9326.594869
1165.864107,-518.144159,-1532.190996,8068.244768
1165.864433,0.000000,-766.095498,9548.656652
1165.864759,-1406.391290,306.438199,9696.697840
1165.865085,-2516.700203,-919.314598,8438.347739
1165.865411,-2220.617826,-3294.210641,8956.491898
1165.865737,-518.144159,-2451.505594,10807.006753
1165.866063,888.247130,766.095498,11473.192101
1165.866388,0.000000,2298.286494,10066.800811
1165.866714,-370.102971,153.219100,7772.162391
1165.867040,0.000000,-995.924147,8586.388927
1165.867366,74.020594,1072.533697,10066.800811
1165.867692,-1480.411884,3370.820191,9992.780217
1165.868018,-2886.803174,1302.362347,9030.512492
1165.868344,-1924.535449,-2987.772442,6735.874072
1165.868669,-740.205942,-2145.067394,9548.656652
1165.868995,0.000000,2374.896044,10732.986159
1165.869321,-518.144159,4903.011187,10584.944971
1165.869647,74.020594,1455.581446,8216.285956
1165.869973,0.000000,-1838.629195,6883.915261
1165.870299,444.123565,76.609550,7254.018232
1165.870625,0.000000,4826.401637,7994.224174
1165.870950,518.144159,4749.792088,8364.327145
1165.871276,3478.967927,76.609550,9030.512492
1165.871602,4071.132681,459.657299,8734.430116
1165.871928,4293.194464,3600.648841,7846.182985
1165.872254,3404.947333,5898.935335,9252.574275
1165.872580,3256.906145,3370.820191,10214.842000
1165.872906,2886.803174,-1378.971896,10140.821405
1165.873231,1776.494261,-1915.238745,8438.347739
1165.873557,296.082377,-306.438199,8956.491898
1165.873883,-1184.329507,1991.848295,10436.903782
1165.874209,-1184.329507,536.266849,11325.150913
1165.874535,-444.123565,-2451.505594,10732.986159
1165.874861,0.000000,-1608.800546,11029.068536
1165.875187,-740.205942,2068.457845,10732.986159
1165.875512,-666.185348,3294.210641,9992.780217
1165.875838,-2220.617826,0.000000,8586.388927
1165.876164,-3627.009116,-3294.210641,8808.450710
1165.876490,-3775.050304,-2757.943793,9474.636058
1165.876816,-4293.194464,229.828649,9770.718434
1165.877142,-5847.626942,-459.657299,8956.491898
1165.877468,-4441.235652,-4213.525239,8216.285956
1165.877793,-1702.473667,-3217.601092,9548.656652
1165.878119,0.000000,383.047749,9844.739029
1165.878445,666.185348,3983.696590,8808.450710
1165.878771,1406.391290,3370.820191,7772.162391
1165.879097,2146.597232,612.876398,7550.100608
1165.879423,2146.597232,689.485948,7698.141797
1165.879749,888.247130,3753.867940,8216.285956
1165.880074,-2072.576638,2834.553343,9622.677246
1165.880400,-2886.803174,-1532.190996,9252.574275
1165.880726,-2294.638420,-5515.887586,8808.450710
1165.881052,-2886.803174,-4136.915689,9992.780217
1165.881378,-5033.400406,-842.705048,9992.780217
1165.881704,-5773.606348,612.876398,10436.903782
1165.882030,-5033.400406,-2681.334243,10140.821405
1165.882355,-4663.297435,-5362.668486,9474.636058
1165.882681,-6291.750507,-3447.429741,8660.409521
1165.883007,-6513.812290,-612.876398,8660.409521
1165.883333,-5033.400406,-229.828649,9622.677246
1165.883659,-3701.029710,-3140.991542,8808.450710
1165.883985,-3478.967927,-5362.668486,8808.450710
1165.884311,-2812.782580,-2451.505594,9474.636058
1165.884636,0.000000,459.657299,9770.718434
1165.884962,666.185348,995.924147,10658.965565
1165.885288,888.247130,-1685.410096,9992.780217
1165.885614,962.267725,-2604.724693,8808.450710
1165.885940,2590.720797,-2221.676944,8882.471304
1165.886266,2886.803174,-1149.143247,9474.636058
1165.886592,1110.308913,-536.266849,10214.842000
1165.886917,1554.432478,-1915.238745,10140.821405
1165.887243,3256.906145,-1915.238745,10955.047942
1165.887569,2886.803174,-1608.800546,9622.677246
1165.887895,814.226536,-1532.190996,7402.059420
1165.888221,0.000000,0.000000,7105.977043
1165.888547,444.123565,1838.629195,8882.471304
1165.888873,-1110.308913,919.314598,9844.739029
1165.889198,-4885.359217,-2145.067394,8438.347739
1165.889524,-8216.285956,-6205.373534,7179.997637
1165.889850,-9104.533087,-8044.002729,7772.162391
1165.890176,-9252.574275,-5286.058936,10807.006753
1165.890502,-8364.327145,-4903.011187,11769.274478
1165.890828,-7920.203579,-6281.983084,11325.150913
1165.891154,-5995.668130,-6205.373534,9844.739029
1165.891479,-3627.009116,-3983.696590,9918.759623
1165.891805,-1480.411884,0.000000,9918.759623
1165.892131,814.226536,4136.915689,9770.718434
1165.892457,3108.864956,5056.230287,11029.068536
1165.892783,3775.050304,3294.210641,9548.656652
1165.893109,666.185348,1685.410096,7476.080014
1165.893435,-814.226536,76.609550,6513.812290
1165.893760,-1554.432478,-1302.362347,7772.162391
1165.894086,-2072.576638,-383.047749,9474.636058
1165.894412,-2368.659014,-612.876398,11473.192101
1165.894738,-3034.844362,-1378.971896,11103.089130
1165.895064,-4071.132681,-2528.115143,8734.430116
1165.895390,-3108.864956,-1762.019645,8438.347739
1165.895716,-740.205942,766.095498,8216.285956
1165.896041,-888.247130,4290.134789,8068.244768
1165.896367,-592.164754,4596.572988,7846.182985
1165.896693,148.041188,1838.629195,6439.791695
1165.897019,-1258.350101,0.000000,6217.729913
1165.897345,-4219.173869,383.047749,5995.668130
1165.897671,-5773.606348,153.219100,6809.894666
1165.897997,-5921.647536,-2911.162892,8068.244768
1165.898322,-4737.318029,-7124.688131,11029.068536
1165.898648,-4589.276840,-6894.859482,12435.459826
1165.898974,-5033.400406,-3830.477490,12065.356855
1165.899300,-3256.906145,-1685.410096,11621.233289
1165.899626,1184.329507,-919.314598,11917.315666
1165.899952,2738.761985,612.876398,11029.068536
1165.900278,1924.535449,2221.676944,9622.677246
1165.900603,1776.494261,2681.334243,7698.141797
1165.900929,1628.453072,1762.019645,5995.668130
1165.901255,0.000000,995.924147,6291.750507
1165.901581,-2146.597232,76.609550,6513.812290
1165.901907,-2368.659014,-1378.971896,7624.121203
1165.902233,-2738.761985,-4749.792088,10658.965565
1165.902559,-3997.112087,-7431.126331,12805.562797
1165.902884,-4441.235652,-6971.469032,13619.789333
1165.903210,-3108.864956,-7048.078582,12731.542202
1165.903536,-740.205942,-6435.202183,12287.418637
1165.903862,-74.020594,-5669.106685,12287.418637
1165.904188,-444.123565,-2451.505594,11325.150913
1165.904514,1332.370696,1225.752797,8734.430116
1165.904840,2590.720797,1685.410096,7254.018232
1165.905165,1258.350101,689.485948,6217.729913
1165.905491,-1332.370696,1762.019645,5033.400406
1165.905817,-2886.803174,1378.971896,5773.606348
1165.906143,-5403.503377,-1685.410096,6809.894666
1165.906469,-9326.594869,-6128.763984,7550.100608
1165.906795,-11991.336260,-9576.193725,8290.306550
1165.907121,-11843.295072,-9806.022374,10658.965565
1165.907446,-9770.718434,-9346.365076,11991.336260
1165.907772,-7105.977043,-9806.022374,14211.954086
1165.908098,-4885.359217,-8886.707777,13989.892304
1165.908424,-2664.741391,-4903.011187,12139.377449
1165.908750,2146.597232,306.438199,10658.965565
1165.909076,5625.565159,2298.286494,9918.759623
1165.909402,5625.565159,4136.915689,8956.491898
1165.909727,6217.729913,5515.887586,7328.038826
1165.910053,5551.544565,6052.154434,7179.997637
1165.910379,3775.050304,4903.011187,7179.997637
1165.910705,1332.370696,3064.381992,8290.306550
1165.911031,-2146.597232,1378.971896,9252.574275
1165.911357,-5107.421000,153.219100,9696.697840
1165.911683,-7179.997637,-2604.724693,9844.739029
1165.912008,-9252.574275,-5209.449386,9400.615463
1165.912334,-11029.068536,-5898.935335,7476.080014
1165.912660,-10510.924376,-4596.572988,6957.935855
1165.912986,-7920.203579,-3064.381992,7920.203579
1165.913312,-5847.626942,-1991.848295,8808.450710
1165.913638,-3997.112087,-1225.752797,8068.244768
1165.913964,-1258.350101,-153.219100,8438.347739
1165.914289,888.247130,1455.581446,8586.388927
1165.914615,2442.679609,3140.991542,9474.636058
1165.914941,5255.462188,3677.258390,10288.862594
1165.915267,6883.915261,4519.963438,10807.006753
1165.915593,6069.688724,4903.011187,11325.150913
1165.915919,3552.988522,3830.477490,10584.944971
1165.916245,2072.576638,2374.896044,9474.636058
1165.916570,1036.288319,229.828649,9622.677246
1165.916896,-1258.350101,-1378.971896,9474.636058
1165.917222,-4071.132681,-2374.896044,9252.574275
1165.917548,-5551.544565,-3217.601092,8808.450710
1165.917874,-5921.647536,-4979.620737,8364.327145
1165.918200,-4663.297435,-6588.421283,8438.347739
1165.918526,-4367.215058,-4673.182538,9252.574275
1165.918851,-3775.050304,-1762.019645,10214.842000
1165.919177,-1480.411884,-459.657299,10510.924376
1165.919503,1776.494261,-612.876398,11473.192101
1165.919829,2664.741391,76.609550,10510.924376
1165.920155,1702.473667,1685.410096,8512.368333
1165.920481,1998.556043,2451.505594,7402.059420
1165.920807,1850.514855,842.705048,7476.080014
1165.921132,370.102971,689.485948,8586.388927
1165.921458,-2738.761985,-612.876398,8142.265362
1165.921784,-5699.585753,-1915.238745,7476.080014
1165.922110,-7846.182985,-4366.744339,7772.162391
1165.922436,-8290.306550,-6894.859482,9548.656652
1165.922762,-9400.615463,-7354.516781,10362.883188
1165.923088,-11177.109724,-8503.660028,10140.821405
1165.923413,-10955.047942,-8503.660028,10140.821405
1165.923739,-7624.121203,-8810.098227,10955.047942
1165.924065,-5847.626942,-6281.983084,10955.047942
1165.924391,-4737.318029,-2987.772442,9992.780217
1165.924717,-2294.638420,-1685.410096,9696.697840
1165.925043,1406.391290,-1532.190996,9844.739029
1165.925369,1776.494261,-536.266849,9474.636058
1165.925694,1332.370696,1072.533697,8290.306550
1165.926020,1850.514855,995.924147,8438.347739
1165.926346,962.267725,-1225.752797,8808.450710
1165.926672,592.164754,-2681.334243,10066.800811
1165.926998,0.000000,-2528.115143,11547.212695
1165.927324,-148.041188,-1915.238745,11103.089130
1165.927650,-518.144159,-2145.067394,10881.027347
1165.927975,296.082377,-2757.943793,11251.130318
1165.928301,0.000000,-2451.505594,10436.903782
1165.928627,-740.205942,-842.705048,9030.512492
1165.928953,74.020594,0.000000,9030.512492
1165.929279,518.144159,76.609550,9474.636058
1165.929605,148.041188,1072.533697,7105.977043
1165.929931,370.102971,2374.896044,7105.977043
1165.930256,592.164754,2681.334243,7550.100608
1165.930582,518.144159,1608.800546,6661.853478
1165.930908,592.164754,1838.629195,6735.874072
1165.931234,1258.350101,2757.943793,7846.182985
1165.931560,0.000000,3677.258390,8216.285956
1165.931886,-740.205942,3370.820191,8882.471304
1165.932212,74.020594,1149.143247,9474.636058
1165.932537,74.020594,919.314598,9844.739029
1165.932863,-666.185348,1225.752797,11251.130318
1165.933189,-1776.494261,1762.019645,11177.109724
1165.933515,-2368.659014,383.047749,11325.150913
1165.933841,-3404.947333,-1302.362347,10955.047942
1165.934167,-4219.173869,-306.438199,9548.656652
1165.934493,-4737.318029,1685.410096,9030.512492
1165.934818,-5847.626942,2298.286494,8956.491898
1165.935144,-5773.606348,842.705048,8216.285956
1165.935470,-4885.359217,0.000000,7698.141797
1165.935796,-5255.462188,0.000000,7328.038826
1165.936122,-6439.791695,459.657299,7105.977043
1165.936448,-6143.709319,-383.047749,7105.977043
1165.936774,-4885.359217,-2451.505594,7254.018232
1165.937099,-4441.235652,-3830.477490,8216.285956
1165.937425,-4811.338623,-3217.601092,9400.615463
1165.937751,-4663.297435,-3140.991542,9400.615463
1165.938077,-2590.720797,-3677.258390,9252.574275
1165.938403,-666.185348,-4596.572988,10584.944971
1165.938729,-1110.308913,-3830.477490,10955.047942
1165.939055,-2072.576638,-2757.943793,9770.718434
1165.939381,-1850.514855,-2681.334243,9326.594869
1165.939706,-1332.370696,-4903.011187,9474.636058
1165.940032,-2146.597232,-5898.935335,9474.636058
1165.940358,-3997.112087,-4749.792088,9622.677246
1165.940684,-6439.791695,-5286.058936,8956.491898
1165.941010,-6735.874072,-8120.612279,9548.656652
1165.941336,-6217.729913,-10189.070123,10732.986159
1165.941662,-6809.894666,-9806.022374,10584.944971
1165.941988,-7179.997637,-8733.488677,9918.759623
1165.942314,-5551.544565,-9729.412825,10510.924376
1165.942640,-2738.761985,-9882.631924,11621.233289
1165.942965,-1110.308913,-8273.831378,11769.274478
1165.943291,518.144159,-5132.839837,11547.212695
1165.943617,2886.803174,-3370.820191,10955.047942
1165.943943,5551.544565,-3447.429741,10955.047942
1165.944269,6587.832884,-2604.724693,12065.356855
1165.944595,5181.441594,-76.609550,11325.150913
1165.944921,4515.256246,536.266849,9474.636058
1165.945247,4959.379811,-995.924147,9326.594869
1165.945573,3627.009116,-1072.533697,9696.697840
1165.945899,1184.329507,1762.019645,9104.533087
1165.946224,-740.205942,2451.505594,7994.224174
1165.946550,-1850.514855,919.314598,6957.935855
1165.946876,-1998.556043,-1072.533697,7105.977043
1165.947202,-3330.926739,1685.410096,6735.874072
1165.947528,-4293.194464,3830.477490,6513.812290
1165.947854,-4589.276840,3294.210641,7105.977043
1165.948180,-3997.112087,1072.533697,8216.285956
1165.948506,-4145.153275,612.876398,8438.347739
1165.948832,-4885.359217,2757.943793,8142.265362
1165.949157,-3997.112087,2451.505594,8734.430116
1165.949483,-2590.720797,1915.238745,10510.924376
1165.949809,-2294.638420,2604.724693,11177.109724
1165.950135,-2368.659014,4903.011187,10362.883188
1165.950461,-2294.638420,5822.325785,8956.491898
1165.950787,-1628.453072,5975.544884,8068.244768
1165.951113,-1406.391290,5669.106685,7920.203579
1165.951439,-1332.370696,7354.516781,8290.306550
1165.951765,-3775.050304,7584.345430,7772.162391
1165.952091,-5181.441594,3524.039291,6883.915261
1165.952416,-6513.812290,-536.266849,6883.915261
1165.952742,-8216.285956,-1915.238745,7179.997637
1165.953068,-9400.615463,-2528.115143,8216.285956
1165.953394,-8512.368333,-3753.867940,9474.636058
1165.953720,-6661.853478,-6894.859482,10881.027347
1165.954046,-4737.318029,-6281.983084,11843.295072
1165.954372,-1554.432478,-3064.381992,11695.253884
1165.954698,1406.391290,-306.438199,11917.315666
1165.955024,3478.967927,1302.362347,11695.253884
1165.955350,5551.544565,612.876398,10510.924376
1165.955675,5921.647536,1762.019645,9252.574275
1165.956001,2886.803174,1072.533697,7846.182985
1165.956327,148.041188,-612.876398,6809.894666
1165.956653,-2146.597232,-3294.210641,6957.935855
1165.956979,-3627.009116,-5975.544884,7698.141797
1165.957305,-5995.668130,-7277.907231,9474.636058
1165.957631,-8216.285956,-9269.755526,10955.047942
1165.957957,-9030.512492,-11644.651570,10436.903782
1165.958283,-7698.141797,-13559.890315,9548.656652
1165.958608,-6439.791695,-12870.404366,10510.924376
1165.958934,-4589.276840,-9499.584175,11177.109724
1165.959260,-1998.556043,-6818.249932,9992.780217
1165.959586,2368.659014,-5745.716235,9548.656652
1165.959912,6291.750507,-5898.935335,10140.821405
1165.960238,7994.224174,-1608.800546,11621.233289
1165.960564,8290.306550,1762.019645,12139.377449
1165.960890,7624.121203,1302.362347,11399.171507
1165.961216,6439.791695,-2451.505594,11177.109724
1165.961542,3997.112087,-4136.915689,10807.006753
1165.961867,518.144159,-1838.629195,10214.842000
1165.962193,-2886.803174,-919.314598,10140.821405
1165.962519,-6661.853478,-2987.772442,9992.780217
1165.962845,-9548.656652,-6128.763984,9400.615463
1165.963171,-10955.047942,-6435.202183,7846.182985
1165.963497,-12509.480420,-4519.963438,6439.791695
1165.963823,-13841.851115,-3447.429741,5107.421000
1165.964149,-11473.192101,-3677.258390,4885.359217
1165.964475,-8290.306550,-3294.210641,6291.750507
1165.964801,-8068.244768,-766.095498,7179.997637
1165.965126,-8068.244768,-383.047749,6735.874072
1165.965452,-4071.132681,-919.314598,8660.409521
1165.965778,0.000000,229.828649,11769.274478
1165.966104,1776.494261,3830.477490,12509.480420
1165.966430,3552.988522,5898.935335,10955.047942
1165.966756,5107.421000,4979.620737,9252.574275
1165.967082,4959.379811,4826.401637,8290.306550
1165.967408,4737.318029,7584.345430,8512.368333
1165.967734,4959.379811,10035.851024,7624.121203
1165.968059,3256.906145,8810.098227,8068.244768
1165.968385,-222.061783,4290.134789,8882.471304
1165.968711,-4071.132681,1149.143247,9400.615463
1165.969037,-6809.894666,-1455.581446,7698.141797
1165.969363,-9548.656652,-5362.668486,8290.306550
1165.969689,-10955.047942,-8350.440928,10288.862594
1165.970015,-8808.450710,-6971.469032,11843.295072
1165.970341,-5773.606348,-2834.553343,12583.501014
1165.970667,-3627.009116,-1608.800546,11917.315666
1165.970993,-1776.494261,-919.314598,9696.697840
1165.971318,3182.885551,2528.115143,6735.874072
1165.971644,7846.182985,7354.516781,6809.894666
1165.971970,8808.450710,10725.336972,7846.182985
1165.972296,6365.771101,8503.660028,6587.832884
1165.972622,4589.276840,3370.820191,5255.462188
1165.972948,2294.638420,-1685.410096,6291.750507
1165.973274,-2294.638420,-3907.087040,6957.935855
1165.973600,-5107.421000,-4673.182538,10288.862594
1165.973926,-4737.318029,-7431.126331,13767.830521
1165.974252,-5921.647536,-9806.022374,13767.830521
1165.974577,-6291.750507,-12104.308868,11843.295072
1165.974903,-3701.029710,-9806.022374,10140.821405
1165.975229,74.020594,-3447.429741,10732.986159
1165.975555,2368.659014,2221.676944,11621.233289
1165.975881,3997.112087,2757.943793,10510.924376
1165.976207,4959.379811,229.828649,8290.306550
1165.976533,4145.153275,0.000000,6439.791695
1165.976859,1850.514855,2145.067394,5625.565159
1165.977185,444.123565,2911.162892,7179.997637
1165.977510,-888.247130,0.000000,11029.068536
1165.977836,-2590.720797,-4366.744339,12583.501014
1165.978162,-5403.503377,-6818.249932,12213.398043
1165.978488,-8438.347739,-6665.030833,11399.171507
1165.978814,-9104.533087,-7354.516781,10140.821405
1165.979140,-8068.244768,-7890.783629,10955.047942
1165.979466,-8660.409521,-7737.564530,11769.274478
1165.979792,-9326.594869,-5745.716235,10658.965565
1165.980118,-6957.935855,-4213.525239,7550.100608
1165.980444,-3182.885551,-2681.334243,6513.812290
1165.980769,-1184.329507,0.000000,6735.874072
1165.981095,1480.411884,2987.772442,6587.832884
1165.981421,4367.215058,6511.811733,8216.285956
1165.981747,5477.523971,4979.620737,9400.615463
1165.982073,2516.700203,2911.162892,9252.574275
1165.982399,666.185348,1378.971896,7402.059420
1165.982725,-444.123565,1072.533697,7994.224174
1165.983051,-1776.494261,-459.657299,10510.924376
1165.983377,-3330.926739,-1838.629195,10955.047942
1165.983703,-2664.741391,-2911.162892,10288.862594
1165.984028,-1628.453072,-2987.772442,11103.089130
1165.984354,-3256.906145,-612.876398,10510.924376
1165.984680,-148.041188,383.047749,9400.615463
1165.985006,2442.679609,2604.724693,10066.800811
1165.985332,3330.926739,4673.182538,9178.553681
1165.985658,2886.803174,3907.087040,8660.409521
1165.985984,3997.112087,4519.963438,7846.182985
1165.986310,2516.700203,4519.963438,9104.533087
1165.986636,1332.370696,4903.011187,9548.656652
1165.986961,1332.370696,3830.477490,8808.450710
1165.987287,2664.741391,2374.896044,7402.059420
1165.987613,3256.906145,2681.334243,9400.615463
1165.987939,1110.308913,4979.620737,10658.965565
1165.988265,666.185348,4290.134789,8438.347739
1165.988591,666.185348,153.219100,6809.894666
1165.988917,1776.494261,-1149.143247,8586.388927
1165.989243,1184.329507,2374.896044,9400.615463
1165.989569,1702.473667,4826.401637,9622.677246
1165.989895,3775.050304,2374.896044,10288.862594
1165.990220,4367.215058,0.000000,10732.986159
1165.990546,3997.112087,2911.162892,9326.594869
1165.990872,5403.503377,7201.297681,9548.656652
1165.991198,4811.338623,6971.469032,9030.512492
1165.991524,2664.741391,2298.286494,7105.977043
1165.991850,2368.659014,612.876398,6883.915261
1165.992176,1480.411884,4213.525239,7994.224174
1165.992502,-666.185348,7277.907231,10066.800811
1165.992828,-2516.700203,2987.772442,9104.533087
1165.993154,-3108.864956,-3600.648841,8290.306550
1165.993479,-4071.132681,-4213.525239,9252.574275
1165.993805,-6365.771101,995.924147,9918.759623
1165.994131,-7402.059420,1762.019645,9548.656652
1165.994457,-6957.935855,-4826.401637,8290.306550
1165.994783,-6809.894666,-8044.002729,8068.244768
1165.995109,-6883.915261,-5056.230287,9918.759623
1165.995435,-6661.853478,1072.533697,11029.068536
1165.995761,-3849.070898,76.609550,9992.780217
1165.996087,74.020594,-3983.696590,10510.924376
1165.996412,3552.988522,-3677.258390,10510.924376
1165.996738,4515.256246,3370.820191,10807.006753
1165.997064,3256.906145,6818.249932,11621.233289
1165.997390,1776.494261,2451.505594,9252.574275
1165.997716,1924.535449,-4903.011187,7031.956449
1165.998042,2072.576638,-3447.429741,8660.409521
1165.998368,-370.102971,1838.629195,10066.800811
1165.998694,-3552.988522,689.485948,9178.553681
1165.999020,-3627.009116,-5745.716235,9400.615463
1165.999346,-888.247130,-9039.926876,9474.636058
1165.999671,-1332.370696,-4366.744339,9548.656652
1165.999997,-2664.741391,1302.362347,9326.594869
1166.000323,-1258.350101,-306.438199,9474.636058
1166.000649,0.000000,-4443.353888,9474.636058
1166.000975,296.082377,-4060.306139,9104.533087
1166.001301,592.164754,689.485948,8586.388927
1166.001627,740.205942,3524.039291,8068.244768
1166.001953,2220.617826,1302.362347,8956.491898
1166.002279,4441.235652,-995.924147,10066.800811
1166.002605,4071.132681,1225.752797,9696.697840
1166.002930,2516.700203,4673.182538,10066.800811
1166.003256,1776.494261,3294.210641,8882.471304
1166.003582,1184.329507,306.438199,8512.368333
1166.003908,1332.370696,-1302.362347,9770.718434
1166.004234,-1110.308913,1608.800546,11029.068536
1166.004560,-1702.473667,1838.629195,10066.800811
1166.004886,-148.041188,-766.095498,11103.089130
1166.005212,1036.288319,-1915.238745,10955.047942
1166.005538,1406.391290,1915.238745,10140.821405
1166.005863,2960.823768,5975.544884,9696.697840
1166.006189,3997.112087,6052.154434,9252.574275
1166.006515,2516.700203,4673.182538,7402.059420
1166.006841,962.267725,4903.011187,5921.647536
1166.007167,1776.494261,5745.716235,6143.709319
1166.007493,962.267725,7354.516781,8734.430116
1166.007819,-814.226536,5056.230287,9844.739029
1166.008145,-740.205942,2528.115143,8882.471304
1166.008471,-444.123565,1149.143247,6883.915261
1166.008797,-1628.453072,2374.896044,9030.512492
1166.009122,-1998.556043,3447.429741,9844.739029
1166.009448,-2590.720797,3064.381992,7994.224174
1166.009774,-3182.885551,-306.438199,7994.224174
1166.010100,-3552.988522,-2068.457845,8512.368333
1166.010426,-3330.926739,1991.848295,8660.409521
1166.010752,-1332.370696,4443.353888,8438.347739
1166.011078,0.000000,1915.238745,8956.491898
1166.011404,1258.350101,-229.828649,8882.471304
1166.011730,1480.411884,1762.019645,10140.821405
1166.012055,2072.576638,5592.497135,10658.965565
1166.012381,2368.659014,4366.744339,8808.450710
1166.012707,888.247130,0.000000,7994.224174
1166.013033,0.000000,-1608.800546,7698.141797
1166.013359,-222.061783,766.095498,9622.677246
1166.013685,-1480.411884,766.095498,10881.027347
1166.014011,-1924.535449,-2757.943793,10584.944971
1166.014337,0.000000,-5286.058936,11695.253884
1166.014663,-296.082377,-3447.429741,12435.459826
1166.014989,-1258.350101,-536.266849,10436.903782
1166.015314,-74.020594,-1762.019645,9622.677246
1166.015640,-148.041188,-4903.011187,10288.862594
1166.015966,-1332.370696,-4443.353888,9178.553681
1166.016292,-1850.514855,-1072.533697,8142.265362
1166.016618,-1258.350101,459.657299,9770.718434
1166.016944,370.102971,-2681.334243,8660.409521
1166.017270,1332.370696,-3140.991542,8142.265362
1166.017596,2368.659014,-1378.971896,9030.512492
1166.017922,2516.700203,1685.410096,11029.068536
1166.018248,1776.494261,1608.800546,9770.718434
1166.018573,888.247130,-2374.896044,8660.409521
1166.018899,-888.247130,-6205.373534,5773.606348
1166.019225,-2368.659014,-3370.820191,7179.997637
1166.019551,-1258.350101,306.438199,11399.171507
1166.019877,-370.102971,459.657299,12139.377449
1166.020203,888.247130,-3064.381992,9548.656652
1166.020529,2072.576638,-4366.744339,9622.677246
1166.020855,2368.659014,1302.362347,10584.944971
1166.021181,3552.988522,6358.592633,10584.944971
1166.021506,2368.659014,4979.620737,10288.862594
1166.021832,0.000000,-383.047749,7476.080014
1166.022158,-1406.391290,-1072.533697,6217.729913
1166.022484,-1332.370696,3830.477490,8438.347739
1166.022810,-3182.885551,5286.058936,9474.636058
1166.023136,-5403.503377,842.705048,8586.388927
1166.023462,-3256.906145,-3830.477490,10362.883188
1166.023788,-2294.638420,-689.485948,11325.150913
1166.024114,-2812.782580,4213.525239,9844.739029
1166.024440,-2368.659014,2757.943793,7698.141797
1166.024765,-2442.679609,-612.876398,6957.935855
1166.025091,-1702.473667,153.219100,7254.018232
1166.025417,-148.041188,4749.792088,9030.512492
1166.025743,814.226536,6894.859482,8882.471304
1166.026069,1332.370696,3907.087040,9400.615463
1166.026395,4367.215058,919.314598,9844.739029
1166.026721,7624.121203,4060.306139,9326.594869
1166.027047,5921.647536,9269.755526,10510.924376
1166.027373,5033.400406,7048.078582,9696.697840
1166.027699,3997.112087,3294.210641,8068.244768
1166.028024,4219.173869,919.314598,6883.915261
1166.028350,1702.473667,3217.601092,8734.430116
1166.028676,-1036.288319,6971.469032,9178.553681
1166.029002,-666.185348,3294.210641,7846.182985
1166.029328,0.000000,-1762.019645,9400.615463
1166.029654,-1036.288319,-3064.381992,10140.821405
1166.029980,-2442.679609,1608.800546,10066.800811
1166.030306,-2220.617826,2987.772442,9696.697840
1166.030632,-2294.638420,-1072.533697,9030.512492
1166.030957,-2590.720797,-4903.011187,8586.388927
1166.031283,-1924.535449,-2604.724693,9030.512492
1166.031609,-1998.556043,2604.724693,10510.924376
1166.031935,-2072.576638,1915.238745,9548.656652
1166.032261,296.082377,-2068.457845,9622.677246
1166.032587,1628.453072,-2681.334243,10658.965565
1166.032913,1998.556043,1149.143247,10436.903782
1166.033239,1480.411884,3524.039291,10436.903782
1166.033565,2072.576638,153.219100,9252.574275
1166.033891,814.226536,-4136.915689,8290.306550
1166.034216,222.061783,-3600.648841,7772.162391
1166.034542,-1110.308913,306.438199,9918.759623
1166.034868,-2072.576638,76.609550,10658.965565
1166.035194,-2516.700203,-4060.306139,9474.636058
1166.035520,74.020594,-6281.983084,8956.491898
1166.035846,0.000000,-2451.505594,10066.800811
1166.036172,-1258.350101,1838.629195,10807.006753
1166.036498,0.000000,995.924147,9326.594869
1166.036823,888.247130,-3140.991542,9104.533087
1166.037149,0.000000,-3677.258390,8438.347739
1166.037475,-1258.350101,1991.848295,8956.491898
1166.037801,-1184.329507,4903.011187,8808.450710
1166.038127,-1036.288319,536.266849,7772.162391
1166.038453,-666.185348,-4903.011187,8586.388927
1166.038779,-1036.288319,-2757.943793,9474.636058
1166.039105,-3108.864956,2451.505594,9696.697840
1166.039430,-3627.009116,1455.581446,9400.615463
1166.039756,-3182.885551,-3983.696590,9474.636058
1166.040082,-2516.700203,-5515.887586,9770.718434
1166.040408,-3701.029710,-1225.752797,9770.718434
1166.040734,-3775.050304,2911.162892,9770.718434
1166.041060,-1036.288319,1072.533697,9548.656652
1166.041386,1554.432478,-1532.190996,9252.574275
1166.041712,2516.700203,689.485948,9696.697840
1166.042037,2738.761985,5439.278036,9030.512492
1166.042363,2590.720797,6511.811733,9474.636058
1166.042689,2738.761985,1915.238745,8734.430116
1166.043015,2368.659014,459.657299,7994.224174
1166.043341,1036.288319,2298.286494,7920.203579
1166.043667,444.123565,3907.087040,9474.636058
1166.043993,518.144159,1838.629195,10066.800811
1166.044318,1702.473667,-1072.533697,9918.759623
1166.044644,1702.473667,0.000000,11029.068536
1166.044970,1406.391290,2451.505594,9844.739029
1166.045296,2220.617826,4213.525239,9326.594869
1166.045622,2442.679609,2145.067394,9474.636058
1166.045948,1406.391290,1149.143247,8438.347739
1166.046274,74.020594,2145.067394,7105.977043
1166.046600,888.247130,3983.696590,8734.430116
1166.046925,888.247130,3140.991542,9252.574275
1166.047251,-740.205942,1455.581446,7846.182985
1166.047577,-222.061783,-306.438199,7105.977043
1166.047903,740.205942,1838.629195,8808.450710
1166.048229,148.041188,4290.134789,9400.615463
1166.048555,222.061783,3370.820191,9622.677246
1166.048881,444.123565,229.828649,9252.574275
1166.049206,1258.350101,-536.266849,8956.491898
1166.049532,1110.308913,2068.457845,10214.842000
1166.049858,740.205942,2911.162892,10881.027347
1166.050184,814.226536,1455.581446,9474.636058
1166.050510,2220.617826,153.219100,10362.883188
1166.050836,3256.906145,-229.828649,10436.903782
1166.051162,1776.494261,3524.039291,9548.656652
1166.051488,148.041188,4366.744339,9696.697840
1166.051813,444.123565,995.924147,9474.636058
1166.052139,-888.247130,-1685.410096,7624.121203
1166.052465,-2738.761985,-1838.629195,7772.162391
1166.052791,-3701.029710,1149.143247,9252.574275
1166.053117,-3701.029710,689.485948,9030.512492
1166.053443,-3478.967927,-2834.553343,9548.656652
1166.053769,-2738.761985,-4290.134789,10214.842000
1166.054094,-2664.741391,-1072.533697,9252.574275
1166.054420,-2146.597232,1302.362347,8142.265362
1166.054746,-962.267725,-229.828649,7179.997637
1166.055072,-814.226536,-2221.676944,8290.306550
1166.055398,-2220.617826,-1608.800546,7846.182985
1166.055724,-1480.411884,842.705048,8216.285956
1166.056050,-148.041188,383.047749,8956.491898
1166.056376,0.000000,-2145.067394,10288.862594
1166.056701,1554.432478,-2528.115143,10436.903782
1166.057027,2220.617826,-689.485948,11621.233289
1166.057353,1628.453072,1685.410096,11991.336260
1166.057679,888.247130,-766.095498,10510.924376
1166.058005,296.082377,-2911.162892,9030.512492
1166.058331,-592.164754,-2221.676944,8586.388927
1166.058657,-1406.391290,919.314598,10214.842000
1166.058983,-814.226536,1225.752797,10140.821405
1166.059308,-666.185348,-2221.676944,8068.244768
1166.059634,-1776.494261,-2681.334243,9252.574275
1166.059960,-1998.556043,-995.924147,9474.636058
1166.060286,-888.247130,1378.971896,10066.800811
1166.060612,-1776.494261,919.314598,9696.697840
1166.060938,-1998.556043,-2068.457845,9030.512492
1166.061264,-1998.556043,-2068.457845,6883.915261
1166.061589,0.000000,0.000000,8438.347739
1166.061915,518.144159,2911.162892,11325.150913
1166.062241,592.164754,2451.505594,9770.718434
1166.062567,1998.556043,536.266849,8438.347739
1166.062893,4515.256246,0.000000,8734.430116
1166.063219,3775.050304,4826.401637,10214.842000
1166.063545,2516.700203,7354.516781,8808.450710
1166.063871,3404.947333,3294.210641,7179.997637
1166.064196,2442.679609,-612.876398,7846.182985
1166.064522,888.247130,1072.533697,8364.327145
1166.064848,0.000000,5515.887586,8956.491898
1166.065174,-74.020594,4366.744339,8438.347739
1166.065500,0.000000,0.000000,9622.677246
1166.065826,1036.288319,-1225.752797,9474.636058
1166.066152,148.041188,3064.381992,7994.224174
1166.066477,-1036.288319,5822.325785,8956.491898
1166.066803,148.041188,3140.991542,8956.491898
1166.067129,-518.144159,-306.438199,8956.491898
1166.067455,-1628.453072,306.438199,8216.285956
1166.067781,-1850.514855,2987.772442,9104.533087
1166.068107,-814.226536,3447.429741,9400.615463
1166.068433,74.020594,766.095498,9474.636058
1166.068759,1850.514855,-1302.362347,9474.636058
1166.069084,1332.370696,1685.410096,10955.047942
1166.069410,-222.061783,4826.401637,11473.192101
1166.069736,-296.082377,1762.019645,10362.883188
1166.070062,148.041188,-2221.676944,9030.512492
1166.070388,-1258.350101,-2757.943793,9104.533087
1166.070714,-1406.391290,1378.971896,9400.615463
1166.071040,-518.144159,3217.601092,9252.574275
1166.071366,-296.082377,612.876398,9918.759623
1166.071691,-1110.308913,-2681.334243,9326.594869
1166.072017,-296.082377,-1072.533697,8216.285956
1166.072343,148.041188,2987.772442,9622.677246
1166.072669,-740.205942,2604.724693,8956.491898
1166.072995,-1628.453072,-1302.362347,7179.997637
1166.073321,-1406.391290,-3447.429741,6661.853478
1166.073647,-518.144159,-1532.190996,7550.100608
1166.073972,-444.123565,1838.629195,10510.924376
1166.074298,-518.144159,306.438199,10362.883188
1166.074624,-296.082377,-2374.896044,10584.944971
1166.074950,888.247130,-3140.991542,11917.315666
1166.075276,1776.494261,-766.095498,11177.109724
1166.075602,814.226536,1302.362347,7994.224174
1166.075928,0.000000,-995.924147,6809.894666
1166.076254,-962.267725,-2911.162892,8808.450710
1166.076579,-1628.453072,-842.705048,9844.739029
1166.076905,-1480.411884,1838.629195,11843.295072
1166.077231,-1258.350101,229.828649,11177.109724
1166.077557,148.041188,-2911.162892,9844.739029
1166.077883,1998.556043,-1532.190996,9474.636058
1166.078209,2146.597232,2298.286494,10288.862594
1166.078535,-370.102971,3677.258390,8956.491898
1166.078860,-370.102971,-383.047749,7328.038826
1166.079186,-296.082377,-1915.238745,9104.533087
1166.079512,-962.267725,536.266849,8364.327145
1166.079838,-1998.556043,3677.258390,9252.574275
1166.080164,-1332.370696,766.095498,8734.430116
1166.080490,-148.041188,-2451.505594,8364.327145
1166.080816,1332.370696,-766.095498,9104.533087
1166.081142,1850.514855,3064.381992,9326.594869
1166.081467,962.267725,4519.963438,9252.574275
1166.081793,2368.659014,1991.848295,9326.594869
1166.082119,2442.679609,766.095498,9844.739029
1166.082445,1554.432478,2145.067394,8438.347739
1166.082771,0.000000,3830.477490,8438.347739
1166.083097,1406.391290,3753.867940,9548.656652
1166.083423,814.226536,1225.752797,9622.677246
1166.083748,-370.102971,-306.438199,7772.162391
1166.084074,-666.185348,919.314598,8660.409521
1166.084400,-296.082377,3447.429741,10510.924376
1166.084726,-814.226536,3140.991542,9770.718434
1166.085052,-1110.308913,229.828649,8364.327145
1166.085378,-1480.411884,-2221.676944,7772.162391
1166.085704,-3108.864956,1149.143247,9104.533087
1166.086030,-1406.391290,3677.258390,9918.759623
1166.086355,0.000000,1991.848295,9696.697840
1166.086681,814.226536,-766.095498,9252.574275
1166.087007,1406.391290,0.000000,9918.759623
1166.087333,2886.803174,4519.963438,10436.903782
1166.087659,2220.617826,5209.449386,9252.574275
1166.087985,888.247130,1838.629195,7772.162391
1166.088311,518.144159,-1838.629195,7772.162391
1166.088637,0.000000,0.000000,9178.553681
1166.088962,-1480.411884,2604.724693,9844.739029
1166.089288,-1776.494261,1455.581446,10436.903782
1166.089614,-1258.350101,-2451.505594,9252.574275
1166.089940,148.041188,-3217.601092,9400.615463
1166.090266,-592.164754,76.609550,10066.800811
1166.090592,-1628.453072,3140.991542,9622.677246
1166.090918,-1480.411884,612.876398,8586.388927
1166.091243,-444.123565,-3370.820191,8142.265362
1166.091569,-444.123565,-2987.772442,8142.265362
1166.091895,-1628.453072,842.705048,8808.450710
1166.092221,-444.123565,1455.581446,10732.986159
1166.092547,1036.288319,-612.876398,11325.150913
1166.092873,2664.741391,-2681.334243,9844.739029
1166.093199,2442.679609,-459.657299,9992.780217
1166.093525,1776.494261,3907.087040,9992.780217
1166.093850,3034.844362,2834.553343,8438.347739
1166.094176,2886.803174,-459.657299,8216.285956
1166.094502,0.000000,-995.924147,9474.636058
1166.094828,-2146.597232,766.095498,8808.450710
1166.095154,-1258.350101,1455.581446,9474.636058
1166.095480,-740.205942,-1225.752797,9992.780217
1166.095806,-3330.926739,-3447.429741,9918.759623
1166.096131,-2516.700203,-536.266849,8364.327145
1166.096457,-1110.308913,2068.457845,9844.739029
1166.096783,-1480.411884,995.924147,10214.842000
1166.097109,-3404.947333,-1762.019645,7772.162391
1166.097435,-3627.009116,-919.314598,7772.162391
1166.097761,-2664.741391,1838.629195,8734.430116
1166.098087,-2960.823768,2145.067394,8956.491898
1166.098413,-2368.659014,76.609550,8586.388927
1166.098738,-2294.638420,-1991.848295,7254.018232
1166.099064,0.000000,0.000000,7550.100608
1166.099390,1480.411884,3140.991542,10288.862594
1166.099716,2368.659014,3140.991542,10955.047942
1166.100042,1776.494261,612.876398,9622.677246
1166.100368,2590.720797,-383.047749,9844.739029
1166.100694,4293.194464,1378.971896,9992.780217
1166.101019,3478.967927,3830.477490,10807.006753
1166.101345,4145.153275,3140.991542,9992.780217
1166.101671,4959.379811,1378.971896,10584.944971
1166.101997,5773.606348,766.095498,9548.656652
1166.102323,4589.276840,3064.381992,10510.924376
1166.102649,2294.638420,4443.353888,10881.027347
1166.102975,592.164754,2528.115143,8956.491898
1166.103301,-666.185348,-689.485948,8808.450710
1166.103626,-148.041188,-2987.772442,8882.471304
1166.103952,-3034.844362,1149.143247,9400.615463
1166.104278,-4367.215058,1838.629195,7624.121203
1166.104604,-2886.803174,-1838.629195,7550.100608
1166.104930,-1036.288319,-3447.429741,9104.533087
1166.105256,-518.144159,76.609550,10436.903782
1166.105582,-2220.617826,5745.716235,10510.924376
1166.105908,-370.102971,4136.915689,8660.409521
1166.106233,222.061783,-995.924147,8142.265362
1166.106559,-370.102971,-1991.848295,7105.977043
1166.106885,-740.205942,2298.286494,6587.832884
1166.107211,-296.082377,5056.230287,7772.162391
1166.107537,1850.514855,3217.601092,9844.739029
1166.107863,1554.432478,0.000000,11103.089130
1166.108189,1480.411884,766.095498,10066.800811
1166.108514,148.041188,2834.553343,9548.656652
1166.108840,-740.205942,1532.190996,8586.388927
1166.109166,-1480.411884,-1762.019645,8216.285956
1166.109492,-1258.350101,-2068.457845,9474.636058
1166.109818,-1628.453072,-306.438199,10510.924376
1166.110144,-2812.782580,383.047749,10881.027347
1166.110470,-1554.432478,-2068.457845,9696.697840
1166.110796,-518.144159,-2221.676944,10510.924376
1166.111121,74.020594,0.000000,9622.677246
1166.111447,888.247130,1838.629195,10658.965565
1166.111773,666.185348,1685.410096,9844.739029
1166.112099,-1258.350101,-383.047749,7179.997637
1166.112425,-2146.597232,-2757.943793,6809.894666
1166.112751,-1702.473667,-1685.410096,8216.285956
1166.113077,-2220.617826,766.095498,10807.006753
1166.113402,-1998.556043,-383.047749,11103.089130
1166.113728,-1036.288319,-2374.896044,10362.883188
1166.114054,740.205942,-2757.943793,8882.471304
1166.114380,1480.411884,306.438199,9252.574275
1166.114706,1110.308913,3753.867940,9992.780217
1166.115032,1036.288319,2451.505594,9030.512492
1166.115358,1628.453072,-1685.410096,7994.224174
1166.115684,1628.453072,-2374.896044,8734.430116
1166.116009,0.000000,2068.457845,10140.821405
1166.116335,-888.247130,4136.915689,9474.636058
1166.116661,296.082377,612.876398,8734.430116
1166.116987,1776.494261,-3907.087040,9548.656652
1166.117313,1036.288319,-2068.457845,9622.677246
1166.117639,74.020594,4979.620737,10584.944971
1166.117965,1036.288319,3907.087040,9104.533087
1166.118291,962.267725,-1378.971896,9030.512492
1166.118616,148.041188,-3140.991542,9178.553681
1166.118942,-1628.453072,2145.067394,10066.800811
1166.119268,-1554.432478,4596.572988,8956.491898
1166.119594,0.000000,689.485948,9326.594869
1166.119920,1110.308913,-2911.162892,10214.842000
1166.120246,1628.453072,0.000000,8734.430116
1166.120572,444.123565,5439.278036,9326.594869
1166.120897,1036.288319,4519.963438,9474.636058
1166.121223,518.144159,76.609550,9178.553681
1166.121549,1776.494261,-612.876398,7402.059420
1166.121875,814.226536,3217.601092,8586.388927
1166.122201,370.102971,5439.278036,8882.471304
1166.122527,814.226536,2681.334243,9474.636058
1166.122853,1480.411884,-689.485948,10066.800811
1166.123179,2146.597232,0.000000,9252.574275
1166.123504,1776.494261,4673.182538,9992.780217
1166.123830,1850.514855,4519.963438,9696.697840
1166.124156,-592.164754,1685.410096,8068.244768
1166.124482,-1776.494261,-919.314598,6587.832884
1166.124808,-2442.679609,0.000000,7624.121203
1166.125134,-3330.926739,2374.896044,8734.430116
1166.125460,-2960.823768,1991.848295,9030.512492
1166.125785,-2368.659014,0.000000,10436.903782
1166.126111,-592.164754,-2987.772442,9548.656652
1166.126437,0.000000,0.000000,10732.986159
1166.126763,-222.061783,2681.334243,11621.233289
1166.127089,-962.267725,1838.629195,9104.533087
1166.127415,-1850.514855,-1455.581446,7402.059420
1166.127741,-888.247130,-4136.915689,8364.327145
1166.128067,-2072.576638,76.609550,10881.027347
1166.128392,-1850.514855,3217.601092,10288.862594
1166.128718,222.061783,-229.828649,9770.718434
1166.129044,2220.617826,-3064.381992,9770.718434
1166.129370,1776.494261,-2145.067394,9770.718434
1166.129696,666.185348,3600.648841,10066.800811
1166.130022,1036.288319,3600.648841,7994.224174
1166.130348,1110.308913,-1915.238745,7105.977043
1166.130673,1110.308913,-4443.353888,8216.285956
1166.130999,-666.185348,842.705048,8956.491898
1166.131325,-1776.494261,3447.429741,10436.903782
1166.131651,-518.144159,-919.314598,9992.780217
1166.131977,1036.288319,-6128.763984,9992.780217
1166.132303,814.226536,-3524.039291,8438.347739
1166.132629,518.144159,3753.867940,8512.368333
1166.132955,814.226536,4519.963438,9030.512492
1166.133280,1036.288319,-459.657299,10436.903782
1166.133606,0.000000,-2681.334243,9474.636058
1166.133932,-1184.329507,1149.143247,8956.491898
1166.134258,-1628.453072,3217.601092,7254.018232
1166.134584,-1628.453072,612.876398,7698.141797
1166.134910,-1924.535449,-3064.381992,9918.759623
1166.135236,-2442.679609,-1378.971896,10362.883188
1166.135562,-3034.844362,1378.971896,10436.903782
1166.135887,-1332.370696,76.609550,10807.006753
1166.136213,-1036.288319,-2451.505594,9178.553681
1166.136539,-962.267725,-1991.848295,8734.430116
1166.136865,74.020594,1608.800546,10214.842000
1166.137191,740.205942,4366.744339,11473.192101
1166.137517,1924.535449,2681.334243,8660.409521
1166.137843,2516.700203,0.000000,7105.977043
1166.138168,3923.091493,1762.019645,7624.121203
1166.138494,4515.256246,6588.421283,9252.574275
1166.138820,4145.153275,7201.297681,11251.130318
1166.139146,1480.411884,2221.676944,9770.718434
1166.139472,-518.144159,-1455.581446,7846.182985
1166.139798,-888.247130,-1149.143247,7920.203579
1166.140124,-1110.308913,2068.457845,9178.553681
1166.140450,-2960.823768,1302.362347,9696.697840
1166.140775,-1924.535449,-1072.533697,8734.430116
1166.141101,592.164754,-1991.848295,8956.491898
1166.141427,740.205942,995.924147,9474.636058
1166.141753,-1258.350101,5362.668486,9696.697840
1166.142079,-148.041188,4213.525239,7402.059420
1166.142405,814.226536,1072.533697,6513.812290
1166.142731,814.226536,-1149.143247,7254.018232
1166.143056,740.205942,2374.896044,9178.553681
1166.143382,-148.041188,5362.668486,9474.636058
1166.143708,296.082377,1762.019645,9992.780217
1166.144034,2368.659014,-2757.943793,11251.130318
1166.144360,1998.556043,-1072.533697,10362.883188
1166.144686,222.061783,4060.306139,10807.006753
1166.145012,0.000000,3140.991542,10510.924376
1166.145337,962.267725,-1532.190996,9178.553681
1166.145663,222.061783,-4060.306139,9992.780217
1166.145989,-1036.288319,-1302.362347,9326.594869
1166.146315,-962.267725,3370.820191,9178.553681
1166.146641,1110.308913,2221.676944,9474.636058
1166.146967,1776.494261,-1302.362347,10881.027347
1166.147293,148.041188,-689.485948,8808.450710
1166.147619,740.205942,2528.115143,8216.285956
1166.147944,370.102971,2451.505594,9178.553681
1166.148270,-1184.329507,-919.314598,8882.471304
1166.148596,-3478.967927,-2604.724693,8290.306550
1166.148922,-2812.782580,-2451.505594,8808.450710
1166.149248,-4071.132681,-1072.533697,10436.903782
1166.149574,-4589.276840,-2451.505594,9770.718434
1166.149900,-1850.514855,-3217.601092,8808.450710
1166.150225,-296.082377,-1532.190996,8364.327145
1166.150551,518.144159,0.000000,8882.471304
1166.150877,1184.329507,2757.943793,10214.842000
1166.151203,814.226536,3294.210641,9696.697840
1166.151529,-518.144159,1149.143247,8438.347739
1166.151855,0.000000,-1072.533697,7254.018232
1166.152181,740.205942,383.047749,9770.718434
1166.152506,0.000000,1685.410096,11029.068536
1166.152832,-1258.350101,1149.143247,10658.965565
1166.153158,666.185348,-1838.629195,9622.677246
1166.153484,1184.329507,-1915.238745,10362.883188
1166.153810,0.000000,2834.553343,10584.944971
1166.154136,-222.061783,4213.525239,9696.697840
1166.154462,74.020594,842.705048,8882.471304
1166.154788,0.000000,-2374.896044,9178.553681
1166.155113,-1406.391290,-842.705048,9400.615463
1166.155439,-2072.576638,2681.334243,8882.471304
1166.155765,-666.185348,2451.505594,7402.059420
1166.156091,1036.288319,-1838.629195,8734.430116
1166.156417,1036.288319,-1762.019645,9770.718434
1166.156743,444.123565,2757.943793,9400.615463
1166.157069,1406.391290,4290.134789,9400.615463
1166.157394,1998.556043,459.657299,8290.306550
1166.157720,1110.308913,-1991.848295,7402.059420
1166.158046,518.144159,536.266849,8808.450710
1166.158372,444.123565,4826.401637,10140.821405
1166.158698,1110.308913,2911.162892,9474.636058
1166.159024,1998.556043,-1608.800546,10214.842000
1166.159350,2294.638420,-1838.629195,9104.533087
1166.159676,1628.453072,3907.087040,9030.512492
1166.160001,1480.411884,5132.839837,9326.594869
1166.160327,1776.494261,1302.362347,9104.533087
1166.160653,0.000000,-919.314598,8882.471304
1166.160979,-814.226536,-536.266849,8586.388927
1166.161305,-1554.432478,2221.676944,8290.306550
1166.161631,-1184.329507,689.485948,8586.388927
1166.161957,0.000000,-1762.019645,10732.986159
1166.162282,1036.288319,306.438199,11547.212695
1166.162608,1480.411884,2987.772442,10214.842000
1166.162934,2294.638420,2528.115143,9622.677246
1166.163260,1406.391290,766.095498,8956.491898
1166.163586,-2368.659014,459.657299,8438.347739
1166.163912,-1924.535449,-229.828649,7846.182985
1166.164238,-888.247130,229.828649,9992.780217
1166.164563,-1998.556043,383.047749,11103.089130
1166.164889,-3330.926739,-306.438199,9400.615463
1166.165215,-1258.350101,-1302.362347,7994.224174
1166.165541,-740.205942,-766.095498,9844.739029
1166.165867,-1924.535449,229.828649,10288.862594
1166.166193,-1554.432478,1532.190996,8438.347739
1166.166519,-370.102971,306.438199,8216.285956
1166.166845,-444.123565,-1225.752797,8438.347739
1166.167170,-1258.350101,536.266849,9252.574275
1166.167496,-1258.350101,2068.457845,9178.553681
1166.167822,-1184.329507,0.000000,7105.977043
1166.168148,592.164754,-1685.410096,7179.997637
1166.168474,1480.411884,-459.657299,9844.739029
1166.168800,592.164754,3983.696590,10658.965565
1166.169126,0.000000,3600.648841,8142.265362
1166.169451,296.082377,-1302.362347,8142.265362
1166.169777,222.061783,-3983.696590,8438.347739
1166.170103,444.123565,0.000000,9474.636058
1166.170429,148.041188,4443.353888,11769.274478
1166.170755,0.000000,1225.752797,10732.986159
1166.171081,814.226536,-3907.087040,10066.800811
1166.171407,1924.535449,-2834.553343,9992.780217
1166.171732,962.267725,2757.943793,10066.800811
1166.172058,962.267725,4596.572988,9992.780217
1166.172384,1184.329507,612.876398,11029.068536
1166.172710,-814.226536,-3140.991542,10436.903782
1166.173036,-2664.741391,-2221.676944,9104.533087
1166.173362,-2590.720797,153.219100,8142.265362
1166.173688,-2146.597232,-153.219100,9844.739029
1166.174014,148.041188,-1915.238745,9844.739029
1166.174339,1628.453072,-536.266849,11029.068536
1166.174665,2220.617826,2451.505594,10066.800811
1166.174991,1776.494261,3140.991542,8586.388927
1166.175317,1776.494261,1532.190996,8068.244768
1166.175643,962.267725,-306.438199,8216.285956
1166.175969,-740.205942,76.609550,7994.224174
1166.176295,-296.082377,1225.752797,9696.697840
1166.176620,-370.102971,1532.190996,11325.150913
1166.176946,0.000000,0.000000,8660.409521
1166.177272,666.185348,766.095498,6587.832884
1166.177598,2072.576638,1915.238745,7254.018232
1166.177924,1702.473667,4136.915689,9326.594869
1166.178250,222.061783,4519.963438,8660.409521
1166.178576,-222.061783,1838.629195,8364.327145
1166.178901,-666.185348,0.000000,8290.306550
1166.179227,-666.185348,536.266849,9030.512492
1166.179553,-1628.453072,1455.581446,9992.780217
1166.179879,-1406.391290,689.485948,10066.800811
1166.180205,148.041188,-1072.533697,10510.924376
1166.180531,2146.597232,-1149.143247,10658.965565
1166.180857,1554.432478,3370.820191,11325.150913
1166.181183,1036.288319,5592.497135,10362.883188
1166.181508,888.247130,2451.505594,8882.471304
1166.181834,1110.308913,-536.266849,7105.977043
1166.182160,74.020594,229.828649,8734.430116
1166.182486,-2072.576638,3830.477490,10955.047942
1166.182812,-2072.576638,3677.258390,8734.430116
1166.183138,-1110.308913,-1455.581446,9770.718434
1166.183464,-888.247130,-4136.915689,10140.821405
1166.183789,-2590.720797,612.876398,8660.409521
1166.184115,-2442.679609,4749.792088,8438.347739
1166.184441,74.020594,766.095498,9474.636058
1166.184767,-1480.411884,-2451.505594,7920.203579
1166.185093,-2516.700203,-1608.800546,7105.977043
1166.185419,-1554.432478,2374.896044,7772.162391
1166.185745,-296.082377,3370.820191,8290.306550
1166.186070,1036.288319,-842.705048,8956.491898
1166.186396,3330.926739,-2451.505594,9622.677246
1166.186722,3404.947333,2681.334243,10362.883188
1166.187048,3478.967927,5132.839837,9844.739029
1166.187374,3997.112087,2451.505594,9770.718434
1166.187700,2368.659014,-995.924147,8882.471304
1166.188026,0.000000,-1225.752797,9400.615463
1166.188352,-444.123565,766.095498,10214.842000
1166.188677,-740.205942,1072.533697,10436.903782
1166.189003,-2072.576638,-2145.067394,9992.780217
1166.189329,-2146.597232,-4060.306139,9400.615463
1166.189655,-2072.576638,-2221.676944,9918.759623
1166.189981,-2294.638420,1072.533697,10732.986159
1166.190307,-3256.906145,1378.971896,9770.718434
1166.190633,-3404.947333,-1685.410096,7550.100608
1166.190958,-2442.679609,-3447.429741,6587.832884
1166.191284,-1850.514855,76.609550,9548.656652
1166.191610,-2368.659014,3064.381992,11769.274478
1166.191936,-2516.700203,459.657299,8290.306550
1166.192262,-296.082377,-3677.258390,7254.018232
1166.192588,1850.514855,-3064.381992,9844.739029
1166.192914,1776.494261,3217.601092,11177.109724
1166.193239,888.247130,5515.887586,9622.677246
1166.193565,1850.514855,0.000000,8290.306550
1166.193891,2072.576638,-4366.744339,8364.327145
1166.194217,888.247130,-536.266849,8216.285956
1166.194543,1036.288319,4673.182538,9918.759623
1166.194869,1480.411884,3447.429741,9548.656652
1166.195195,2294.638420,-1915.238745,10140.821405
1166.195521,4145.153275,-1915.238745,11251.130318
1166.195846,3330.926739,3370.820191,10732.986159
1166.196172,1998.556043,6128.763984,9474.636058
1166.196498,1406.391290,612.876398,8438.347739
1166.196824,74.020594,-3140.991542,8586.388927
1166.197150,-1702.473667,-306.438199,8142.265362
1166.197476,-2294.638420,4366.744339,9178.553681
1166.197802,-1924.535449,2451.505594,8734.430116
1166.198127,-1998.556043,-1762.019645,8216.285956
1166.198453,-296.082377,-1838.629195,9770.718434
1166.198779,296.082377,2757.943793,9770.718434
1166.199105,370.102971,5056.230287,8956.491898
1166.199431,1036.288319,2528.115143,9918.759623
1166.199757,888.247130,306.438199,9104.533087
1166.200083,-296.082377,1915.238745,7254.018232
1166.200408,-740.205942,3600.648841,8438.347739
1166.200734,592.164754,2757.943793,9622.677246
1166.201060,0.000000,1608.800546,9030.512492
1166.201386,1110.308913,919.314598,9326.594869
1166.201712,2072.576638,1991.848295,9992.780217
1166.202038,814.226536,3524.039291,10436.903782
1166.202364,148.041188,3294.210641,9474.636058
1166.202690,-148.041188,1149.143247,8586.388927
1166.203015,-1258.350101,0.000000,7476.080014
1166.203341,-1332.370696,842.705048,9252.574275
1166.203667,-1554.432478,1838.629195,9992.780217
1166.203993,-2738.761985,459.657299,8438.347739
1166.204319,-2886.803174,-1302.362347,7624.121203
1166.204645,-962.267725,-1149.143247,9104.533087
1166.204971,0.000000,766.095498,10288.862594
1166.205296,-1258.350101,1608.800546,9474.636058
1166.205622,-1850.514855,0.000000,9400.615463
1166.205948,-1184.329507,-2451.505594,9400.615463
1166.206274,0.000000,-1378.971896,9326.594869
1166.206600,740.205942,995.924147,10807.006753
1166.206926,592.164754,1302.362347,9992.780217
1166.207252,518.144159,-383.047749,9770.718434
1166.207577,3627.009116,-995.924147,11325.150913
1166.207903,3108.864956,1455.581446,10807.006753
1166.208229,592.164754,3217.601092,8734.430116
1166.208555,518.144159,0.000000,7698.141797
1166.208881,814.226536,-3140.991542,8364.327145
1166.209207,-1628.453072,-1608.800546,9474.636058
1166.209533,-1850.514855,459.657299,9918.759623
1166.209859,-2146.597232,919.314598,11325.150913
1166.210184,-1110.308913,-3140.991542,8586.388927
1166.210510,-888.247130,-4366.744339,9474.636058
1166.210836,-444.123565,-842.705048,9474.636058
1166.211162,-1332.370696,2681.334243,9992.780217
1166.211488,0.000000,2068.457845,9992.780217
1166.211814,444.123565,-2374.896044,8512.368333
1166.212140,-1110.308913,-2681.334243,6661.853478
1166.212465,-1998.556043,459.657299,8512.368333
1166.212791,-1184.329507,2374.896044,10436.903782
1166.213117,666.185348,-229.828649,9622.677246
1166.213443,888.247130,-2451.505594,9622.677246
1166.213769,2072.576638,-1838.629195,9696.697840
1166.214095,1924.535449,2681.334243,9326.594869
1166.214421,2072.576638,3753.867940,8586.388927
1166.214747,2368.659014,459.657299,9474.636058
1166.215072,2442.679609,-919.314598,9252.574275
1166.215398,2590.720797,2145.067394,9474.636058
1166.215724,2516.700203,4749.792088,11177.109724
1166.216050,666.185348,2298.286494,9252.574275
1166.216376,0.000000,-459.657299,8216.285956
1166.216702,1480.411884,-1225.752797,8364.327145
1166.217028,1850.514855,3907.087040,10140.821405
1166.217353,-814.226536,5975.544884,10658.965565
1166.217679,-1924.535449,1685.410096,8586.388927
1166.218005,-2516.700203,-2298.286494,6735.874072
1166.218331,-1998.556043,-1608.800546,7105.977043
1166.218657,-2590.720797,4673.182538,8956.491898
1166.218983,-2516.700203,5439.278036,8956.491898
1166.219309,-1110.308913,919.314598,8734.430116
1166.219634,1406.391290,-1225.752797,9178.553681
1166.219960,370.102971,1991.848295,9622.677246
1166.220286,-1258.350101,6435.202183,9030.512492
1166.220612,0.000000,4596.572988,7031.956449
1166.220938,1258.350101,-306.438199,8290.306550
1166.221264,370.102971,-1915.238745,9326.594869
1166.221590,-2442.679609,2528.115143,9474.636058
1166.221916,-2368.659014,3907.087040,9474.636058
1166.222241,-296.082377,-919.314598,8956.491898
1166.222567,222.061783,-2987.772442,9918.759623
1166.222893,666.185348,383.047749,10584.944971
1166.223219,370.102971,5132.839837,11473.192101
1166.223545,740.205942,2374.896044,9400.615463
1166.223871,0.000000,-2604.724693,8660.409521
1166.224197,-888.247130,-3830.477490,7624.121203
1166.224522,-1258.350101,1608.800546,9178.553681
1166.224848,-888.247130,3753.867940,11399.171507
1166.225174,0.000000,-2298.286494,10288.862594
1166.225500,-1184.329507,-5132.839837,8808.450710
1166.225826,0.000000,-3064.381992,8438.347739
1166.226152,74.020594,1991.848295,9104.533087
1166.226478,74.020594,2451.505594,8808.450710
1166.226803,222.061783,-1991.848295,9474.636058
1166.227129,-222.061783,-3600.648841,9030.512492
1166.227455,-1702.473667,-1149.143247,7846.182985
1166.227781,-740.205942,1532.190996,8956.491898
1166.228107,-666.185348,-766.095498,9770.718434
1166.228433,-814.226536,-2451.505594,9622.677246
1166.228759,2294.638420,-2528.115143,10140.821405
1166.229085,1776.494261,612.876398,11251.130318
1166.229410,296.082377,2068.457845,10955.047942
1166.229736,222.061783,0.000000,8586.388927
1166.230062,-592.164754,-2757.943793,8290.306550
1166.230388,-1184.329507,-3753.867940,8364.327145
1166.230714,-1480.411884,612.876398,11695.253884
1166.231040,0.000000,2528.115143,11399.171507
1166.231366,814.226536,0.000000,9326.594869
1166.231691,2146.597232,-2451.505594,8068.244768
1166.232017,2442.679609,919.314598,10140.821405
1166.232343,1258.350101,5132.839837,9770.718434
1166.232669,-222.061783,3447.429741,7920.203579
1166.232995,1258.350101,-689.485948,8660.409521
1166.233321,962.267725,-1762.019645,8512.368333
1166.233647,-2146.597232,2145.067394,8586.388927
1166.233972,-1850.514855,2528.115143,8956.491898
1166.234298,-1184.329507,459.657299,10288.862594
1166.234624,148.041188,-1685.410096,8956.491898
1166.234950,1554.432478,1302.362347,9770.718434
1166.235276,1406.391290,5669.106685,9548.656652
1166.235602,222.061783,4903.011187,8142.265362
1166.235928,222.061783,689.485948,7772.162391
1166.236254,296.082377,-536.266849,6661.853478
1166.236579,-1184.329507,2911.162892,7476.080014
1166.236905,-962.267725,5898.935335,9178.553681
1166.237231,0.000000,3677.258390,10214.842000
1166.237557,0.000000,-306.438199,8808.450710
1166.237883,-148.041188,-842.705048,7624.121203
1166.238209,0.000000,2987.772442,8438.347739
1166.238535,222.061783,4673.182538,8142.265362
1166.238861,0.000000,2451.505594,8586.388927
1166.239187,0.000000,-766.095498,9844.739029
1166.239512,-740.205942,1149.143247,9178.553681
1166.239838,148.041188,4519.963438,9770.718434
1166.240164,1998.556043,3217.601092,10140.821405
1166.240490,1776.494261,229.828649,9474.636058
1166.240816,1850.514855,-459.657299,10362.883188
1166.241142,2146.597232,2145.067394,11917.315666
1166.241468,0.000000,4366.744339,10362.883188
1166.241794,-1406.391290,459.657299,7254.018232
1166.242120,-2146.597232,-4290.134789,7254.018232
1166.242446,-2368.659014,-2834.553343,8438.347739
1166.242772,-3997.112087,842.705048,11917.315666
1166.243098,-4367.215058,1225.752797,12657.521608
1166.243424,-1702.473667,-3983.696590,9400.615463
1166.243749,-296.082377,-6052.154434,8808.450710
1166.244075,888.247130,-995.924147,9548.656652
1166.244401,222.061783,5439.278036,9252.574275
1166.244727,296.082377,3677.258390,7179.997637
1166.245053,518.144159,-3983.696590,7550.100608
1166.245379,-74.020594,-5286.058936,7476.080014
1166.245705,-1258.350101,1915.238745,9474.636058
1166.246031,-518.144159,5209.449386,10288.862594
1166.246357,814.226536,-766.095498,9918.759623
1166.246683,1628.453072,-5822.325785,9178.553681
1166.247009,2294.638420,-3447.429741,8216.285956
1166.247335,1628.453072,3600.648841,8808.450710
1166.247661,1184.329507,4290.134789,9104.533087
1166.247986,1924.535449,-1225.752797,9918.759623
1166.248312,1110.308913,-3524.039291,8734.430116
1166.248638,-1628.453072,459.657299,9696.697840
1166.248964,-2368.659014,1532.190996,9696.697840
1166.249290,-1480.411884,-842.705048,8956.491898
1166.249616,-666.185348,-4136.915689,9474.636058
1166.249942,0.000000,-2528.115143,10362.883188
1166.250268,-74.020594,2911.162892,11325.150913
1166.250594,-370.102971,2528.115143,10288.862594
1166.250920,-518.144159,-995.924147,9252.574275
1166.251246,0.000000,-2451.505594,8216.285956
1166.251572,0.000000,1455.581446,9770.718434
1166.251898,296.082377,4136.915689,10288.862594
1166.252223,1702.473667,1762.019645,10066.800811
1166.252549,1258.350101,-1455.581446,9918.759623
1166.252875,740.205942,-689.485948,9400.615463
1166.253201,3034.844362,3753.867940,8438.347739
1166.253527,2738.761985,5439.278036,8660.409521
1166.253853,666.185348,2298.286494,7846.182985
1166.254179,-518.144159,689.485948,7254.018232
1166.254505,0.000000,1762.019645,7772.162391
1166.254831,-962.267725,3217.601092,7920.203579
1166.255157,-1998.556043,2451.505594,7994.224174
1166.255483,-148.041188,536.266849,8068.244768
1166.255809,740.205942,919.314598,8586.388927
1166.256135,592.164754,3677.258390,9770.718434
1166.256460,-740.205942,3830.477490,9548.656652
1166.256786,-1184.329507,1455.581446,6661.853478
1166.257112,-296.082377,612.876398,7105.977043
1166.257438,-444.123565,1149.143247,9622.677246
1166.257764,-2368.659014,3294.210641,10066.800811
1166.258090,-2960.823768,1762.019645,10214.842000
1166.258416,-1258.350101,-1455.581446,10955.047942
1166.258742,0.000000,-1685.410096,9474.636058
1166.259068,222.061783,1608.800546,9400.615463
1166.259394,148.041188,3600.648841,10362.883188
1166.259720,518.144159,2604.724693,9548.656652
1166.260046,1110.308913,0.000000,9178.553681
1166.260372,74.020594,-766.095498,8956.491898
1166.260697,-888.247130,1685.410096,8956.491898
1166.261023,-814.226536,2604.724693,9474.636058
1166.261349,1258.350101,-612.876398,10436.903782
1166.261675,1036.288319,-2681.334243,10288.862594
1166.262001,0.000000,-1072.533697,9474.636058
1166.262327,444.123565,1608.800546,9252.574275
1166.262653,1554.432478,2221.676944,8808.450710
1166.262979,1184.329507,-919.314598,8438.347739
1166.263305,0.000000,-1915.238745,8808.450710
1166.263631,-1332.370696,0.000000,8438.347739
1166.263957,-1110.308913,1072.533697,9252.574275
1166.264283,-444.123565,-766.095498,9548.656652
1166.264609,-888.247130,-2068.457845,8734.430116
1166.264934,-370.102971,-2757.943793,8734.430116
1166.265260,592.164754,-612.876398,10288.862594
1166.265586,-148.041188,919.314598,11547.212695
1166.265912,-1628.453072,-229.828649,9548.656652
1166.266238,-1850.514855,-2757.943793,8438.347739
1166.266564,-1702.473667,-2834.553343,9030.512492
1166.266890,-2516.700203,-766.095498,8956.491898
1166.267216,-1628.453072,1072.533697,8512.368333
1166.267542,148.041188,0.000000,8586.388927
1166.267868,-518.144159,-1072.533697,11103.089130
1166.268194,814.226536,-383.047749,9844.739029
1166.268520,1258.350101,2834.553343,11177.109724
1166.268846,1110.308913,2451.505594,10214.842000
1166.269171,0.000000,-919.314598,7920.203579
1166.269497,962.267725,-1378.971896,6291.750507
1166.269823,148.041188,306.438199,9548.656652
1166.270149,-1480.411884,2068.457845,10288.862594
1166.270475,-1184.329507,1532.190996,9178.553681
1166.270801,888.247130,-766.095498,9548.656652
1166.271127,1850.514855,-612.876398,9622.677246
1166.271453,370.102971,3753.867940,10436.903782
1166.271779,592.164754,3447.429741,9104.533087
1166.272105,74.020594,1378.971896,7550.100608
1166.272431,-370.102971,-612.876398,7994.224174
1166.272757,-1480.411884,0.000000,7550.100608
1166.273083,-1110.308913,3140.991542,7994.224174
1166.273408,148.041188,2834.553343,9992.780217
1166.273734,1998.556043,1608.800546,12213.398043
1166.274060,2590.720797,1915.238745,10288.862594
1166.274386,2960.823768,3064.381992,8438.347739
1166.274712,3182.885551,3524.039291,7994.224174
1166.275038,1776.494261,2221.676944,7179.997637
1166.275364,1110.308913,2068.457845,7179.997637
1166.275690,888.247130,2987.772442,9622.677246
1166.276016,1184.329507,3907.087040,10436.903782
1166.276342,1480.411884,2451.505594,10140.821405
1166.276668,814.226536,0.000000,8734.430116
1166.276994,74.020594,76.609550,8438.347739
1166.277319,814.226536,2298.286494,9326.594869
1166.277645,370.102971,3140.991542,10436.903782
1166.277971,-814.226536,1225.752797,7772.162391
1166.278297,-2442.679609,-2221.676944,7179.997637
1166.278623,-3478.967927,-1915.238745,8882.471304
1166.278949,-3256.906145,1685.410096,9844.739029
1166.279275,-1998.556043,2221.676944,10584.944971
1166.279601,-1332.370696,-919.314598,10510.924376
1166.279927,-1036.288319,-3524.039291,9104.533087
1166.280253,1184.329507,-1149.143247,9548.656652
1166.280579,1332.370696,3294.210641,11103.089130
1166.280905,-888.247130,2451.505594,9326.594869
1166.281231,-370.102971,-2604.724693,7846.182985
1166.281556,518.144159,-3524.039291,9992.780217
1166.281882,-370.102971,-919.314598,10214.842000
1166.282208,-2812.782580,1915.238745,10955.047942
1166.282534,-518.144159,-1225.752797,9548.656652
1166.282860,1924.535449,-4213.525239,9474.636058
1166.283186,1702.473667,-1685.410096,9326.594869
1166.283512,1036.288319,2681.334243,9770.718434
1166.283838,296.082377,3907.087040,9030.512492
1166.284164,814.226536,-689.485948,8216.285956
1166.284490,148.041188,-3217.601092,8068.244768
1166.284816,-1258.350101,-919.314598,7328.038826
1166.285142,-3923.091493,2298.286494,8438.347739
1166.285468,-2442.679609,-689.485948,9326.594869
1166.285793,-1554.432478,-4366.744339,9918.759623
1166.286119,-1628.453072,-3983.696590,10140.821405
1166.286445,-2220.617826,536.266849,10658.965565
1166.286771,-1998.556043,2298.286494,10584.944971
1166.287097,-1110.308913,-1225.752797,9104.533087
1166.287423,-666.185348,-3983.696590,8068.244768
1166.287749,-814.226536,-995.924147,8438.347739
1166.288075,222.061783,4673.182538,9400.615463
1166.288401,2590.720797,4903.011187,10288.862594
1166.288727,4293.194464,689.485948,10066.800811
1166.289053,3849.070898,-536.266849,8882.471304
1166.289379,3923.091493,3370.820191,9696.697840
1166.289705,4071.132681,5822.325785,10436.903782
1166.290030,2072.576638,3983.696590,9770.718434
1166.290356,666.185348,-536.266849,8364.327145
1166.290682,666.185348,-1838.629195,7920.203579
1166.291008,-666.185348,2221.676944,8882.471304
1166.291334,-962.267725,2987.772442,9844.739029
1166.291660,-370.102971,1608.800546,10362.883188
1166.291986,518.144159,153.219100,8956.491898
1166.292312,1776.494261,1072.533697,8512.368333
1166.292638,1480.411884,3983.696590,8660.409521
1166.292964,370.102971,4749.792088,7254.018232
1166.293290,-1110.308913,1915.238745,7476.080014
1166.293616,-666.185348,-459.657299,8512.368333
1166.293942,-444.123565,919.314598,9918.759623
1166.294267,-1702.473667,2451.505594,9326.594869
1166.294593,-74.020594,1149.143247,8956.491898
1166.294919,1554.432478,-689.485948,10066.800811
1166.295245,1406.391290,1378.971896,10214.842000
1166.295571,740.205942,4519.963438,9474.636058
1166.295897,518.144159,3830.477490,8068.244768
1166.296223,666.185348,459.657299,7105.977043
1166.296549,740.205942,-689.485948,7550.100608
1166.296875,-222.061783,2374.896044,9252.574275
1166.297201,-2146.597232,5056.230287,10214.842000
1166.297527,-1110.308913,1608.800546,9918.759623
1166.297853,740.205942,-2834.553343,9252.574275
1166.298179,-444.123565,-2298.286494,8808.450710
1166.298504,-1702.473667,2221.676944,9474.636058
1166.298830,-1258.350101,4749.792088,11103.089130
1166.299156,-740.205942,-536.266849,9992.780217
1166.299482,-1184.329507,-5515.887586,9104.533087
1166.299808,-2812.782580,-2911.162892,9844.739029
1166.300134,-3627.009116,1532.190996,10584.944971
1166.300460,-1776.494261,1378.971896,10807.006753
1166.300786,-444.123565,-3830.477490,10214.842000
1166.301112,-1184.329507,-5286.058936,9992.780217
1166.301438,-148.041188,-919.314598,8142.265362
1166.301764,222.061783,4826.401637,9992.780217
1166.302090,-222.061783,1685.410096,9326.594869
1166.302416,-1850.514855,-3600.648841,6957.935855
1166.302741,-1480.411884,-3830.477490,6439.791695
1166.303067,-740.205942,0.000000,9400.615463
1166.303393,-1332.370696,1915.238745,9030.512492
1166.303719,-592.164754,-306.438199,9474.636058
1166.304045,1850.514855,-3753.867940,9548.656652
1166.304371,2368.659014,-1072.533697,8734.430116
1166.304697,1998.556043,3370.820191,9992.780217
1166.305023,2516.700203,2221.676944,8956.491898
1166.305349,148.041188,-306.438199,8364.327145
1166.305675,0.000000,-2757.943793,7846.182985
1166.306001,-666.185348,-612.876398,9844.739029
1166.306327,-1628.453072,1608.800546,8586.388927
1166.306653,-1850.514855,-612.876398,8882.471304
1166.306978,0.000000,-2911.162892,10732.986159
1166.307304,2146.597232,-919.314598,11251.130318
1166.307630,1110.308913,3753.867940,12435.459826
1166.307956,1480.411884,2834.553343,10658.965565
1166.308282,1110.308913,306.438199,8364.327145
1166.308608,2590.720797,-1302.362347,8364.327145
1166.308934,1850.514855,1149.143247,9770.718434
1166.309260,814.226536,6128.763984,9992.780217
1166.309586,1776.494261,3294.210641,9844.739029
1166.309912,3256.906145,0.000000,10288.862594
1166.310238,3256.906145,383.047749,8882.471304
1166.310564,1554.432478,4596.572988,8142.265362
1166.310890,2442.679609,5362.668486,8586.388927
1166.311215,1628.453072,3370.820191,9178.553681
1166.311541,0.000000,459.657299,8216.285956
1166.311867,-1406.391290,1225.752797,7994.224174
1166.312193,-2146.597232,3064.381992,8586.388927
1166.312519,-1258.350101,2604.724693,8956.491898
1166.312845,370.102971,536.266849,8290.306550
1166.313171,148.041188,306.438199,8734.430116
1166.313497,-1258.350101,2451.505594,7994.224174
1166.313823,-1554.432478,4290.134789,9326.594869
1166.314149,-1184.329507,1915.238745,8068.244768
1166.314475,-2442.679609,-1302.362347,7179.997637
1166.314801,-3478.967927,-1378.971896,7105.977043
1166.315127,-3478.967927,1608.800546,9770.718434
1166.315452,-3849.070898,2068.457845,11251.130318
1166.315778,-1480.411884,-1608.800546,10214.842000
1166.316104,148.041188,-2451.505594,10658.965565
1166.316430,1480.411884,0.000000,9992.780217
1166.316756,1554.432478,4136.915689,10807.006753
1166.317082,2294.638420,3600.648841,11399.171507
1166.317408,1480.411884,-1072.533697,10584.944971
1166.317734,370.102971,-2604.724693,8438.347739
1166.318060,1406.391290,383.047749,9326.594869
1166.318386,-148.041188,2911.162892,10807.006753
1166.318712,-962.267725,1302.362347,9474.636058
1166.319038,222.061783,-3370.820191,9622.677246
1166.319364,1184.329507,-4443.353888,9548.656652
1166.319689,-666.185348,995.924147,9622.677246
1166.320015,-740.205942,3294.210641,8438.347739
1166.320341,-666.185348,-612.876398,7846.182985
1166.320667,-1554.432478,-5132.839837,7994.224174
1166.320993,-2590.720797,-3907.087040,9918.759623
1166.321319,-3330.926739,536.266849,10362.883188
1166.321645,-1850.514855,0.000000,7994.224174
1166.321971,0.000000,-4443.353888,9252.574275
1166.322297,1036.288319,-3447.429741,9992.780217
1166.322623,1554.432478,1608.800546,9326.594869
1166.322949,1332.370696,4290.134789,9474.636058
1166.323275,2146.597232,153.219100,9104.533087
1166.323601,1184.329507,-2451.505594,8660.409521
1166.323926,148.041188,-229.828649,9252.574275
1166.324252,222.061783,2528.115143,9918.759623
1166.324578,222.061783,1302.362347,9844.739029
1166.324904,1184.329507,-2298.286494,9992.780217
1166.325230,1998.556043,-766.095498,10066.800811
1166.325556,1258.350101,2987.772442,9178.553681
1166.325882,666.185348,4136.915689,10140.821405
1166.326208,222.061783,1072.533697,9474.636058
1166.326534,-1110.308913,-306.438199,8364.327145
1166.326860,-1998.556043,536.266849,7476.080014
1166.327186,-1554.432478,2757.943793,9400.615463
1166.327512,-2368.659014,2068.457845,9474.636058
1166.327838,-1702.473667,0.000000,8290.306550
1166.328163,0.000000,229.828649,8808.450710
1166.328489,962.267725,2451.505594,9030.512492
1166.328815,1628.453072,5439.278036,10214.842000
1166.329141,2368.659014,5132.839837,9326.594869
1166.329467,666.185348,2834.553343,8586.388927
1166.329793,0.000000,689.485948,7179.997637
1166.330119,592.164754,2451.505594,8290.306550
1166.330445,296.082377,3907.087040,10066.800811
1166.330771,0.000000,2451.505594,9474.636058
1166.331097,740.205942,1225.752797,9326.594869
1166.331423,3404.947333,919.314598,9474.636058
1166.331749,2220.617826,4519.963438,9400.615463
1166.332075,74.020594,5745.716235,8290.306550
1166.332400,222.061783,3064.381992,7254.018232
1166.332726,0.000000,-919.314598,7254.018232
1166.333052,-592.164754,-1072.533697,8882.471304
1166.333378,-2738.761985,2068.457845,10584.944971
1166.333704,-3108.864956,1915.238745,10066.800811
1166.334030,-1480.411884,-1838.629195,10436.903782
1166.334356,444.123565,-3983.696590,9992.780217
1166.334682,-1480.411884,-459.657299,10066.800811
1166.335008,-2146.597232,2834.553343,8956.491898
1166.335334,0.000000,1455.581446,8142.265362
1166.335660,0.000000,-2604.724693,8364.327145
1166.335986,-518.144159,-2451.505594,8290.306550
1166.336311,-592.164754,1991.848295,9252.574275
1166.336637,-1110.308913,3370.820191,10510.924376
1166.336963,296.082377,-2451.505594,9474.636058
1166.337289,1924.535449,-3983.696590,10066.800811
1166.337615,2368.659014,-383.047749,9474.636058
1166.337941,1036.288319,2987.772442,9474.636058
1166.338267,814.226536,1455.581446,9030.512492
1166.338593,0.000000,-2834.553343,10140.821405
1166.338919,-1036.288319,-3294.210641,9030.512492
1166.339245,-2072.576638,-229.828649,8956.491898
1166.339571,-2368.659014,919.314598,9844.739029
1166.339897,-1406.391290,-1685.410096,10288.862594
1166.340223,-740.205942,-2681.334243,9918.759623
1166.340549,1554.432478,-2068.457845,9770.718434
1166.340875,1406.391290,995.924147,10140.821405
1166.341200,74.020594,2987.772442,9104.533087
1166.341526,74.020594,1378.971896,9400.615463
1166.341852,148.041188,-1302.362347,8660.409521
1166.342178,-1110.308913,-1685.410096,8882.471304
1166.342504,-2590.720797,-229.828649,10436.903782
1166.342830,-3182.885551,-306.438199,8660.409521
1166.343156,-2368.659014,-842.705048,8438.347739
1166.343482,74.020594,-3217.601092,10807.006753
1166.343808,-1332.370696,-536.266849,10510.924376
1166.344134,-1480.411884,2834.553343,9178.553681
1166.344460,-592.164754,1685.410096,8734.430116
1166.344786,740.205942,-919.314598,7179.997637
1166.345112,1110.308913,842.705048,7920.203579
1166.345438,1036.288319,4826.401637,9844.739029
1166.345764,222.061783,4136.915689,8290.306550
1166.346089,2146.597232,1608.800546,8216.285956
1166.346415,4367.215058,-919.314598,9696.697840
1166.346741,3256.906145,3140.991542,10288.862594
1166.347067,1998.556043,6971.469032,9622.677246
1166.347393,2072.576638,2604.724693,8808.450710
1166.347719,1184.329507,-1532.190996,8734.430116
1166.348045,0.000000,-689.485948,8364.327145
1166.348371,-1184.329507,4136.915689,10214.842000
1166.348697,-1184.329507,4903.011187,9696.697840
1166.349023,518.144159,306.438199,9474.636058
1166.349349,2146.597232,-2298.286494,9474.636058
1166.349675,1036.288319,2374.896044,9474.636058
1166.350001,-666.185348,7201.297681,9474.636058
1166.350327,1036.288319,3370.820191,9400.615463
1166.350653,740.205942,-1608.800546,8586.388927
1166.350979,-444.123565,-2374.896044,7772.162391
1166.351304,-1924.535449,2604.724693,9770.718434
1166.351630,-1554.432478,4596.572988,10510.924376
1166.351956,1184.329507,-306.438199,10362.883188
1166.352282,1184.329507,-2451.505594,9992.780217
1166.352608,1480.411884,536.266849,8216.285956
1166.352934,2368.659014,4749.792088,8512.368333
1166.353260,1776.494261,5286.058936,8734.430116
1166.353586,296.082377,1225.752797,8734.430116
1166.353912,-740.205942,-1838.629195,6809.894666
1166.354238,-1628.453072,-459.657299,7698.141797
1166.354564,-2812.782580,1455.581446,10807.006753
1166.354890,-2886.803174,0.000000,9992.780217
1166.355216,-2220.617826,-2451.505594,9252.574275
1166.355542,-666.185348,-4060.306139,9178.553681
1166.355868,-2294.638420,-1072.533697,9770.718434
1166.356194,-2294.638420,2221.676944,8882.471304
1166.356519,-666.185348,1072.533697,8882.471304
1166.356845,74.020594,-2604.724693,8142.265362
1166.357171,-518.144159,-1532.190996,9770.718434
1166.357497,-666.185348,1685.410096,11843.295072
1166.357823,-1480.411884,1685.410096,9622.677246
1166.358149,-148.041188,-2834.553343,8586.388927
1166.358475,1406.391290,-5439.278036,9918.759623
1166.358801,74.020594,0.000000,11251.130318
1166.359127,-962.267725,4136.915689,10658.965565
1166.359453,-518.144159,842.705048,9474.636058
1166.359779,-1258.350101,-5209.449386,9548.656652
1166.360105,-2368.659014,-4060.306139,9104.533087
1166.360431,-2886.803174,1915.238745,9400.615463
1166.360757,-444.123565,2681.334243,8882.471304
1166.361083,666.185348,-1991.848295,9400.615463
1166.361408,1184.329507,-3677.258390,9178.553681
1166.361734,888.247130,766.095498,8142.265362
1166.362060,1110.308913,4290.134789,8142.265362
1166.362386,1628.453072,2145.067394,9178.553681
1166.362712,296.082377,-1608.800546,8660.409521
1166.363038,-370.102971,-1608.800546,7920.203579
1166.363364,-740.205942,1302.362347,9474.636058
1166.363690,-148.041188,1608.800546,9474.636058
1166.364016,888.247130,-536.266849,9326.594869
1166.364342,3256.906145,-1685.410096,9622.677246
1166.364668,3256.906145,2145.067394,10436.903782
1166.364994,2664.741391,4749.792088,9770.718434
1166.365320,3108.864956,3600.648841,10140.821405
1166.365646,2220.617826,1455.581446,8586.388927
1166.365972,962.267725,1072.533697,7698.141797
1166.366298,296.082377,2451.505594,7920.203579
1166.366623,0.000000,3370.820191,9474.636058
1166.366949,-444.123565,1991.848295,9400.615463
1166.367275,-814.226536,306.438199,9252.574275
1166.367601,-518.144159,766.095498,9474.636058
1166.367927,74.020594,2834.553343,9474.636058
1166.368253,-296.082377,3753.867940,9474.636058
1166.368579,0.000000,2068.457845,8882.471304
1166.368905,74.020594,153.219100,7920.203579
1166.369231,0.000000,1225.752797,9474.636058
1166.369557,-814.226536,2834.553343,11029.068536
1166.369883,-1406.391290,1838.629195,8660.409521
1166.370209,-296.082377,153.219100,8956.491898
1166.370535,1258.350101,-612.876398,10288.862594
1166.370861,814.226536,1915.238745,10436.903782
1166.371187,148.041188,4290.134789,9104.533087
1166.371513,-370.102971,2221.676944,8734.430116
1166.371838,-740.205942,-1378.971896,7624.121203
1166.372164,-1036.288319,-383.047749,7402.059420
1166.372490,-2442.679609,2757.943793,9548.656652
1166.372816,-2738.761985,2221.676944,8956.491898
1166.373142,-1332.370696,-1762.019645,7476.080014
1166.373468,222.061783,-2987.772442,8586.388927
1166.373794,222.061783,842.705048,9474.636058
1166.374120,-2294.638420,4366.744339,9696.697840
1166.374446,-1036.288319,229.828649,8586.388927
1166.374772,-888.247130,-4673.182538,8808.450710
1166.375098,-1702.473667,-4673.182538,8956.491898
1166.375424,-888.247130,995.924147,10214.842000
1166.375750,518.144159,2298.286494,11547.212695
1166.376076,1184.329507,-919.314598,10658.965565
1166.376402,1110.308913,-3524.039291,9770.718434
1166.376727,1776.494261,-1532.190996,8956.491898
1166.377053,1480.411884,3677.258390,9474.636058
1166.377379,1702.473667,3830.477490,10362.883188
1166.377705,1628.453072,-766.095498,9178.553681
1166.378031,222.061783,-2834.553343,8438.347739
1166.378357,-1480.411884,-1378.971896,9178.553681
1166.378683,-2220.617826,459.657299,10732.986159
1166.379009,-2220.617826,-919.314598,9326.594869
1166.379335,-1628.453072,-3677.258390,9770.718434
1166.379661,296.082377,-3140.991542,10436.903782
1166.379987,74.020594,1149.143247,10140.821405
1166.380313,-888.247130,2681.334243,9104.533087
1166.380639,-666.185348,0.000000,7846.182985
1166.380965,-444.123565,-1915.238745,6735.874072
1166.381291,222.061783,-612.876398,7772.162391
1166.381617,370.102971,2987.772442,9474.636058
1166.381942,-296.082377,2987.772442,8734.430116
1166.382268,-518.144159,-229.828649,9326.594869
1166.382594,2368.659014,-2604.724693,9178.553681
1166.382920,2886.803174,1455.581446,10066.800811
1166.383246,1480.411884,4443.353888,9696.697840
1166.383572,222.061783,2451.505594,8808.450710
1166.383898,740.205942,-995.924147,8512.368333
1166.384224,592.164754,-1455.581446,9030.512492
1166.384550,0.000000,2528.115143,10288.862594
1166.384876,222.061783,3830.477490,9400.615463
1166.385202,2294.638420,1991.848295,9030.512492
1166.385528,3108.864956,76.609550,10732.986159
1166.385854,1258.350101,1838.629195,10288.862594
1166.386180,-296.082377,4290.134789,8956.491898
1166.386506,444.123565,2757.943793,8438.347739
1166.386832,296.082377,0.000000,8882.471304
1166.387157,-1554.432478,229.828649,8364.327145
1166.387483,-1628.453072,2987.772442,8438.347739
1166.387809,-1258.350101,2681.334243,9548.656652
1166.388135,-1406.391290,536.266849,8808.450710
1166.388461,444.123565,76.609550,8438.347739
1166.388787,2368.659014,2757.943793,8586.388927
1166.389113,1406.391290,5975.544884,9030.512492
1166.389439,814.226536,3983.696590,8364.327145
1166.389765,444.123565,0.000000,8216.285956
1166.390091,-1184.329507,-1302.362347,8290.306550
1166.390417,-1480.411884,1072.533697,9548.656652
1166.390743,-1332.370696,2451.505594,11621.233289
1166.391069,-1554.432478,-153.219100,11177.109724
1166.391395,-1406.391290,-3983.696590,9918.759623
1166.391721,0.000000,-3217.601092,8438.347739
1166.392046,888.247130,1455.581446,8734.430116
1166.392372,888.247130,4749.792088,9400.615463
1166.392698,1702.473667,2834.553343,9622.677246
1166.393024,0.000000,-1225.752797,8438.347739
1166.393350,-1036.288319,-2221.676944,8290.306550
1166.393676,-1480.411884,612.876398,9696.697840
1166.394002,-888.247130,1225.752797,8512.368333
1166.394328,-592.164754,-1532.190996,8956.491898
1166.394654,1110.308913,-3983.696590,10807.006753
1166.394980,370.102971,-1532.190996,11843.295072
1166.395306,-1628.453072,1838.629195,10140.821405
1166.395632,-1702.473667,0.000000,8142.265362
1166.395958,-1036.288319,-3524.039291,7698.141797
1166.396284,-1036.288319,-2757.943793,7328.038826
1166.396610,-1406.391290,1149.143247,9252.574275
1166.396936,-2220.617826,1991.848295,10658.965565
1166.397261,-1184.329507,-1302.362347,8660.409521
1166.397587,1258.350101,-3830.477490,8956.491898
1166.397913,1850.514855,-536.266849,10510.924376
1166.398239,444.123565,3677.258390,10436.903782
1166.398565,148.041188,2451.505594,9770.718434
1166.398891,1184.329507,-3370.820191,9474.636058
1166.399217,-518.144159,-3064.381992,9178.553681
1166.399543,-1702.473667,0.000000,7920.203579
1166.399869,-1998.556043,2451.505594,9252.574275
1166.400195,-814.226536,0.000000,10214.842000
1166.400521,0.000000,-2221.676944,10955.047942
1166.400847,666.185348,0.000000,9918.759623
1166.401173,888.247130,2451.505594,9030.512492
1166.401499,888.247130,2681.334243,9178.553681
1166.401825,1702.473667,-229.828649,8438.347739
1166.402151,814.226536,0.000000,8290.306550
1166.402476,74.020594,1685.410096,9252.574275
1166.402802,444.123565,3140.991542,9844.739029
1166.403128,2220.617826,1915.238745,8068.244768
1166.403454,2368.659014,229.828649,8216.285956
1166.403780,1702.473667,1762.019645,8216.285956
1166.404106,2516.700203,4979.620737,8956.491898
1166.404432,2442.679609,5132.839837,9104.533087
1166.404758,1554.432478,1838.629195,8586.388927
1166.405084,0.000000,766.095498,8068.244768
1166.405410,148.041188,1455.581446,7179.997637
1166.405736,-296.082377,3447.429741,9844.739029
1166.406062,-296.082377,3064.381992,10140.821405
1166.406388,0.000000,1455.581446,9252.574275
1166.406714,1036.288319,76.609550,7920.203579
1166.407040,1258.350101,2298.286494,9030.512492
1166.407365,-740.205942,5439.278036,9400.615463
1166.407691,-962.267725,3217.601092,7994.224174
1166.408017,-1184.329507,-919.314598,8808.450710
1166.408343,-2146.597232,-1685.410096,9400.615463
1166.408669,-2886.803174,1685.410096,10732.986159
1166.408995,-1850.514855,2221.676944,10658.965565
1166.409321,-296.082377,-536.266849,11029.068536
1166.409647,888.247130,-2374.896044,11843.295072
1166.409973,1554.432478,306.438199,11399.171507
1166.410299,222.061783,4136.915689,10510.924376
1166.410625,740.205942,2145.067394,7920.203579
1166.410951,888.247130,-2221.676944,7402.059420
1166.411277,-1036.288319,-1762.019645,7846.182985
1166.411603,-2664.741391,1455.581446,9474.636058
1166.411929,-3182.885551,1685.410096,9474.636058
1166.412255,-2146.597232,-3064.381992,9104.533087
1166.412580,-814.226536,-5669.106685,9030.512492
1166.412906,74.020594,-1915.238745,9030.512492
1166.413232,666.185348,4213.525239,9622.677246
1166.413558,1258.350101,2068.457845,9252.574275
1166.413884,518.144159,-3217.601092,8808.450710
1166.414210,-1036.288319,-3753.867940,8586.388927
1166.414536,-888.247130,0.000000,8216.285956
1166.414862,-740.205942,1915.238745,9252.574275
1166.415188,-592.164754,-1685.410096,9252.574275
1166.415514,-296.082377,-3983.696590,9918.759623
1166.415840,962.267725,-2145.067394,9770.718434
1166.416166,1406.391290,1685.410096,10732.986159
1166.416492,222.061783,1838.629195,10510.924376
1166.416818,0.000000,-536.266849,9918.759623
1166.417144,0.000000,-2068.457845,9400.615463
1166.417470,-592.164754,-2221.676944,8660.409521
1166.417795,-1110.308913,536.266849,10658.965565
1166.418121,-1110.308913,842.705048,10881.027347
1166.418447,-518.144159,0.000000,9992.780217
1166.418773,1628.453072,-1378.971896,9326.594869
1166.419099,2368.659014,-459.657299,10214.842000
1166.419425,740.205942,2298.286494,9844.739029
1166.419751,370.102971,3753.867940,7772.162391
1166.420077,1406.391290,536.266849,7179.997637
1166.420403,1332.370696,-766.095498,8586.388927
1166.420729,-888.247130,2528.115143,9622.677246
1166.421055,-888.247130,4060.306139,8734.430116
1166.421381,0.000000,1608.800546,8512.368333
1166.421707,1924.535449,-1838.629195,8808.450710
1166.422033,2220.617826,459.657299,10066.800811
1166.422359,888.247130,5209.449386,8438.347739
1166.422684,296.082377,5669.106685,7920.203579
1166.423010,444.123565,1072.533697,8142.265362
1166.423336,-740.205942,-689.485948,7550.100608
1166.423662,-1850.514855,2221.676944,7698.141797
1166.423988,-1184.329507,4136.915689,8290.306550
1166.424314,-518.144159,2451.505594,8512.368333
1166.424640,814.226536,76.609550,9992.780217
1166.424966,1110.308913,995.924147,10807.006753
1166.425292,222.061783,4903.011187,10955.047942
1166.425618,148.041188,3983.696590,9548.656652
1166.425944,1702.473667,0.000000,8290.306550
1166.426270,1406.391290,-306.438199,8734.430116
1166.426596,-666.185348,3370.820191,10288.862594
1166.426922,-1480.411884,4596.572988,11325.150913
1166.427248,74.020594,919.314598,10140.821405
1166.427574,-370.102971,-2757.943793,8882.471304
1166.427899,-1258.350101,-995.924147,7772.162391
1166.428225,-222.061783,3907.087040,9622.677246
1166.428551,-592.164754,4596.572988,10288.862594
1166.428877,-740.205942,-842.705048,8956.491898
1166.429203,-2664.741391,-3983.696590,7772.162391
1166.429529,-2442.679609,-1225.752797,6513.812290
1166.429855,-1258.350101,2145.067394,8142.265362
1166.430181,-222.061783,1455.581446,10881.027347
1166.430507,-740.205942,-1532.190996,11251.130318
1166.430833,-444.123565,-995.924147,9326.594869
1166.431159,2516.700203,-536.266849,8364.327145
1166.431485,2220.617826,689.485948,8586.388927
1166.431811,444.123565,536.266849,7624.121203
1166.432137,0.000000,-459.657299,9252.574275
1166.432463,666.185348,-1378.971896,10140.821405
1166.432789,-370.102971,-1225.752797,10362.883188
1166.433114,-1628.453072,-842.705048,10584.944971
1166.433440,0.000000,-1225.752797,9178.553681
1166.433766,1628.453072,-1302.362347,8882.471304
1166.434092,2368.659014,-1225.752797,10214.842000
1166.434418,888.247130,1149.143247,11325.150913
1166.434744,-1480.411884,2068.457845,9252.574275
1166.435070,-1110.308913,-1149.143247,7550.100608
1166.435396,-1776.494261,-3447.429741,8142.265362
1166.435722,-3182.885551,-1608.800546,8956.491898
1166.436048,-3627.009116,842.705048,10214.842000
1166.436374,-1998.556043,0.000000,9252.574275
1166.436700,-962.267725,-2987.772442,10066.800811
1166.437026,-370.102971,-2681.334243,9622.677246
1166.437352,74.020594,2145.067394,9992.780217
1166.437678,222.061783,4519.963438,8734.430116
1166.438003,1406.391290,1532.190996,9030.512492
1166.438329,1184.329507,-536.266849,8586.388927
1166.438655,-296.082377,689.485948,8438.347739
1166.438981,0.000000,3370.820191,8438.347739
1166.439307,2368.659014,2298.286494,9030.512492
1166.439633,592.164754,766.095498,10807.006753
1166.439959,1554.432478,306.438199,9918.759623
1166.440285,2960.823768,2911.162892,9252.574275
1166.440611,2590.720797,3524.039291,9252.574275
1166.440937,1258.350101,1378.971896,9252.574275
1166.441263,-370.102971,1532.190996,7402.059420
1166.441589,-740.205942,2145.067394,7550.100608
1166.441915,-1702.473667,2681.334243,10066.800811
1166.442241,-2072.576638,919.314598,9844.739029
1166.442567,-1702.473667,0.000000,7772.162391
1166.442892,148.041188,-229.828649,7031.956449
1166.443218,1776.494261,1915.238745,9326.594869
1166.443544,2368.659014,4979.620737,11473.192101
1166.443870,888.247130,3677.258390,9622.677246
1166.444196,0.000000,766.095498,8290.306550
1166.444522,74.020594,-1991.848295,7476.080014
1166.444848,74.020594,1302.362347,8512.368333
1166.445174,1110.308913,5056.230287,10066.800811
1166.445500,1406.391290,3294.210641,10807.006753
1166.445826,1184.329507,0.000000,9548.656652
1166.446152,2294.638420,-459.657299,9844.739029
1166.446478,1480.411884,2987.772442,10362.883188
1166.446804,0.000000,4213.525239,7328.038826
1166.447130,-222.061783,1149.143247,7772.162391
1166.447455,-222.061783,-2374.896044,10214.842000
1166.447781,-1628.453072,459.657299,9474.636058
1166.448107,-3034.844362,2221.676944,8660.409521
1166.448433,-2960.823768,-995.924147,9252.574275
1166.448759,-1036.288319,-2834.553343,9252.574275
1166.449085,740.205942,-1072.533697,10140.821405
1166.449411,888.247130,2145.067394,11177.109724
1166.449737,-296.082377,2221.676944,9104.533087
1166.450063,-222.061783,-1991.848295,7476.080014
1166.450389,-148.041188,-3064.381992,9252.574275
1166.450715,-1850.514855,-612.876398,9400.615463
1166.451041,-2368.659014,1532.190996,11029.068536
1166.451367,-962.267725,-1225.752797,11103.089130
1166.451693,0.000000,-3983.696590,10436.903782
1166.452019,74.020594,-2987.772442,8142.265362
1166.452344,518.144159,1685.410096,9030.512492
1166.452670,148.041188,2834.553343,9252.574275
1166.452996,74.020594,536.266849,8586.388927
1166.453322,-592.164754,-1838.629195,9474.636058
1166.453648,-962.267725,-1225.752797,8364.327145
1166.453974,-1924.535449,995.924147,9104.533087
1166.454300,0.000000,919.314598,9474.636058
1166.454626,444.123565,-995.924147,8808.450710
1166.454952,444.123565,-1455.581446,9104.533087
1166.455278,814.226536,383.047749,10066.800811
1166.455604,592.164754,2528.115143,9696.697840
1166.455930,74.020594,919.314598,8142.265362
1166.456256,-1036.288319,-612.876398,8734.430116
1166.456582,-1036.288319,-612.876398,9252.574275
1166.456907,-1184.329507,-229.828649,8808.450710
1166.457233,-2368.659014,1378.971896,10066.800811
1166.457559,-1628.453072,-229.828649,9622.677246
1166.457885,370.102971,-1378.971896,8586.388927
1166.458211,2664.741391,612.876398,9400.615463
1166.458537,2886.803174,3447.429741,12953.603985
1166.458863,518.144159,4596.572988,11325.150913
1166.459189,1036.288319,2221.676944,8068.244768
1166.459515,2072.576638,-1302.362347,7550.100608
1166.459841,1110.308913,-383.047749,7476.080014
1166.460167,-592.164754,4979.620737,8364.327145
1166.460493,1480.411884,4903.011187,9622.677246
1166.460819,2664.741391,1378.971896,10658.965565
1166.461145,2590.720797,-153.219100,9474.636058
1166.461471,2294.638420,2757.943793,9474.636058
1166.461796,1554.432478,5669.106685,7846.182985
1166.462122,1480.411884,3524.039291,7476.080014
1166.462448,888.247130,-536.266849,9326.594869
1166.462774,-962.267725,76.609550,9548.656652
1166.463100,-2146.597232,3064.381992,8882.471304
1166.463426,-666.185348,2145.067394,7772.162391
1166.463752,148.041188,-766.095498,8660.409521
1166.464078,370.102971,536.266849,8956.491898
1166.464404,0.000000,3983.696590,9030.512492
1166.464730,-370.102971,4749.792088,7772.162391
1166.465056,-814.226536,76.609550,6513.812290
1166.465382,-2368.659014,-1685.410096,8216.285956
1166.465708,-2590.720797,1455.581446,8734.430116
1166.466034,-1924.535449,3064.381992,10584.944971
1166.466359,-1332.370696,612.876398,12657.521608
1166.466685,-370.102971,-3830.477490,11399.171507
1166.467011,148.041188,-2451.505594,9474.636058
1166.467337,1776.494261,1608.800546,8808.450710
1166.467663,2368.659014,4136.915689,11177.109724
1166.467989,1036.288319,1915.238745,10436.903782
1166.468315,-296.082377,-766.095498,9178.553681
1166.468641,0.000000,-1762.019645,8290.306550
1166.468967,-1184.329507,306.438199,9918.759623
1166.469293,-2442.679609,1455.581446,10584.944971
1166.469619,-592.164754,-689.485948,9844.739029
1166.469945,222.061783,-2604.724693,9400.615463
1166.470271,148.041188,-2145.067394,8734.430116
1166.470597,-1332.370696,536.266849,9326.594869
1166.470922,-1998.556043,1838.629195,8068.244768
1166.471248,-3330.926739,-842.705048,7698.141797
1166.471574,-1628.453072,-4749.792088,7550.100608
1166.471900,-2072.576638,-3140.991542,9548.656652
1166.472226,-4219.173869,536.266849,10436.903782
1166.472552,-2442.679609,459.657299,9030.512492
1166.472878,1480.411884,-2987.772442,8882.471304
1166.473204,3478.967927,-4366.744339,9030.512492
1166.473530,2516.700203,919.314598,9918.759623
1166.473856,2442.679609,6128.763984,9548.656652
1166.474182,2886.803174,2528.115143,8956.491898
1166.474508,2886.803174,-2834.553343,8290.306550
1166.474834,888.247130,-1991.848295,9030.512492
1166.475160,-814.226536,2911.162892,9474.636058
1166.475486,-74.020594,2145.067394,9474.636058
1166.475811,962.267725,-2528.115143,10510.924376
1166.476137,1110.308913,-4443.353888,11399.171507
1166.476463,222.061783,842.705048,9770.718434
1166.476789,518.144159,4903.011187,9622.677246
1166.477115,888.247130,2451.505594,8734.430116
1166.477441,148.041188,-1608.800546,7624.121203
1166.477767,-814.226536,0.000000,6883.915261
1166.478093,-962.267725,4290.134789,9474.636058
1166.478419,-962.267725,4213.525239,9696.697840
1166.478745,0.000000,-689.485948,9178.553681
1166.479071,444.123565,-2451.505594,8734.430116
1166.479397,2072.576638,1532.190996,9696.697840
1166.479723,2442.679609,6894.859482,11177.109724
1166.480049,2220.617826,4519.963438,9992.780217
1166.480374,0.000000,-612.876398,8068.244768
1166.480700,-666.185348,-1532.190996,7402.059420
1166.481026,-444.123565,3294.210641,9178.553681
1166.481352,0.000000,6205.373534,9252.574275
1166.481678,74.020594,2987.772442,9326.594869
1166.482004,0.000000,0.000000,8068.244768
1166.482330,1332.370696,919.314598,8734.430116
1166.482656,666.185348,5439.278036,9474.636058
1166.482982,666.185348,5056.230287,8956.491898
1166.483308,-222.061783,689.485948,6957.935855
1166.483634,-444.123565,-2068.457845,7772.162391
1166.483960,-1554.432478,995.924147,9252.574275
1166.484286,-2664.741391,3983.696590,10140.821405
1166.484612,-2664.741391,153.219100,8734.430116
1166.484937,-1554.432478,-4366.744339,8512.368333
1166.485263,148.041188,-2834.553343,8586.388927
1166.485589,0.000000,2834.553343,10732.986159
1166.485915,-1110.308913,4749.792088,9992.780217
1166.486241,-444.123565,-229.828649,7994.224174
1166.486567,962.267725,-3983.696590,9252.574275
1166.486893,74.020594,-1532.190996,9326.594869
1166.487219,-2516.700203,3677.258390,9918.759623
1166.487545,-1850.514855,1608.800546,10436.903782
1166.487871,222.061783,-3983.696590,10066.800811
1166.488197,666.185348,-5209.449386,9400.615463
1166.488523,518.144159,-229.828649,9844.739029
1166.488849,666.185348,4443.353888,10288.862594
1166.489175,740.205942,1762.019645,10140.821405
1166.489501,222.061783,-4136.915689,9548.656652
1166.489826,-222.061783,-4290.134789,9104.533087
1166.490152,-518.144159,1225.752797,9474.636058
1166.490478,148.041188,3294.210641,9474.636058
1166.490804,1702.473667,-1149.143247,8660.409521
1166.491130,1184.329507,-3524.039291,9474.636058
1166.491456,0.000000,-1302.362347,10066.800811
1166.491782,592.164754,3370.820191,9992.780217
1166.492108,518.144159,1378.971896,9326.594869
1166.492434,-1258.350101,-2834.553343,8660.409521
1166.492760,-2294.638420,-3753.867940,7846.182985
1166.493086,-2368.659014,689.485948,9400.615463
1166.493412,-2812.782580,1378.971896,9252.574275
1166.493738,-2738.761985,-3140.991542,8364.327145
1166.494064,-1998.556043,-2681.334243,8660.409521
1166.494389,518.144159,0.000000,8586.388927
1166.494715,1184.329507,3983.696590,9474.636058
1166.495041,444.123565,2911.162892,9252.574275
1166.495367,-1184.329507,306.438199,9548.656652
1166.495693,0.000000,-1072.533697,7254.018232
1166.496019,592.164754,766.095498,8216.285956
1166.496345,-1406.391290,1991.848295,11621.233289
1166.496671,-1332.370696,536.266849,10658.965565
1166.496997,1480.411884,-229.828649,10140.821405
1166.497323,5551.544565,-306.438199,10732.986159
1166.497649,2664.741391,3677.258390,11621.233289
1166.497975,1702.473667,5286.058936,9252.574275
1166.498301,4811.338623,1991.848295,7698.141797
1166.498627,3775.050304,1608.800546,8586.388927
1166.498952,1850.514855,1608.800546,9252.574275
1166.499278,-740.205942,5439.278036,8660.409521
1166.499604,-370.102971,4903.011187,8290.306550
1166.499930,444.123565,-995.924147,9178.553681
1166.500256,-518.144159,-2528.115143,8956.491898
1166.500582,-1924.535449,1915.238745,8364.327145
1166.500908,-1702.473667,5056.230287,9474.636058
1166.501234,-888.247130,1915.238745,9030.512492
1166.501560,-666.185348,-1991.848295,8512.368333
1166.501886,-1628.453072,-1915.238745,8586.388927
1166.502212,-2368.659014,3294.210641,9178.553681
1166.502538,-296.082377,4596.572988,9104.533087
1166.502864,2072.576638,306.438199,10066.800811
1166.503190,740.205942,-1838.629195,10288.862594
1166.503516,1036.288319,689.485948,9326.594869
1166.503841,1628.453072,4903.011187,10288.862594
1166.504167,1184.329507,3217.601092,9696.697840
1166.504493,370.102971,-1302.362347,8512.368333
1166.504819,0.000000,-2911.162892,7328.038826
1166.505145,-1406.391290,1685.410096,10214.842000
1166.505471,-2664.741391,3140.991542,10584.944971
1166.505797,-1258.350101,0.000000,9178.553681
1166.506123,222.061783,-3140.991542,9622.677246
1166.506449,666.185348,-1685.410096,9252.574275
1166.506775,296.082377,3447.429741,9548.656652
1166.507101,740.205942,3447.429741,9326.594869
1166.507427,0.000000,-1378.971896,7328.038826
1166.507753,-518.144159,-2757.943793,7550.100608
1166.508079,-1184.329507,153.219100,9548.656652
1166.508404,-2146.597232,2451.505594,10510.924376
1166.508730,-2368.659014,-1608.800546,8142.265362
1166.509056,-1776.494261,-5056.230287,8734.430116
1166.509382,0.000000,-2911.162892,10658.965565
1166.509708,0.000000,2528.115143,11695.253884
1166.510034,-370.102971,2451.505594,10584.944971
1166.510360,-888.247130,-3600.648841,10066.800811
1166.510686,-888.247130,-5056.230287,9030.512492
1166.511012,-222.061783,-306.438199,10214.842000
1166.511338,-592.164754,3907.087040,11473.192101
1166.511664,0.000000,-229.828649,9178.553681
1166.511990,444.123565,-4749.792088,9178.553681
1166.512316,888.247130,-3294.210641,10066.800811
1166.512642,740.205942,2681.334243,9326.594869
1166.512967,1110.308913,4903.011187,9252.574275
1166.513293,74.020594,0.000000,9178.553681
1166.513619,-740.205942,-4213.525239,7105.977043
1166.513945,-1184.329507,-1302.362347,7402.059420
1166.514271,-1702.473667,3064.381992,9992.780217
1166.514597,-740.205942,2221.676944,9844.739029
1166.514923,888.247130,-1302.362347,8290.306550
1166.515249,1332.370696,-2681.334243,8438.347739
1166.515575,518.144159,842.705048,9030.512492
1166.515901,888.247130,4749.792088,9030.512492
1166.516227,2442.679609,3677.258390,9474.636058
1166.516553,2072.576638,689.485948,7846.182985
1166.516879,592.164754,0.000000,6587.832884
1166.517205,1332.370696,3064.381992,8438.347739
1166.517531,1036.288319,4903.011187,10214.842000
1166.517856,888.247130,2451.505594,10214.842000
1166.518182,2146.597232,383.047749,11103.089130
1166.518508,3404.947333,1149.143247,9918.759623
1166.518834,3330.926739,4136.915689,10362.883188
1166.519160,1554.432478,4826.401637,10584.944971
1166.519486,370.102971,2298.286494,9030.512492
1166.519812,74.020594,459.657299,8438.347739
1166.520138,148.041188,306.438199,9622.677246
1166.520464,-1702.473667,3140.991542,10436.903782
1166.520790,-2368.659014,2987.772442,9474.636058
1166.521116,-1924.535449,76.609550,9400.615463
1166.521442,-444.123565,-1225.752797,8290.306550
1166.521768,666.185348,1762.019645,8512.368333
1166.522094,0.000000,4826.401637,8364.327145
1166.522419,-962.267725,3140.991542,7254.018232
1166.522745,-1258.350101,-383.047749,7105.977043
1166.523071,-1554.432478,-1149.143247,8808.450710
1166.523397,-3034.844362,2298.286494,9474.636058
1166.523723,-3108.864956,2911.162892,8660.409521
1166.524049,-1406.391290,-1455.581446,9252.574275
1166.524375,0.000000,-3524.039291,9474.636058
1166.524701,0.000000,-383.047749,9104.533087
1166.525027,74.020594,3600.648841,10584.944971
1166.525353,148.041188,2298.286494,9400.615463
1166.525679,0.000000,-2451.505594,8660.409521
1166.526005,-518.144159,-2757.943793,7994.224174
1166.526331,-962.267725,1532.190996,10584.944971
1166.526657,-370.102971,3370.820191,10584.944971
1166.526982,888.247130,-229.828649,10955.047942
1166.527308,592.164754,-4519.963438,9770.718434
1166.527634,-740.205942,-3064.381992,9474.636058
1166.527960,-1258.350101,2145.067394,11325.150913
1166.528286,370.102971,1532.190996,9770.718434
1166.528612,-2368.659014,-1455.581446,9548.656652
1166.528938,-4367.215058,-5132.839837,7994.224174
1166.529264,-4441.235652,-2451.505594,8068.244768
1166.529590,-2960.823768,612.876398,8660.409521
1166.529916,-1628.453072,-919.314598,10807.006753
1166.530242,74.020594,-2451.505594,10066.800811
1166.530568,2516.700203,-1149.143247,9474.636058
1166.530894,2590.720797,1532.190996,10140.821405
1166.531220,2664.741391,2145.067394,10510.924376
1166.531546,1258.350101,383.047749,8808.450710
1166.531871,1036.288319,-1455.581446,8512.368333
1166.532197,1110.308913,-919.314598,9474.636058
1166.532523,-444.123565,1302.362347,10510.924376
1166.532849,-888.247130,766.095498,8882.471304
1166.533175,1036.288319,-1532.190996,7994.224174
1166.533501,2590.720797,-1532.190996,8290.306550
1166.533827,2368.659014,2374.896044,9474.636058
1166.534153,1628.453072,5132.839837,8956.491898
1166.534479,962.267725,2451.505594,7254.018232
1166.534805,740.205942,-1225.752797,6661.853478
1166.535131,1110.308913,-995.924147,8290.306550
1166.535457,-1258.350101,4290.134789,10362.883188
1166.535783,-2146.597232,4060.306139,9252.574275
1166.536109,-666.185348,-919.314598,9252.574275
1166.536434,740.205942,-3983.696590,10140.821405
1166.536760,-592.164754,0.000000,10807.006753
1166.537086,0.000000,5439.278036,9696.697840
1166.537412,2368.659014,4903.011187,9474.636058
1166.537738,1850.514855,0.000000,9770.718434
1166.538064,518.144159,0.000000,9400.615463
1166.538390,962.267725,4903.011187,9474.636058
1166.538716,1332.370696,6435.202183,9770.718434
1166.539042,2220.617826,2145.067394,9104.533087
1166.539368,2368.659014,0.000000,9178.553681
1166.539694,2368.659014,2374.896044,8734.430116
1166.540020,888.247130,6435.202183,10066.800811
1166.540346,-370.102971,4060.306139,10066.800811
1166.540672,-1110.308913,-842.705048,8882.471304
1166.540997,-2886.803174,-2221.676944,7846.182985
1166.541323,-3034.844362,306.438199,8586.388927
1166.541649,-2812.782580,3294.210641,9400.615463
1166.541975,-1776.494261,766.095498,8734.430116
1166.542301,-1924.535449,-1455.581446,9030.512492
1166.542627,-444.123565,-306.438199,7105.977043
1166.542953,370.102971,3370.820191,7920.203579
1166.543279,296.082377,4060.306139,8808.450710
1166.543605,-740.205942,383.047749,7402.059420
1166.543930,-1850.514855,-1608.800546,7031.956449
1166.544256,-1036.288319,-1532.190996,10066.800811
1166.544582,-2516.700203,0.000000,11473.192101
1166.544908,-2442.679609,-1302.362347,10955.047942
1166.545234,-1554.432478,-3600.648841,11473.192101
1166.545560,518.144159,-3907.087040,11177.109724
1166.545886,1184.329507,-536.266849,10214.842000
1166.546212,888.247130,2451.505594,9696.697840
1166.546538,888.247130,689.485948,7179.997637
1166.546863,592.164754,-612.876398,7476.080014
1166.547189,740.205942,76.609550,9992.780217
1166.547515,0.000000,1915.238745,11029.068536
1166.547841,-1850.514855,1149.143247,9770.718434
1166.548167,-592.164754,-3447.429741,8586.388927
1166.548493,888.247130,-4443.353888,9178.553681
1166.548819,444.123565,-306.438199,10362.883188
1166.549145,0.000000,2911.162892,10066.800811
1166.549471,0.000000,612.876398,7994.224174
1166.549796,-444.123565,-3830.477490,7772.162391
1166.550122,-1184.329507,-2528.115143,8808.450710
1166.550448,-1480.411884,2604.724693,9400.615463
1166.550774,-1110.308913,2757.943793,9400.615463
1166.551100,148.041188,-2221.676944,9622.677246
1166.551426,370.102971,-4979.620737,9548.656652
1166.551752,444.123565,-1302.362347,8438.347739
1166.552078,592.164754,3447.429741,10214.842000
1166.552404,2072.576638,1991.848295,10510.924376
1166.552729,1184.329507,-1455.581446,10436.903782
1166.553055,74.020594,-1991.848295,8364.327145
1166.553381,-666.185348,842.705048,9178.553681
1166.553707,-592.164754,2681.334243,10584.944971
1166.554033,1258.350101,1149.143247,9622.677246
1166.554359,2738.761985,-689.485948,9474.636058
1166.554685,3701.029710,689.485948,9918.759623
1166.555011,2590.720797,5592.497135,10362.883188
1166.555337,2886.803174,5669.106685,9178.553681
1166.555662,1998.556043,2528.115143,7846.182985
1166.555988,518.144159,1072.533697,6809.894666
1166.556314,0.000000,2987.772442,7772.162391
1166.556640,-1184.329507,5745.716235,9474.636058
1166.556966,-2442.679609,3217.601092,8660.409521
1166.557292,-2146.597232,-1149.143247,7476.080014
1166.557618,-740.205942,-1455.581446,7994.224174
1166.557944,-518.144159,3600.648841,9178.553681
1166.558270,-888.247130,7354.516781,10066.800811
1166.558595,-962.267725,3753.867940,8882.471304
1166.558921,-1776.494261,-536.266849,7772.162391
1166.559247,-1036.288319,-383.047749,7994.224174
1166.559573,-1036.288319,3447.429741,9030.512492
1166.559899,-1702.473667,3907.087040,9030.512492
1166.560225,-740.205942,919.314598,9918.759623
1166.560551,1110.308913,-1149.143247,11547.212695
1166.560877,1406.391290,459.657299,10436.903782
1166.561203,-740.205942,2451.505594,8660.409521
1166.561528,-518.144159,383.047749,8734.430116
1166.561854,-1036.288319,-1685.410096,9548.656652
1166.562180,-666.185348,-1149.143247,10436.903782
1166.562506,0.000000,919.314598,11029.068536
1166.562832,-1480.411884,1225.752797,10066.800811
1166.563158,148.041188,-1608.800546,7994.224174
1166.563484,2886.803174,-1991.848295,8808.450710
1166.563810,3330.926739,459.657299,9030.512492
1166.564136,1924.535449,3370.820191,10066.800811
1166.564461,2072.576638,2068.457845,9104.533087
1166.564787,740.205942,-1302.362347,7254.018232
1166.565113,-1332.370696,-3907.087040,7994.224174
1166.565439,-3182.885551,-2987.772442,8882.471304
1166.565765,-3256.906145,-612.876398,10881.027347
1166.566091,-1702.473667,-2374.896044,10584.944971
1166.566417,-1110.308913,-4673.182538,10807.006753
1166.566743,0.000000,-3983.696590,9178.553681
1166.567069,518.144159,1149.143247,9548.656652
1166.567394,296.082377,3600.648841,8882.471304
1166.567720,1332.370696,0.000000,7698.141797
1166.568046,-444.123565,-2604.724693,8068.244768
1166.568372,296.082377,-919.314598,9474.636058
1166.568698,-370.102971,2834.553343,11029.068536
1166.569024,-3256.906145,536.266849,10214.842000
1166.569350,-1924.535449,-5209.449386,8808.450710
1166.569676,0.000000,-3753.867940,10881.027347
1166.570002,1628.453072,842.705048,11769.274478
1166.570327,0.000000,4979.620737,12657.521608
1166.570653,0.000000,842.705048,7994.224174
1166.570979,-962.267725,-2911.162892,8216.285956
1166.571305,-296.082377,-1378.971896,7772.162391
1166.571631,-962.267725,4826.401637,9326.594869
1166.571957,-2294.638420,5669.106685,9474.636058
1166.572283,0.000000,0.000000,9474.636058
1166.572609,1332.370696,-2451.505594,8660.409521
1166.572935,1776.494261,919.314598,9252.574275
1166.573260,-444.123565,4979.620737,9918.759623
1166.573586,0.000000,3830.477490,7994.224174
1166.573912,296.082377,0.000000,7698.141797
1166.574238,592.164754,153.219100,8364.327145
1166.574564,-444.123565,4519.963438,7476.080014
1166.574890,-888.247130,6435.202183,7105.977043
1166.575216,740.205942,2451.505594,7846.182985
1166.575542,3330.926739,0.000000,9252.574275
1166.575868,3552.988522,2911.162892,9992.780217
1166.576194,1850.514855,6665.030833,9622.677246
1166.576519,1702.473667,3753.867940,8734.430116
1166.576845,1036.288319,-842.705048,7846.182985
1166.577171,222.061783,-995.924147,8290.306550
1166.577497,222.061783,2451.505594,8956.491898
1166.577823,0.000000,4673.182538,11399.171507
1166.578149,0.000000,1225.752797,10362.883188
1166.578475,1036.288319,-1149.143247,9696.697840
1166.578801,2146.597232,-153.219100,10140.821405
1166.579127,1850.514855,3524.039291,9400.615463
1166.579452,1184.329507,4290.134789,9548.656652
1166.579778,1258.350101,383.047749,8956.491898
1166.580104,-1332.370696,-1455.581446,9030.512492
1166.580430,-1998.556043,-1072.533697,7994.224174
1166.580756,-2442.679609,1149.143247,10584.944971
1166.581082,-3108.864956,459.657299,10732.986159
1166.581408,-2072.576638,-2681.334243,9918.759623
1166.581734,74.020594,-3447.429741,9770.718434
1166.582060,666.185348,-766.095498,10881.027347
1166.582385,-888.247130,2451.505594,9696.697840
1166.582711,0.000000,1149.143247,8068.244768
1166.583037,1110.308913,-1991.848295,7772.162391
1166.583363,0.000000,-1532.190996,9326.594869
1166.583689,-1406.391290,2145.067394,10436.903782
1166.584015,-444.123565,1915.238745,8734.430116
1166.584341,0.000000,-2068.457845,8956.491898
1166.584667,222.061783,-4749.792088,9770.718434
1166.584993,-148.041188,-612.876398,9474.636058
1166.585318,-148.041188,3447.429741,9548.656652
1166.585644,-370.102971,-306.438199,8660.409521
1166.585970,-2664.741391,-4290.134789,8290.306550
1166.586296,-2146.597232,-3447.429741,7254.018232
1166.586622,-2368.659014,1455.581446,9400.615463
1166.586948,-3330.926739,2298.286494,9326.594869
1166.587274,-1702.473667,-2604.724693,9104.533087
1166.587600,444.123565,-4596.572988,9474.636058
1166.587926,74.020594,-689.485948,9770.718434
1166.588251,-1628.453072,3677.258390,10066.800811
1166.588577,666.185348,2451.505594,9844.739029
1166.588903,1110.308913,-2528.115143,9548.656652
1166.589229,-592.164754,-3064.381992,8882.471304
1166.589555,-1184.329507,612.876398,9622.677246
1166.589881,-518.144159,4290.134789,10732.986159
1166.590207,1110.308913,1072.533697,10436.903782
1166.590533,2812.782580,-1991.848295,9622.677246
1166.590859,3478.967927,-536.266849,9918.759623
1166.591184,2812.782580,4290.134789,9548.656652
1166.591510,3034.844362,6052.154434,10362.883188
1166.591836,3775.050304,2451.505594,8586.388927
1166.592162,2368.659014,153.219100,7920.203579
1166.592488,1258.350101,2604.724693,8068.244768
1166.592814,2368.659014,4366.744339,9104.533087
1166.593140,1998.556043,4136.915689,8956.491898
1166.593466,1258.350101,766.095498,8142.265362
1166.593792,2294.638420,1072.533697,8660.409521
1166.594117,3552.988522,4290.134789,8216.285956
1166.594443,1924.535449,6128.763984,8882.471304
1166.594769,1184.329507,4290.134789,7772.162391
1166.595095,296.082377,1685.410096,7994.224174
1166.595421,1406.391290,766.095498,8290.306550
1166.595747,740.205942,2681.334243,10362.883188
1166.596073,-148.041188,3524.039291,10362.883188
1166.596399,-222.061783,1838.629195,9696.697840
1166.596725,2220.617826,383.047749,9400.615463
1166.597050,3775.050304,1455.581446,9548.656652
1166.597376,2516.700203,5362.668486,9400.615463
1166.597702,2220.617826,5592.497135,8586.388927
1166.598028,1998.556043,3830.477490,8586.388927
1166.598354,962.267725,1149.143247,7994.224174
1166.598680,-370.102971,2221.676944,9104.533087
1166.599006,-518.144159,4060.306139,9992.780217
1166.599332,-148.041188,3370.820191,10510.924376
1166.599658,0.000000,0.000000,10881.027347
1166.599983,-148.041188,-1225.752797,9918.759623
1166.600309,814.226536,536.266849,7846.182985
1166.600635,2072.576638,4979.620737,9474.636058
1166.600961,3330.926739,5362.668486,9696.697840
1166.601287,1776.494261,3677.258390,9030.512492
1166.601613,370.102971,1455.581446,7476.080014
1166.601939,0.000000,0.000000,7328.038826
1166.602265,444.123565,995.924147,9474.636058
1166.602591,444.123565,1532.190996,11843.295072
1166.602916,1554.432478,1532.190996,12139.377449
1166.603242,2368.659014,-995.924147,9400.615463
1166.603568,2812.782580,-1225.752797,8956.491898
1166.603894,4663.297435,1455.581446,8142.265362
1166.604220,4145.153275,6281.983084,8290.306550
1166.604546,4367.215058,6511.811733,7476.080014
1166.604872,4811.338623,1991.848295,8660.409521
1166.605198,518.144159,0.000000,9918.759623
1166.605524,-2294.638420,-995.924147,9178.553681
1166.605849,-2072.576638,-689.485948,10658.965565
1166.606175,444.123565,-1532.190996,12731.542202
1166.606501,814.226536,-2068.457845,13175.665768
1166.606827,1924.535449,-459.657299,10214.842000
1166.607153,3627.009116,842.705048,7994.224174
1166.607479,5033.400406,3140.991542,7105.977043
1166.607805,6661.853478,7048.078582,6587.832884
1166.608131,6957.935855,9959.241474,6069.688724
1166.608457,6217.729913,9039.926876,6069.688724
1166.608782,2516.700203,4519.963438,7031.956449
1166.609108,518.144159,153.219100,8290.306550
1166.609434,-3182.885551,-1149.143247,9770.718434
1166.609760,-3552.988522,-1838.629195,10881.027347
1166.610086,-962.267725,-1532.190996,13693.809927
1166.610412,1110.308913,-306.438199,15174.221811
1166.610738,1184.329507,1991.848295,12731.542202
1166.611064,2516.700203,4443.353888,8438.347739
1166.611390,6217.729913,6128.763984,5551.544565
1166.611716,9400.615463,10342.289223,5551.544565
1166.612041,10584.944971,12793.794817,5699.585753
1166.612367,8882.471304,12257.527968,6661.853478
1166.612693,5255.462188,8733.488677,8512.368333
1166.613019,1554.432478,3294.210641,10288.862594
1166.613345,-1406.391290,0.000000,11251.130318
1166.613671,-2886.803174,-2374.896044,12509.480420
1166.613997,-4293.194464,-2987.772442,13915.871710
1166.614323,-4367.215058,-2451.505594,13915.871710
1166.614649,-1258.350101,-919.314598,11325.150913
1166.614974,888.247130,2374.896044,8808.450710
1166.615300,2146.597232,6205.373534,4737.318029
1166.615626,4663.297435,8963.317327,2368.659014
1166.615952,7179.997637,9652.803275,2960.823768
1166.616278,6291.750507,10035.851024,4145.153275
1166.616604,2812.782580,8656.879127,4071.132681
1166.616930,3256.906145,4673.182538,6365.771101
1166.617256,1332.370696,766.095498,9770.718434
1166.617582,-1628.453072,-1532.190996,13323.706956
1166.617907,-2738.761985,-3064.381992,16358.551318
1166.618233,-2146.597232,-4673.182538,17172.777854
1166.618559,-1110.308913,-5362.668486,17394.839637
1166.618885,-444.123565,-2834.553343,15026.180623
1166.619211,1406.391290,1149.143247,11029.068536
1166.619537,4811.338623,3907.087040,7476.080014
1166.619863,8364.327145,5132.839837,6439.791695
1166.620189,9104.533087,8044.002729,3627.009116
1166.620515,8216.285956,11414.822920,962.267725
1166.620840,7772.162391,10878.556072,962.267725
1166.621166,6957.935855,6665.030833,3404.947333
1166.621492,2442.679609,2681.334243,6883.915261
1166.621818,-1184.329507,153.219100,10288.862594
1166.622144,-3404.947333,-2298.286494,13693.809927
1166.622470,-4885.359217,-5822.325785,15544.324782
1166.622796,-5329.482782,-8810.098227,16580.613101
1166.623122,-3923.091493,-8273.831378,17838.963202
1166.623448,-2664.741391,-4290.134789,16284.530724
1166.623773,1406.391290,0.000000,14211.954086
1166.624099,4663.297435,2604.724693,10955.047942
1166.624425,5847.626942,5439.278036,6735.874072
1166.624751,7254.018232,7354.516781,3330.926739
1166.625077,8660.409521,9039.926876,2664.741391
1166.625403,7550.100608,9193.145976,2664.741391
1166.625729,5403.503377,7967.393179,2886.803174
1166.626055,4367.215058,6281.983084,4219.173869
1166.626381,3182.885551,4213.525239,6883.915261
1166.626706,1036.288319,1915.238745,8364.327145
1166.627032,-740.205942,842.705048,10362.883188
1166.627358,-1924.535449,306.438199,11399.171507
1166.627684,-2590.720797,536.266849,12509.480420
1166.628010,-3256.906145,-306.438199,13323.706956
1166.628336,-3182.885551,-1378.971896,13397.727550
1166.628662,-4219.173869,-1302.362347,12879.583391
1166.628988,-2368.659014,-306.438199,11769.274478
1166.629314,444.123565,1378.971896,11251.130318
1166.629639,2590.720797,2528.115143,9474.636058
1166.629965,4071.132681,4673.182538,7624.121203
1166.630291,5255.462188,6511.811733,6365.771101
1166.630617,7254.018232,7967.393179,5847.626942
1166.630943,8660.409521,9193.145976,5921.647536
1166.631269,9252.574275,9882.631924,5921.647536
1166.631595,8068.244768,9652.803275,6957.935855
1166.631921,5033.400406,6971.469032,7698.141797
1166.632247,2590.720797,3753.867940,10214.842000
1166.632572,0.000000,842.705048,11991.336260
1166.632898,-1776.494261,-612.876398,12805.562797
1166.633224,-2294.638420,-1838.629195,14359.995275
1166.633550,-2220.617826,-1915.238745,14508.036463
1166.633876,-1036.288319,-1072.533697,13397.727550
1166.634202,1258.350101,1378.971896,10658.965565
1166.634528,3478.967927,4060.306139,7994.224174
1166.634854,4663.297435,6741.640382,4737.318029
1166.635180,6291.750507,8733.488677,3330.926739
1166.635505,7698.141797,9499.584175,2590.720797
1166.635831,6513.812290,8656.879127,2590.720797
1166.636157,3034.844362,6818.249932,2442.679609
1166.636483,1110.308913,3600.648841,4885.359217
1166.636809,-1036.288319,1225.752797,8142.265362
1166.637135,-3182.885551,-1685.410096,10955.047942
1166.637461,-5551.544565,-4136.915689,13397.727550
1166.637787,-6957.935855,-5745.716235,14285.974681
1166.638113,-5551.544565,-5669.106685,14804.118840
1166.638438,-3034.844362,-4749.792088,15766.386565
1166.638764,-1184.329507,-2604.724693,15396.283594
1166.639090,-296.082377,-766.095498,13175.665768
1166.639416,2442.679609,1149.143247,11399.171507
1166.639742,5847.626942,3370.820191,10140.821405
1166.640068,7624.121203,5132.839837,8364.327145
1166.640394,7328.038826,5898.935335,6883.915261
1166.640720,7105.977043,5132.839837,5699.585753
1166.641046,8290.306550,4366.744339,6365.771101
1166.641371,7772.162391,4596.572988,7328.038826
