#time,accel_x,accel_y,accel_z
4976.770893,-222.061783,3217.601092,10140.821405
4976.771207,370.102971,3294.210641,10140.821405
4976.771522,740.205942,2987.772442,9770.718434
4976.771836,1258.350101,3064.381992,9696.697840
4976.772150,1110.308913,3140.991542,9844.739029
4976.772465,1332.370696,3294.210641,10066.800811
4976.772779,1406.391290,2604.724693,9548.656652
4976.773094,1036.288319,1915.238745,9474.636058
4976.773408,666.185348,1455.581446,9400.615463
4976.773722,444.123565,1762.019645,9400.615463
4976.774037,74.020594,1072.533697,9178.553681
4976.774351,0.000000,766.095498,9178.553681
4976.774666,-814.226536,1378.971896,9252.574275
4976.774980,-962.267725,919.314598,9400.615463
4976.775295,-1480.411884,536.266849,9326.594869
4976.775609,-1110.308913,766.095498,9696.697840
4976.775923,-1184.329507,306.438199,10510.924376
4976.776238,-1554.432478,229.828649,10584.944971
4976.776552,-1850.514855,383.047749,10140.821405
4976.776867,-1998.556043,612.876398,9918.759623
4976.777181,-1924.535449,1225.752797,10066.800811
4976.777495,-2146.597232,1302.362347,9992.780217
4976.777810,-2146.597232,1532.190996,9770.718434
4976.778124,-2812.782580,1762.019645,10066.800811
4976.778439,-3330.926739,1685.410096,9844.739029
4976.778753,-3775.050304,1991.848295,9622.677246
4976.779067,-4145.153275,1991.848295,9622.677246
4976.779382,-4441.235652,2374.896044,9474.636058
4976.779696,-4811.338623,2374.896044,8882.471304
4976.780011,-5181.441594,2757.943793,8808.450710
4976.780325,-4811.338623,2757.943793,8364.327145
4976.780640,-4737.318029,3294.210641,8586.388927
4976.780954,-4515.256246,3983.696590,8438.347739
4976.781268,-4367.215058,4213.525239,7994.224174
4976.781583,-3849.070898,4673.182538,7698.141797
4976.781897,-3330.926739,4366.744339,7772.162391
4976.782212,-2886.803174,4673.182538,8290.306550
4976.782526,-2738.761985,4596.572988,7698.141797
4976.782840,-2146.597232,4596.572988,8142.265362
4976.783155,-2368.659014,4443.353888,8364.327145
4976.783469,-2294.638420,4213.525239,8956.491898
4976.783784,-2294.638420,3907.087040,9400.615463
4976.784098,-2220.617826,3983.696590,9770.718434
4976.784413,-2516.700203,4749.792088,10288.862594
4976.784727,-3034.844362,4673.182538,10658.965565
4976.785041,-3256.906145,4519.963438,11029.068536
4976.785356,-3108.864956,4290.134789,11325.150913
4976.785670,-3182.885551,5515.887586,11325.150913
4976.785985,-2960.823768,6281.983084,11029.068536
4976.786299,-2738.761985,6665.030833,10214.842000
4976.786613,-2442.679609,7201.297681,9474.636058
4976.786928,-2220.617826,7660.954980,9178.553681
4976.787242,-2072.576638,7890.783629,8364.327145
4976.787557,-1332.370696,7507.735880,7772.162391
4976.787871,-1184.329507,6741.640382,7328.038826
4976.788185,-592.164754,5822.325785,7105.977043
4976.788500,-222.061783,5286.058936,7105.977043
4976.788814,0.000000,4136.915689,7105.977043
4976.789129,148.041188,3524.039291,7328.038826
4976.789443,-518.144159,3140.991542,8290.306550
4976.789758,-814.226536,2604.724693,9326.594869
4976.790072,-962.267725,2298.286494,9474.636058
4976.790386,-888.247130,1762.019645,9992.780217
4976.790701,-666.185348,2145.067394,10510.924376
4976.791015,0.000000,2681.334243,10362.883188
4976.791330,296.082377,2911.162892,9622.677246
4976.791644,518.144159,3907.087040,8882.471304
4976.791958,888.247130,3677.258390,8808.450710
4976.792273,1184.329507,3294.210641,8364.327145
4976.792587,1628.453072,2451.505594,7994.224174
4976.792901,814.226536,689.485948,8734.430116
4976.793215,-444.123565,-842.705048,10066.800811
4976.793529,-2146.597232,-2604.724693,11695.253884
4976.793843,-3997.112087,-4749.792088,12805.562797
4976.794157,-5477.523971,-5822.325785,14063.912898
4976.794471,-6069.688724,-5745.716235,14878.139434
4976.794785,-7031.956449,-5209.449386,14730.098246
4976.795100,-6365.771101,-3140.991542,13841.851115
4976.795414,-5255.462188,-229.828649,12509.480420
4976.795728,-3627.009116,2681.334243,10436.903782
4976.796042,-1628.453072,5439.278036,7772.162391
4976.796356,148.041188,7354.516781,5329.482782
4976.796670,1406.391290,8350.440928,3849.070898
4976.796984,1332.370696,7890.783629,3108.864956
4976.797298,1332.370696,6358.592633,3330.926739
4976.797612,-148.041188,4213.525239,4145.153275
4976.797927,-2146.597232,1608.800546,6069.688724
4976.798241,-3775.050304,-1455.581446,7328.038826
4976.798555,-4959.379811,-3600.648841,8216.285956
4976.798869,-5477.523971,-4903.011187,9252.574275
4976.799183,-5181.441594,-4979.620737,10140.821405
4976.799497,-3849.070898,-3600.648841,10436.903782
4976.799811,-2294.638420,-1991.848295,10362.883188
4976.800125,-740.205942,1455.581446,10584.944971
4976.800439,444.123565,3830.477490,10955.047942
4976.800753,1554.432478,5592.497135,10807.006753
4976.801068,1480.411884,7660.954980,11251.130318
4976.801382,1332.370696,8273.831378,11843.295072
4976.801696,1184.329507,7737.564530,11029.068536
4976.802010,1332.370696,7201.297681,10362.883188
4976.802324,1110.308913,5822.325785,10732.986159
4976.802638,-74.020594,4826.401637,10955.047942
4976.802952,-592.164754,2374.896044,9548.656652
4976.803266,-740.205942,842.705048,8586.388927
4976.803580,-1258.350101,0.000000,9178.553681
4976.803895,-1628.453072,-919.314598,9104.533087
4976.804209,-1258.350101,-1915.238745,7994.224174
4976.804523,0.000000,-1915.238745,8068.244768
4976.804837,814.226536,-1378.971896,8808.450710
4976.805151,1924.535449,-536.266849,8438.347739
4976.805465,3182.885551,1149.143247,8586.388927
4976.805779,4145.153275,2374.896044,9178.553681
4976.806093,4145.153275,4903.011187,10510.924376
4976.806407,3182.885551,5669.106685,11695.253884
4976.806722,1776.494261,5898.935335,10510.924376
4976.807036,888.247130,6971.469032,10066.800811
4976.807350,0.000000,6588.421283,8956.491898
4976.807664,-444.123565,6052.154434,7179.997637
4976.807978,-888.247130,4826.401637,6069.688724
4976.808292,-1554.432478,3140.991542,5403.503377
4976.808606,-2294.638420,1072.533697,4959.379811
4976.808920,-2146.597232,-1225.752797,5847.626942
4976.809234,-1850.514855,-3140.991542,7698.141797
4976.809549,-1850.514855,-5898.935335,9326.594869
4976.809863,-1258.350101,-7660.954980,10362.883188
4976.810177,0.000000,-8427.050478,11695.253884
4976.810491,1702.473667,-7201.297681,12805.562797
4976.810805,2886.803174,-5898.935335,14063.912898
4976.811119,3034.844362,-4060.306139,14434.015869
4976.811433,3627.009116,-1532.190996,14508.036463
4976.811747,3923.091493,1608.800546,14878.139434
4976.812061,2442.679609,3524.039291,13619.789333
4976.812376,814.226536,4673.182538,11769.274478
4976.812690,-296.082377,5975.544884,9400.615463
4976.813004,-592.164754,5975.544884,5847.626942
4976.813318,-2146.597232,5286.058936,5181.441594
4976.813632,-3627.009116,2987.772442,5255.462188
4976.813946,-4367.215058,766.095498,4589.276840
4976.814260,-5625.565159,-1608.800546,3627.009116
4976.814574,-5847.626942,-4290.134789,4663.297435
4976.814888,-5625.565159,-6665.030833,6365.771101
4976.815202,-3775.050304,-6894.859482,7550.100608
4976.815517,-1924.535449,-7814.174080,8660.409521
4976.815831,-222.061783,-6665.030833,10658.965565
4976.816145,1628.453072,-4903.011187,11473.192101
4976.816459,4145.153275,-1991.848295,13101.645173
4976.816773,5625.565159,1455.581446,12879.583391
4976.817087,7105.977043,4290.134789,13397.727550
4976.817401,7031.956449,7354.516781,13101.645173
4976.817715,5921.647536,9806.022374,12287.418637
4976.818029,4737.318029,10265.679673,10066.800811
4976.818344,3034.844362,10112.460574,8586.388927
4976.818658,1554.432478,8580.269578,7476.080014
4976.818972,-1332.370696,6435.202183,6587.832884
4976.819286,-3923.091493,2528.115143,5107.421000
4976.819600,-5921.647536,0.000000,4959.379811
4976.819914,-7179.997637,-2451.505594,5847.626942
4976.820228,-7179.997637,-5898.935335,6809.894666
4976.820542,-7031.956449,-7737.564530,8142.265362
4976.820856,-5403.503377,-8886.707777,9178.553681
4976.821171,-2960.823768,-8197.221829,10955.047942
4976.821485,148.041188,-5592.497135,12805.562797
4976.821799,3775.050304,-3677.258390,12731.542202
4976.822113,6587.832884,842.705048,13175.665768
4976.822427,8660.409521,5592.497135,12953.603985
4976.822741,9548.656652,9116.536426,12657.521608
4976.823055,9326.594869,11644.651570,13249.686362
4976.823369,8660.409521,11414.822920,11103.089130
4976.823683,7328.038826,12104.308868,9474.636058
4976.823998,4589.276840,10418.898773,7550.100608
4976.824312,1036.288319,7737.564530,6217.729913
4976.824626,-2368.659014,5209.449386,4663.297435
4976.824940,-4885.359217,1378.971896,2738.761985
4976.825254,-7476.080014,-1762.019645,3775.050304
4976.825568,-9252.574275,-5669.106685,5329.482782
4976.825882,-9104.533087,-8656.879127,6735.874072
4976.826196,-8290.306550,-10342.289223,7328.038826
4976.826510,-6735.874072,-10112.460574,9400.615463
4976.826825,-3701.029710,-8733.488677,11029.068536
4976.827139,-148.041188,-5592.497135,12731.542202
4976.827453,3256.906145,-3753.867940,13619.789333
4976.827767,5773.606348,995.924147,14359.995275
4976.828081,7105.977043,5056.230287,15248.242405
4976.828395,6809.894666,8044.002729,14582.057057
4976.828709,6661.853478,9882.631924,12953.603985
4976.829023,6217.729913,9959.241474,10658.965565
4976.829337,4145.153275,9652.803275,8216.285956
4976.829651,1332.370696,8503.660028,7179.997637
4976.829966,-2220.617826,6052.154434,5773.606348
4976.830280,-4293.194464,1915.238745,3552.988522
4976.830594,-7031.956449,-2757.943793,3182.885551
4976.830908,-9178.553681,-6588.421283,5477.523971
4976.831222,-9548.656652,-9959.241474,5477.523971
4976.831536,-8882.471304,-10878.556072,7105.977043
4976.831850,-6883.915261,-11491.432470,8808.450710
4976.832164,-4737.318029,-10035.851024,11399.171507
4976.832478,-1776.494261,-7737.564530,12287.418637
4976.832793,1924.535449,-4826.401637,12361.439231
4976.833107,5255.462188,919.314598,13915.871710
4976.833421,7254.018232,4749.792088,13693.809927
4976.833735,8438.347739,8656.879127,14063.912898
4976.834049,8364.327145,11338.213370,12879.583391
4976.834363,8438.347739,13330.061665,10362.883188
4976.834677,6735.874072,13023.623466,8438.347739
4976.834991,4145.153275,11568.042020,7476.080014
4976.835305,1702.473667,8273.831378,4737.318029
4976.835620,-1406.391290,4290.134789,3478.967927
4976.835934,-4737.318029,76.609550,3627.009116
4976.836248,-7846.182985,-3524.039291,5033.400406
4976.836562,-9178.553681,-7660.954980,5403.503377
4976.836876,-8660.409521,-10112.460574,6957.935855
4976.837190,-7920.203579,-10878.556072,8216.285956
4976.837504,-5847.626942,-10572.117872,11769.274478
4976.837818,-2886.803174,-8733.488677,12731.542202
4976.838132,740.205942,-5439.278036,13027.624579
4976.838447,4145.153275,-306.438199,14582.057057
4976.838761,7254.018232,4443.353888,14804.118840
4976.839075,9104.533087,8120.612279,13841.851115
4976.839389,9474.636058,12563.966167,13767.830521
4976.839703,10214.842000,14555.814462,11473.192101
4976.840017,9178.553681,15934.786358,9474.636058
4976.840331,7031.956449,13559.890315,7105.977043
4976.840645,3849.070898,9806.022374,5033.400406
4976.840959,-222.061783,6665.030833,3923.091493
4976.841274,-3552.988522,1838.629195,2812.782580
4976.841588,-7179.997637,-2298.286494,3775.050304
4976.841902,-9326.594869,-7737.564530,4959.379811
4976.842216,-9400.615463,-11491.432470,6957.935855
4976.842530,-8586.388927,-12334.137518,8734.430116
4976.842844,-7254.018232,-13559.890315,9400.615463
4976.843158,-5107.421000,-10801.946522,11473.192101
4976.843472,-1480.411884,-7354.516781,13323.706956
4976.843786,2960.823768,-1991.848295,14730.098246
4976.844100,6809.894666,2987.772442,14952.160028
4976.844415,8216.285956,6665.030833,14359.995275
4976.844729,8216.285956,11031.775171,13545.768739
4976.845043,7772.162391,13406.671215,12435.459826
4976.845357,7846.182985,15092.081311,10362.883188
4976.845671,5995.668130,12640.575717,7476.080014
4976.845985,3256.906145,10035.851024,6587.832884
4976.846299,-740.205942,7660.954980,5255.462188
4976.846613,-4219.173869,2451.505594,2812.782580
4976.846927,-7254.018232,-1455.581446,3478.967927
4976.847242,-9622.677246,-7967.393179,4515.256246
4976.847556,-10955.047942,-11338.213370,7031.956449
4976.847870,-9474.636058,-12717.185267,8512.368333
4976.848184,-8142.265362,-13330.061665,9252.574275
4976.848498,-6069.688724,-11568.042020,11917.315666
4976.848812,-2442.679609,-8886.707777,13545.768739
4976.849126,1406.391290,-2681.334243,13767.830521
4976.849440,4589.276840,2221.676944,14063.912898
4976.849754,7624.121203,6358.592633,13027.624579
4976.850069,8216.285956,11797.870669,13619.789333
4976.850383,8586.388927,14096.157163,11621.233289
4976.850697,8512.368333,16088.005458,9178.553681
4976.851011,6809.894666,14632.424012,7994.224174
4976.851325,4367.215058,11644.651570,5699.585753
4976.851639,1036.288319,9039.926876,4589.276840
4976.851953,-2220.617826,3677.258390,2738.761985
4976.852267,-5921.647536,-459.657299,3034.844362
4976.852581,-8586.388927,-6128.763984,4959.379811
4976.852896,-8586.388927,-10955.165621,6587.832884
4976.853210,-7698.141797,-11951.089769,8734.430116
4976.853524,-6735.874072,-14479.204912,10510.924376
4976.853838,-5995.668130,-12717.185267,12213.398043
4976.854152,-2294.638420,-10342.289223,13249.686362
4976.854466,1850.514855,-5975.544884,14878.139434
4976.854780,5181.441594,1149.143247,15840.407159
4976.855094,8290.306550,4826.401637,14211.954086
4976.855408,9474.636058,9806.022374,14211.954086
4976.855722,8216.285956,13330.061665,12213.398043
4976.856037,7920.203579,16088.005458,10510.924376
4976.856351,8068.244768,16700.881856,8216.285956
4976.856665,6809.894666,13023.623466,5255.462188
4976.856979,3627.009116,10035.851024,4959.379811
4976.857293,222.061783,5439.278036,2664.741391
4976.857607,-3552.988522,919.314598,2368.659014
4976.857921,-6883.915261,-4060.306139,3256.906145
4976.858235,-8142.265362,-9499.584175,4811.338623
4976.858549,-7772.162391,-12257.527968,8290.306550
4976.858864,-7105.977043,-14402.595362,9474.636058
4976.859178,-6661.853478,-14632.424012,11177.109724
4976.859492,-4959.379811,-12487.356617,13989.892304
4976.859806,-1332.370696,-8656.879127,14804.118840
4976.860120,3256.906145,-1455.581446,15840.407159
4976.860434,6217.729913,2987.772442,15174.221811
4976.860748,7328.038826,8350.440928,14730.098246
4976.861062,6365.771101,12947.013916,12361.439231
4976.861376,6439.791695,15704.957709,10066.800811
4976.861691,7550.100608,18156.463303,7550.100608
4976.862005,6513.812290,14709.033562,4737.318029
4976.862319,3034.844362,11184.994271,4811.338623
4976.862633,-592.164754,6665.030833,3330.926739
4976.862947,-4737.318029,1225.752797,1702.473667
4976.863261,-8438.347739,-3983.696590,2960.823768
4976.863575,-9326.594869,-9806.022374,5477.523971
4976.863889,-9030.512492,-12640.575717,8068.244768
4976.864203,-8882.471304,-15475.129060,10510.924376
4976.864518,-8808.450710,-15321.909960,12435.459826
4976.864832,-7105.977043,-13713.109414,13841.851115
4976.865146,-2072.576638,-9959.241474,14730.098246
4976.865460,3701.029710,-2298.286494,15248.242405
4976.865774,6291.750507,2987.772442,14656.077652
4976.866088,7402.059420,8733.488677,13841.851115
4976.866402,7254.018232,13330.061665,12509.480420
4976.866716,8142.265362,18079.853753,10436.903782
4976.867030,9474.636058,19918.482948,7624.121203
4976.867345,8734.430116,16547.662757,5551.544565
4976.867659,4589.276840,12793.794817,5033.400406
4976.867973,148.041188,7814.174080,2664.741391
4976.868287,-5107.421000,3140.991542,2294.638420
4976.868601,-7624.121203,-3524.039291,3034.844362
4976.868915,-8512.368333,-8810.098227,4811.338623
4976.869229,-8956.491898,-12563.966167,8586.388927
4976.869543,-8586.388927,-15628.348159,10140.821405
4976.869857,-9252.574275,-15704.957709,11177.109724
4976.870171,-6883.915261,-14862.252661,12287.418637
4976.870486,-1554.432478,-8963.317327,14359.995275
4976.870800,3034.844362,-2834.553343,15026.180623
4976.871114,6735.874072,1608.800546,14063.912898
4976.871428,9696.697840,7814.174080,14063.912898
4976.871742,8364.327145,12257.527968,13619.789333
4976.872056,8364.327145,16088.005458,11991.336260
4976.872370,10066.800811,19152.387450,8956.491898
4976.872684,10807.006753,16394.443657,6957.935855
4976.872998,7550.100608,13330.061665,6661.853478
4976.873313,2294.638420,7967.393179,4367.215058
4976.873627,-2516.700203,3370.820191,2886.803174
4976.873941,-5255.462188,-1685.410096,2590.720797
4976.874255,-6809.894666,-7967.393179,4219.173869
4976.874569,-7105.977043,-12947.013916,7550.100608
4976.874883,-6735.874072,-14862.252661,9400.615463
4976.875197,-7550.100608,-15934.786358,10807.006753
4976.875511,-8216.285956,-15858.176809,12805.562797
4976.875825,-4737.318029,-11721.261119,15174.221811
4976.876140,1406.391290,-6741.640382,14730.098246
4976.876454,5181.441594,-1149.143247,14211.954086
4976.876768,7846.182985,4673.182538,13693.809927
4976.877082,6291.750507,10418.898773,13767.830521
4976.877396,4589.276840,15245.300410,11843.295072
4976.877710,6513.812290,18845.949251,9992.780217
4976.878024,8068.244768,17160.539155,6735.874072
4976.878338,5625.565159,13100.233016,5551.544565
4976.878652,1776.494261,9499.584175,2886.803174
4976.878967,-1998.556043,5286.058936,740.205942
4976.879281,-5625.565159,536.266849,2072.576638
4976.879595,-7105.977043,-5515.887586,2812.782580
4976.879909,-7105.977043,-9806.022374,5995.668130
4976.880223,-7402.059420,-14325.985813,8808.450710
4976.880537,-7772.162391,-15858.176809,10140.821405
4976.880851,-9030.512492,-16011.395908,11177.109724
4976.881165,-5995.668130,-13942.938064,14434.015869
4976.881479,0.000000,-6358.592633,17098.757260
4976.881794,4663.297435,-919.314598,16950.716072
4976.882108,7031.956449,2145.067394,14434.015869
4976.882422,5699.585753,9039.926876,14285.974681
4976.882736,4145.153275,15321.909960,12139.377449
4976.883050,4737.318029,19228.997000,9474.636058
4976.883364,8290.306550,19688.654299,7105.977043
4976.883678,7772.162391,16088.005458,6809.894666
4976.883992,3330.926739,11797.870669,3849.070898
4976.884306,-1628.453072,7354.516781,888.247130
4976.884620,-6291.750507,3140.991542,1998.556043
4976.884935,-8660.409521,-3524.039291,2960.823768
4976.885249,-7254.018232,-9422.974625,5181.441594
4976.885563,-5625.565159,-14249.376263,8364.327145
4976.885877,-6587.832884,-16317.834107,10436.903782
4976.886191,-8734.430116,-16241.224558,10658.965565
4976.886505,-6883.915261,-14709.033562,12361.439231
4976.886819,-1480.411884,-7354.516781,16580.613101
4976.887133,4515.256246,-1915.238745,17024.736666
4976.887447,8956.491898,2757.943793,15692.365970
4976.887762,8290.306550,6971.469032,13693.809927
4976.888076,6661.853478,12947.013916,11917.315666
4976.888390,6143.709319,19841.873398,10807.006753
4976.888704,8882.471304,21144.235745,8068.244768
4976.889018,11325.150913,19458.825649,7698.141797
4976.889332,7328.038826,12717.185267,4737.318029
4976.889646,888.247130,7354.516781,666.185348
4976.889960,-4145.153275,4060.306139,-222.061783
4976.890274,-6809.894666,-1762.019645,1480.411884
4976.890589,-6809.894666,-8580.269578,3849.070898
4976.890903,-5329.482782,-14632.424012,9030.512492
4976.891217,-6439.791695,-17083.929605,12879.583391
4976.891531,-9030.512492,-18692.730151,11917.315666
4976.891845,-8956.491898,-18309.682402,12213.398043
4976.892159,-4737.318029,-12257.527968,17024.736666
4976.892473,1850.514855,-6281.983084,18283.086767
4976.892787,7994.224174,919.314598,16284.530724
4976.893102,8808.450710,5439.278036,15248.242405
4976.893416,5255.462188,10648.727422,14063.912898
4976.893730,3627.009116,18539.511052,11843.295072
4976.894044,7772.162391,22906.255390,7254.018232
4976.894358,11251.130318,21067.626195,6587.832884
4976.894673,7179.997637,13713.109414,5181.441594
4976.894987,1406.391290,7890.783629,740.205942
4976.895301,-4219.173869,5439.278036,-1628.453072
4976.895615,-8142.265362,-229.828649,-0.000000
4976.895929,-8068.244768,-7584.345430,2738.761985
4976.896244,-5773.606348,-12487.356617,8808.450710
4976.896558,-6217.729913,-16471.053207,12361.439231
4976.896872,-11547.212695,-19995.092498,11399.171507
4976.897186,-10214.842000,-19612.044749,10436.903782
4976.897500,-5255.462188,-12793.794817,16284.530724
4976.897815,-296.082377,-7584.345430,18505.148550
4976.898129,7105.977043,-229.828649,15470.304188
4976.898443,7476.080014,5132.839837,15988.448347
4976.898757,2146.597232,9116.536426,14952.160028
4976.899071,5255.462188,18922.558801,10140.821405
4976.899386,10658.965565,25434.370534,9696.697840
4976.899700,9696.697840,20607.968896,8216.285956
4976.900014,6439.791695,15628.348159,4441.235652
4976.900328,2812.782580,11721.261119,1036.288319
4976.900642,-3404.947333,8810.098227,296.082377
4976.900957,-6439.791695,3830.477490,-666.185348
4976.901271,-3552.988522,-3830.477490,444.123565
4976.901585,-6291.750507,-10189.070123,8364.327145
4976.901899,-10140.821405,-17083.929605,8290.306550
4976.902214,-10881.027347,-18999.168350,8512.368333
4976.902528,-9474.636058,-19075.777900,12953.603985
4976.902842,-7920.203579,-14785.643111,18949.272115
4976.903156,-1554.432478,-10112.460574,17542.880825
4976.903470,5181.441594,-4596.572988,16802.674883
4976.903785,4737.318029,2834.553343,18727.210333
4976.904099,4663.297435,7277.907231,10436.903782
4976.904413,10214.842000,17083.929605,10214.842000
4976.904727,12065.356855,25817.418283,13397.727550
4976.905041,12065.356855,25051.322785,6365.771101
4976.905356,11991.336260,20914.407095,3627.009116
4976.905670,7920.203579,13866.328514,1924.535449
4976.905984,148.041188,11338.213370,2294.638420
4976.906298,-2368.659014,4826.401637,-1850.514855
4976.906612,-2590.720797,-3064.381992,-0.000000
4976.906927,-4441.235652,-9499.584175,5699.585753
4976.907241,-9030.512492,-17696.806004,9696.697840
4976.907555,-11621.233289,-20378.140247,11991.336260
4976.907869,-10807.006753,-19765.263848,13619.789333
4976.908183,-8956.491898,-17926.634653,16284.530724
4976.908498,-4071.132681,-16088.005458,17912.983796
4976.908812,2812.782580,-7967.393179,18135.045579
4976.909126,5773.606348,1378.971896,18061.024985
4976.909440,3256.906145,3907.087040,13841.851115
4976.909754,5847.626942,13100.233016,11251.130318
4976.910069,10584.944971,24744.884585,13323.706956
4976.910383,11325.150913,24898.103685,8142.265362
4976.910697,11991.336260,20148.311597,4441.235652
4976.911011,8068.244768,15858.176809,1332.370696
4976.911325,0.000000,11414.822920,1258.350101
4976.911640,-4293.194464,6511.811733,-814.226536
4976.911954,-2664.741391,-2068.457845,-2368.659014
4976.912268,-3404.947333,-9346.365076,4663.297435
4976.912582,-7772.162391,-16088.005458,9474.636058
4976.912896,-11251.130318,-19535.435199,9400.615463
4976.913211,-12509.480420,-19765.263848,10658.965565
4976.913525,-10510.924376,-19305.606550,15248.242405
4976.913839,-5847.626942,-16317.834107,18209.066173
4976.914153,740.205942,-11644.651570,17764.942608
4976.914467,3478.967927,-1762.019645,18801.230927
4976.914782,1332.370696,3064.381992,15100.201217
4976.915096,4071.132681,10801.946522,11103.089130
4976.915410,9252.574275,24591.665486,15396.283594
4976.915724,11769.274478,25510.980083,9252.574275
4976.916038,12139.377449,22829.645840,3997.112087
4976.916353,8882.471304,17850.025103,740.205942
4976.916667,1924.535449,16088.005458,1628.453072
4976.916981,-2664.741391,10801.946522,370.102971
4976.917295,-1406.391290,1762.019645,-2590.720797
4976.917609,-2590.720797,-6281.983084,3849.070898
4976.917924,-8142.265362,-14325.985813,6587.832884
4976.918238,-11769.274478,-18922.558801,7105.977043
4976.918552,-11621.233289,-19688.654299,10881.027347
4976.918866,-9474.636058,-20148.311597,16136.489536
4976.919180,-5699.585753,-16394.443657,18949.272115
4976.919495,0.000000,-12334.137518,18875.251521
4976.919809,3552.988522,-4673.182538,17764.942608
4976.920123,1998.556043,3447.429741,15840.407159
4976.920437,5329.482782,8963.317327,9918.759623
4976.920752,11547.212695,22982.864940,14137.933492
4976.921066,13397.727550,27043.171079,10214.842000
4976.921380,13101.645173,25281.151434,4811.338623
4976.921694,10288.862594,20224.921147,2590.720797
4976.922008,4071.132681,16317.834107,370.102971
4976.922323,-666.185348,12180.918418,666.185348
4976.922637,222.061783,2451.505594,-962.267725
4976.922951,-2220.617826,-4826.401637,3182.885551
4976.923265,-6069.688724,-15245.300410,6809.894666
4976.923579,-10436.903782,-19382.216099,9326.594869
4976.923894,-12435.459826,-19612.044749,11473.192101
4976.924208,-11547.212695,-21757.112143,15248.242405
4976.924522,-7772.162391,-18462.901502,18949.272115
4976.924836,-1406.391290,-14709.033562,19763.498651
4976.925150,3775.050304,-6435.202183,18431.127956
4976.925465,2738.761985,919.314598,16136.489536
4976.925779,2368.659014,5669.106685,10807.006753
4976.926093,8512.368333,19075.777900,12731.542202
4976.926407,11473.192101,26047.246932,12805.562797
4976.926721,11251.130318,23672.350888,7105.977043
4976.927036,9252.574275,19918.482948,3108.864956
4976.927350,3701.029710,16854.100956,740.205942
4976.927664,-2442.679609,13330.061665,1110.308913
4976.927978,-1702.473667,5056.230287,-2738.761985
4976.928292,-592.164754,-3907.087040,592.164754
4976.928607,-4441.235652,-12027.699319,4737.318029
4976.928921,-10288.862594,-16854.100956,7179.997637
4976.929235,-12879.583391,-19382.216099,9030.512492
4976.929549,-12361.439231,-20607.968896,12731.542202
4976.929863,-9104.533087,-19075.777900,17394.839637
4976.930178,-3404.947333,-16471.053207,18875.251521
4976.930492,2146.597232,-8886.707777,17912.983796
4976.930806,2738.761985,-229.828649,18357.107362
4976.931120,1406.391290,3370.820191,12287.418637
4976.931434,5329.482782,14709.033562,12361.439231
4976.931749,10066.800811,24744.884585,14359.995275
4976.932063,10140.821405,24591.665486,8068.244768
4976.932377,8956.491898,21527.283494,3775.050304
4976.932691,5773.606348,18233.072852,1998.556043
4976.933005,-962.267725,14938.862211,2294.638420
4976.933320,-2738.761985,7124.688131,-1702.473667
4976.933634,-1110.308913,-1838.629195,-1258.350101
4976.933948,-4219.173869,-8886.707777,4885.359217
4976.934262,-9474.636058,-15475.129060,7846.182985
4976.934576,-12657.521608,-19458.825649,8438.347739
4976.934891,-12583.501014,-20607.968896,11103.089130
4976.935205,-9696.697840,-19075.777900,16580.613101
4976.935519,-3701.029710,-16547.662757,18283.086767
4976.935833,1480.411884,-10112.460574,17987.004391
4976.936147,4145.153275,-2298.286494,17987.004391
4976.936462,1924.535449,3447.429741,14211.954086
4976.936776,5033.400406,11951.089769,10658.965565
4976.937090,12509.480420,24361.836836,13249.686362
4976.937404,14063.912898,27502.828378,8660.409521
4976.937718,13767.830521,23902.179538,4663.297435
4976.938033,9992.780217,19995.092498,1554.432478
4976.938347,3552.988522,17160.539155,1480.411884
4976.938661,-666.185348,10648.727422,370.102971
4976.938975,814.226536,1685.410096,-1924.535449
4976.939290,-962.267725,-6971.469032,4145.153275
4976.939604,-6513.812290,-15321.909960,7476.080014
4976.939918,-10955.047942,-19458.825649,8956.491898
4976.940232,-12805.562797,-20914.407095,12139.377449
4976.940546,-10955.047942,-21986.940793,16728.654289
4976.940861,-6513.812290,-19075.777900,19615.457463
4976.941175,-1332.370696,-14249.376263,18875.251521
4976.941489,1776.494261,-6665.030833,18135.045579
4976.941803,814.226536,1532.190996,16506.592507
4976.942117,2960.823768,7584.345430,11621.233289
4976.942432,10436.903782,20148.311597,13397.727550
4976.942746,12731.542202,25357.760984,11029.068536
4976.943060,12287.418637,23902.179538,5403.503377
4976.943374,9770.718434,20378.140247,1702.473667
4976.943688,4959.379811,17237.148705,296.082377
4976.944003,222.061783,12563.966167,-0.000000
4976.944317,1480.411884,3907.087040,-1332.370696
4976.944631,0.000000,-4213.525239,2516.700203
4976.944945,-5625.565159,-14019.547613,5181.441594
4976.945259,-11029.068536,-18692.730151,8068.244768
4976.945574,-13175.665768,-19305.606550,12509.480420
4976.945888,-12361.439231,-21144.235745,15840.407159
4976.946202,-8290.306550,-19535.435199,18505.148550
4976.946516,-2886.803174,-15858.176809,18727.210333
4976.946830,444.123565,-8197.221829,17690.922014
4976.947145,370.102971,383.047749,16284.530724
4976.947459,1628.453072,7354.516781,11251.130318
4976.947773,6587.832884,19075.777900,12953.603985
4976.948087,9844.739029,26353.685131,12731.542202
4976.948401,10584.944971,25204.541884,5847.626942
4976.948716,9844.739029,21450.673944,1776.494261
4976.949030,4737.318029,18692.730151,1036.288319
4976.949344,-1998.556043,15321.909960,666.185348
4976.949658,-1332.370696,5745.716235,-1776.494261
4976.949972,-1332.370696,-2834.553343,1702.473667
4976.950287,-6513.812290,-11951.089769,5625.565159
4976.950601,-11843.295072,-17237.148705,7920.203579
4976.950915,-12879.583391,-18845.949251,9918.759623
4976.951229,-11991.336260,-20837.797546,13027.624579
4976.951543,-8660.409521,-18922.558801,18431.127956
4976.951858,-3108.864956,-15551.738609,19837.519246
4976.952172,666.185348,-8733.488677,18135.045579
4976.952486,2294.638420,-536.266849,16358.551318
4976.952800,2886.803174,6128.763984,11621.233289
4976.953114,8142.265362,17160.539155,12435.459826
4976.953429,13471.748144,25740.808733,13323.706956
4976.953743,13693.809927,26966.561530,5847.626942
4976.954057,13323.706956,23059.474490,3330.926739
4976.954371,9474.636058,19382.216099,296.082377
4976.954685,1998.556043,16547.662757,1554.432478
4976.955000,1036.288319,7967.393179,-2072.576638
4976.955314,1110.308913,-383.047749,296.082377
4976.955628,-3997.112087,-10878.556072,4219.173869
4976.955942,-9474.636058,-17466.977354,8438.347739
4976.956256,-12509.480420,-18233.072852,10584.944971
4976.956571,-12583.501014,-23519.131789,13915.871710
4976.956885,-8956.491898,-20991.016645,18135.045579
4976.957199,-4737.318029,-17696.806004,20355.663405
4976.957513,0.000000,-12947.013916,19689.478057
4976.957828,2516.700203,-3830.477490,17098.757260
4976.958142,1480.411884,2834.553343,13471.748144
4976.958456,5181.441594,12717.185267,11621.233289
4976.958770,13471.748144,24438.446386,12509.480420
4976.959084,13619.789333,26660.123330,8586.388927
4976.959399,13323.706956,22140.159892,3701.029710
4976.959713,9548.656652,18769.339701,370.102971
4976.960027,3182.885551,14785.643111,1036.288319
4976.960341,-1036.288319,8273.831378,-1036.288319
4976.960655,-296.082377,-383.047749,-740.205942
4976.960970,-2590.720797,-9806.022374,4811.338623
4976.961284,-8660.409521,-16930.710506,8216.285956
4976.961598,-11769.274478,-19688.654299,9770.718434
4976.961912,-13841.851115,-22063.550342,12657.521608
4976.962226,-11917.315666,-21986.940793,16876.695478
4976.962541,-6957.935855,-18003.244203,19911.539840
4976.962855,-2220.617826,-13789.718964,18431.127956
4976.963169,1998.556043,-5132.839837,18283.086767
4976.963483,1554.432478,2987.772442,14211.954086
4976.963797,3923.091493,12257.527968,10436.903782
4976.964112,10955.047942,23978.789087,13027.624579
4976.964426,13397.727550,27196.390179,9326.594869
4976.964740,12287.418637,23289.303139,3849.070898
4976.965054,9178.553681,19841.873398,666.185348
4976.965368,3108.864956,17620.196454,1406.391290
4976.965683,-2146.597232,10572.117872,444.123565
4976.965997,-1184.329507,1838.629195,-1406.391290
4976.966311,-3552.988522,-6511.811733,4367.215058
4976.966625,-10066.800811,-15934.786358,6809.894666
4976.966939,-13989.892304,-18922.558801,7920.203579
4976.967254,-15100.201217,-19152.387450,11399.171507
4976.967568,-13619.789333,-20148.311597,16062.468941
4976.967882,-8142.265362,-16547.662757,18949.272115
4976.968196,-2960.823768,-13176.842566,17616.901420
4976.968510,-222.061783,-6281.983084,17690.922014
4976.968825,1554.432478,2528.115143,14211.954086
4976.969139,4811.338623,11184.994271,10362.883188
4976.969453,10807.006753,22982.864940,14359.995275
4976.969767,13915.871710,27579.437928,10436.903782
4976.970081,14434.015869,26506.904231,5847.626942
4976.970396,11917.315666,21680.502593,2590.720797
4976.970710,7254.018232,18692.730151,962.267725
4976.971024,2220.617826,12410.747068,-296.082377
4976.971338,1036.288319,3753.867940,-370.102971
4976.971652,-1628.453072,-3983.696590,3478.967927
4976.971967,-5329.482782,-13100.233016,6365.771101
4976.972281,-10510.924376,-17160.539155,9548.656652
4976.972595,-13175.665768,-19305.606550,11473.192101
4976.972909,-12657.521608,-20301.530697,14211.954086
4976.973223,-7994.224174,-18003.244203,17172.777854
4976.973538,-2812.782580,-14938.862211,18727.210333
4976.973852,1998.556043,-7660.954980,17764.942608
4976.974166,2220.617826,306.438199,15618.345376
4976.974480,1924.535449,7584.345430,11695.253884
4976.974794,8364.327145,18922.558801,11399.171507
4976.975109,13027.624579,26736.732880,12731.542202
4976.975423,12953.603985,23519.131789,6957.935855
4976.975737,11769.274478,19075.777900,2072.576638
4976.976051,7550.100608,17007.320056,-74.020594
4976.976366,592.164754,11951.089769,2072.576638
4976.976680,-888.247130,4366.744339,-814.226536
4976.976994,0.000000,-5132.839837,2220.617826
4976.977308,-3997.112087,-12563.966167,7254.018232
4976.977622,-9992.780217,-17620.196454,8734.430116
4976.977937,-13693.809927,-20531.359346,8734.430116
4976.978251,-12435.459826,-21757.112143,11843.295072
4976.978565,-9178.553681,-18769.339701,18283.086767
4976.978879,-4441.235652,-16164.615008,19319.375086
4976.979193,1702.473667,-9269.755526,18357.107362
4976.979508,2072.576638,-612.876398,17468.860231
4976.979822,1110.308913,5362.668486,12805.562797
4976.980136,6365.771101,15321.909960,10732.986159
4976.980450,13323.706956,26660.123330,12731.542202
4976.980764,13101.645173,25664.199183,6069.688724
4976.981079,11843.295072,20071.702048,1406.391290
4976.981393,7624.121203,17773.415554,740.205942
4976.981707,-814.226536,13023.623466,2664.741391
4976.982021,-2886.803174,5286.058936,-0.000000
4976.982335,-1702.473667,-5056.230287,1110.308913
4976.982650,-5551.544565,-13100.233016,7772.162391
4976.982964,-11621.233289,-19995.092498,10066.800811
4976.983278,-12287.418637,-21833.721693,8364.327145
4976.983592,-12805.562797,-20684.578446,11843.295072
4976.983906,-11621.233289,-18003.244203,18801.230927
4976.984221,-6069.688724,-14096.157163,19097.313304
4976.984535,222.061783,-8350.440928,17098.757260
4976.984849,1480.411884,-306.438199,16728.654289
4976.985163,2368.659014,4673.182538,10955.047942
4976.985477,7698.141797,17083.929605,10510.924376
4976.985792,12731.542202,27502.828378,12953.603985
4976.986106,14434.015869,26736.732880,6513.812290
4976.986420,14063.912898,22523.207641,2516.700203
4976.986734,9770.718434,18616.120601,-0.000000
4976.987048,1184.329507,15015.471761,1850.514855
4976.987363,-666.185348,6971.469032,-1184.329507
4976.987677,-148.041188,-1838.629195,1332.370696
4976.987991,-3775.050304,-9806.022374,7920.203579
4976.988305,-9104.533087,-18003.244203,9770.718434
4976.988619,-10807.006753,-19535.435199,9770.718434
4976.988934,-12139.377449,-20454.749797,11843.295072
4976.989248,-10436.903782,-18233.072852,16950.716072
4976.989562,-4737.318029,-12870.404366,18949.272115
4976.989876,888.247130,-8350.440928,18061.024985
4976.990190,2664.741391,-1378.971896,17024.736666
4976.990505,2590.720797,4903.011187,12583.501014
4976.990819,6439.791695,15475.129060,11843.295072
4976.991133,11991.336260,24591.665486,12657.521608
4976.991447,13027.624579,25051.322785,7031.956449
4976.991761,12213.398043,21220.845295,4145.153275
4976.992076,8290.306550,17466.977354,1110.308913
4976.992390,1258.350101,13253.452115,962.267725
4976.992704,-1776.494261,6358.592633,-592.164754
4976.993018,-1036.288319,-1608.800546,370.102971
4976.993333,-2664.741391,-9499.584175,5921.647536
4976.993647,-7179.997637,-17313.758255,8586.388927
4976.993961,-10955.047942,-19688.654299,9918.759623
4976.994276,-12509.480420,-19765.263848,12657.521608
4976.994590,-10288.862594,-18692.730151,16580.613101
4976.994904,-5033.400406,-14938.862211,18949.272115
4976.995219,2590.720797,-9269.755526,17912.983796
4976.995533,4811.338623,-919.314598,17468.860231
4976.995847,1702.473667,3600.648841,14359.995275
4976.996162,3330.926739,12027.699319,10214.842000
4976.996476,9178.553681,23902.179538,12139.377449
4976.996790,10362.883188,25434.370534,9030.512492
4976.997104,10066.800811,19382.216099,3404.947333
4976.997419,6069.688724,17083.929605,1480.411884
4976.997733,-296.082377,12717.185267,222.061783
4976.998047,-4885.359217,6818.249932,-296.082377
4976.998362,-4219.173869,-1838.629195,-1036.288319
4976.998676,-4515.256246,-9806.022374,5403.503377
4976.998990,-7994.224174,-15321.909960,9696.697840
4976.999305,-11917.315666,-18999.168350,9104.533087
4976.999619,-13323.706956,-20761.187996,11473.192101
4976.999933,-10436.903782,-17696.806004,16654.633695
4977.000248,-6217.729913,-14938.862211,18209.066173
4977.000562,2220.617826,-9882.631924,17764.942608
4977.000876,4737.318029,-1378.971896,18949.272115
4977.001191,1850.514855,3753.867940,15470.304188
4977.001505,4145.153275,12487.356617,10436.903782
4977.001819,11029.068536,24132.008187,12657.521608
4977.002134,12879.583391,27043.171079,9030.512492
4977.002448,12509.480420,21603.893044,3701.029710
4977.002762,8734.430116,17850.025103,1480.411884
4977.003077,2146.597232,14785.643111,1184.329507
4977.003391,-3182.885551,8963.317327,1554.432478
4977.003705,-2812.782580,-306.438199,-814.226536
4977.004020,-4071.132681,-6971.469032,5551.544565
4977.004334,-7994.224174,-15092.081311,7772.162391
4977.004648,-11399.171507,-18845.949251,8512.368333
4977.004963,-12065.356855,-19841.873398,11251.130318
4977.005277,-10584.944971,-18999.168350,14952.160028
4977.005591,-6439.791695,-14019.547613,18357.107362
4977.005906,740.205942,-9806.022374,17764.942608
4977.006220,4145.153275,-1532.190996,17987.004391
4977.006534,2294.638420,2604.724693,15026.180623
4977.006849,4441.235652,9499.584175,9844.739029
4977.007163,12139.377449,22982.864940,11917.315666
4977.007477,14063.912898,25894.027832,9474.636058
4977.007792,14359.995275,22676.426741,4811.338623
4977.008106,11991.336260,18999.168350,1924.535449
4977.008420,5551.544565,15168.690860,1480.411884
4977.008734,-296.082377,9652.803275,1184.329507
4977.009049,-1110.308913,-153.219100,-74.020594
4977.009363,-2220.617826,-7354.516781,4589.276840
4977.009677,-5699.585753,-14632.424012,8660.409521
4977.009992,-10436.903782,-19535.435199,10658.965565
4977.010306,-12139.377449,-20914.407095,12361.439231
4977.010620,-11399.171507,-19075.777900,15618.345376
4977.010935,-7920.203579,-16700.881856,17764.942608
4977.011249,-740.205942,-12257.527968,17912.983796
4977.011563,3404.947333,-4366.744339,17246.798449
4977.011878,1628.453072,1915.238745,16062.468941
4977.012192,1998.556043,7507.735880,10732.986159
4977.012506,9104.533087,20454.749797,11177.109724
4977.012821,12435.459826,26200.466032,10510.924376
4977.013135,12287.418637,21603.893044,4515.256246
4977.013449,10658.965565,17773.415554,962.267725
4977.013764,5255.462188,15475.129060,518.144159
4977.014078,-2590.720797,10189.070123,1258.350101
4977.014392,-3627.009116,995.924147,-1258.350101
4977.014707,-2220.617826,-7354.516781,3330.926739
4977.015021,-5921.647536,-13253.452115,8438.347739
4977.015335,-10214.842000,-18922.558801,9030.512492
4977.015650,-11917.315666,-19688.654299,10066.800811
4977.015964,-11695.253884,-18233.072852,14508.036463
4977.016278,-8956.491898,-15551.738609,18505.148550
4977.016593,-2368.659014,-12257.527968,18209.066173
4977.016907,2664.741391,-4979.620737,18061.024985
4977.017221,592.164754,1532.190996,16654.633695
4977.017536,148.041188,7737.564530,11251.130318
4977.017850,7179.997637,18999.168350,11621.233289
4977.018164,11029.068536,25510.980083,11769.274478
4977.018479,11325.150913,23212.693589,4737.318029
4977.018793,10436.903782,19841.873398,592.164754
4977.019107,6365.771101,17466.977354,-444.123565
4977.019421,-1406.391290,12947.013916,1184.329507
4977.019736,-1924.535449,3753.867940,-1110.308913
4977.020050,-2146.597232,-5286.058936,3701.029710
4977.020364,-5847.626942,-12257.527968,7920.203579
4977.020679,-9622.677246,-17160.539155,9030.512492
4977.020993,-11547.212695,-19612.044749,10214.842000
4977.021307,-10436.903782,-18999.168350,14730.098246
4977.021622,-7179.997637,-15321.909960,19245.354492
4977.021936,-888.247130,-12104.308868,18061.024985
4977.022250,3627.009116,-6205.373534,17838.963202
4977.022565,1628.453072,1838.629195,17616.901420
4977.022879,1036.288319,5592.497135,11029.068536
4977.023193,7994.224174,18386.291952,11843.295072
4977.023508,12139.377449,26660.123330,12657.521608
4977.023822,11325.150913,22753.036291,6587.832884
4977.024136,11399.171507,19305.606550,2220.617826
4977.024451,6735.874072,16700.881856,-2072.576638
4977.024765,-962.267725,12870.404366,518.144159
4977.025079,-2664.741391,5209.449386,-1998.556043
4977.025394,-1998.556043,-3524.039291,-296.082377
4977.025708,-3923.091493,-10342.289223,6069.688724
4977.026022,-8068.244768,-16394.443657,8956.491898
4977.026337,-10955.047942,-18922.558801,10658.965565
4977.026651,-11547.212695,-19535.435199,14804.118840
4977.026965,-7698.141797,-17543.586904,17838.963202
4977.027280,-1850.514855,-14249.376263,19541.436869
4977.027594,4441.235652,-8273.831378,19689.478057
4977.027908,4145.153275,995.924147,19689.478057
4977.028223,296.082377,4443.353888,12879.583391
4977.028537,5181.441594,14862.252661,10510.924376
4977.028851,11695.253884,26966.561530,13693.809927
4977.029166,12435.459826,23825.569988,6883.915261
4977.029480,12139.377449,18922.558801,2146.597232
4977.029794,6957.935855,16317.834107,-1110.308913
4977.030108,-1110.308913,12563.966167,-74.020594
4977.030423,-4515.256246,5132.839837,-2072.576638
4977.030737,-2960.823768,-3753.867940,-1776.494261
4977.031051,-4071.132681,-11031.775171,5921.647536
4977.031366,-8216.285956,-16394.443657,9548.656652
4977.031680,-11843.295072,-20991.016645,9918.759623
4977.031994,-12879.583391,-21603.893044,13323.706956
4977.032309,-10362.883188,-17390.367805,18579.169144
4977.032623,-4293.194464,-15168.690860,20873.807564
4977.032937,3330.926739,-8580.269578,19023.292709
4977.033252,4737.318029,-842.705048,18727.210333
4977.033566,888.247130,2911.162892,13915.871710
4977.033880,5551.544565,13789.718964,8438.347739
4977.034195,12361.439231,27502.828378,12509.480420
4977.034509,12879.583391,25817.418283,7105.977043
4977.034823,12213.398043,19841.873398,2294.638420
4977.035138,7328.038826,15934.786358,-0.000000
4977.035452,-1554.432478,12563.966167,962.267725
4977.035766,-4663.297435,6052.154434,-1776.494261
4977.036081,-2516.700203,-4596.572988,-1480.411884
4977.036395,-4515.256246,-10495.508323,7550.100608
4977.036709,-10288.862594,-17466.977354,10140.821405
4977.037024,-11325.150913,-19841.873398,9104.533087
4977.037338,-11399.171507,-18845.949251,12435.459826
4977.037652,-9622.677246,-16700.881856,18209.066173
4977.037967,-4441.235652,-12640.575717,19245.354492
4977.038281,2960.823768,-8120.612279,16876.695478
4977.038595,2664.741391,-842.705048,17987.004391
4977.038910,1702.473667,4290.134789,12361.439231
4977.039224,7846.182985,15628.348159,10140.821405
4977.039538,11399.171507,26200.466032,14285.974681
4977.039853,11473.192101,24515.055936,6735.874072
4977.040167,11769.274478,21144.235745,1924.535449
4977.040481,7772.162391,16777.491406,-0.000000
4977.040795,222.061783,14632.424012,1776.494261
4977.041110,-2368.659014,6971.469032,-518.144159
4977.041424,-1258.350101,-2987.772442,1332.370696
4977.041738,-3108.864956,-8350.440928,7550.100608
4977.042053,-7105.977043,-16394.443657,8956.491898
4977.042367,-9992.780217,-18769.339701,11029.068536
4977.042681,-11325.150913,-18386.291952,13323.706956
4977.042996,-8068.244768,-17237.148705,15248.242405
4977.043310,-3404.947333,-13406.671215,17616.901420
4977.043624,3627.009116,-7507.735880,17616.901420
4977.043939,4959.379811,689.485948,17690.922014
4977.044253,1628.453072,3600.648841,13767.830521
4977.044567,3923.091493,12640.575717,11251.130318
4977.044882,9696.697840,23978.789087,13101.645173
4977.045196,9474.636058,22753.036291,7994.224174
4977.045510,9918.759623,17466.977354,3404.947333
4977.045825,5551.544565,15858.176809,1924.535449
4977.046139,-1036.288319,12257.527968,1184.329507
4977.046453,-4737.318029,6818.249932,296.082377
4977.046768,-3256.906145,-2451.505594,-296.082377
4977.047082,-2960.823768,-8197.221829,5625.565159
4977.047396,-5107.421000,-14096.157163,8216.285956
4977.047711,-8290.306550,-18539.511052,8734.430116
4977.048025,-10881.027347,-19995.092498,11769.274478
4977.048339,-8216.285956,-16471.053207,15396.283594
4977.048654,-4145.153275,-13866.328514,18209.066173
4977.048968,3701.029710,-9959.241474,17616.901420
4977.049282,7994.224174,-459.657299,18283.086767
4977.049597,2442.679609,3600.648841,16210.510130
4977.049911,1702.473667,8350.440928,10732.986159
4977.050225,7698.141797,20761.187996,12435.459826
4977.050540,10288.862594,23978.789087,10510.924376
4977.050854,9252.574275,18233.072852,4737.318029
4977.051168,4959.379811,14709.033562,962.267725
4977.051482,-740.205942,13176.842566,-74.020594
4977.051797,-5477.523971,8810.098227,740.205942
4977.052111,-5403.503377,-153.219100,-1776.494261
4977.052425,-3330.926739,-8427.050478,4293.194464
4977.052740,-4515.256246,-13023.623466,8068.244768
4977.053054,-8216.285956,-17237.148705,8364.327145
4977.053368,-11029.068536,-20531.359346,11103.089130
4977.053683,-7994.224174,-17850.025103,15100.201217
4977.053997,-3997.112087,-12180.918418,18579.169144
4977.054311,3330.926739,-10648.727422,17542.880825
4977.054626,8512.368333,-995.924147,19393.395680
4977.054940,3552.988522,4749.792088,18135.045579
4977.055254,2516.700203,6741.640382,9918.759623
4977.055569,9178.553681,20684.578446,11325.150913
4977.055883,10955.047942,25357.760984,12509.480420
4977.056197,9548.656652,20531.359346,6439.791695
4977.056512,7254.018232,14709.033562,666.185348
4977.056826,592.164754,11874.480219,-148.041188
4977.057140,-5699.585753,10112.460574,1406.391290
4977.057455,-5329.482782,1532.190996,-2146.597232
4977.057769,-2738.761985,-6665.030833,2886.803174
4977.058083,-4293.194464,-11797.870669,9252.574275
4977.058398,-8290.306550,-17007.320056,9474.636058
4977.058712,-9696.697840,-19458.825649,10140.821405
4977.059026,-7846.182985,-17926.634653,12953.603985
4977.059341,-5033.400406,-12717.185267,18283.086767
4977.059655,3330.926739,-9576.193725,17912.983796
4977.059969,9030.512492,-1991.848295,19467.416275
4977.060284,4737.318029,3447.429741,19467.416275
4977.060598,3256.906145,5209.449386,10732.986159
4977.060912,8512.368333,19612.044749,11399.171507
4977.061227,10362.883188,25357.760984,12213.398043
4977.061541,9548.656652,21297.454844,6143.709319
4977.061855,7179.997637,16547.662757,2368.659014
4977.062170,370.102971,11874.480219,370.102971
4977.062484,-6069.688724,10265.679673,1480.411884
4977.062798,-6291.750507,1915.238745,-3034.844362
4977.063112,-4589.276840,-5822.325785,1110.308913
4977.063427,-5107.421000,-11261.603821,7105.977043
4977.063741,-8142.265362,-16471.053207,8586.388927
4977.064055,-10288.862594,-18539.511052,9178.553681
4977.064370,-9622.677246,-18462.901502,12509.480420
4977.064684,-6809.894666,-13866.328514,16950.716072
4977.064998,888.247130,-12104.308868,17690.922014
4977.065313,8142.265362,-3140.991542,18949.272115
4977.065627,6439.791695,3524.039291,20281.642811
4977.065941,2738.761985,3294.210641,12287.418637
4977.066256,6291.750507,16241.224558,11251.130318
4977.066570,9844.739029,24591.665486,12287.418637
4977.066884,9622.677246,22446.598091,8660.409521
4977.067199,7920.203579,16854.100956,4145.153275
4977.067513,2590.720797,12793.794817,814.226536
4977.067827,-4811.338623,11491.432470,814.226536
4977.068142,-7254.018232,4213.525239,-1924.535449
4977.068456,-5551.544565,-4979.620737,-814.226536
4977.068770,-4959.379811,-9652.803275,6217.729913
4977.069085,-6365.771101,-14555.814462,9030.512492
4977.069399,-10140.821405,-18079.853753,9844.739029
4977.069713,-10658.965565,-20378.140247,11695.253884
4977.070028,-7624.121203,-14096.157163,15470.304188
4977.070342,-1924.535449,-12027.699319,16506.592507
4977.070656,6143.709319,-6588.421283,18135.045579
4977.070971,8364.327145,3064.381992,18283.086767
4977.071285,2960.823768,2987.772442,13841.851115
4977.071599,5921.647536,11721.261119,10214.842000
4977.071914,11103.089130,24132.008187,13323.706956
4977.072228,11029.068536,23902.179538,11177.109724
4977.072542,10658.965565,17926.634653,4885.359217
4977.072857,7402.059420,13942.938064,444.123565
4977.073171,0.000000,11951.089769,1480.411884
4977.073485,-4885.359217,7354.516781,666.185348
4977.073799,-3923.091493,-2757.943793,-1110.308913
4977.074114,-3923.091493,-8503.660028,6069.688724
4977.074428,-6439.791695,-14632.424012,9326.594869
4977.074742,-9474.636058,-18233.072852,9474.636058
4977.075057,-9696.697840,-20071.702048,11621.233289
4977.075371,-7698.141797,-16011.395908,15396.283594
4977.075685,-3034.844362,-11874.480219,16950.716072
4977.076000,4441.235652,-8197.221829,16950.716072
4977.076314,6661.853478,383.047749,17987.004391
4977.076628,2294.638420,2528.115143,15766.386565
4977.076943,3849.070898,10189.070123,10066.800811
4977.077257,8364.327145,23059.474490,13989.892304
4977.077571,7994.224174,22676.426741,10807.006753
4977.077886,7772.162391,18156.463303,4219.173869
4977.078200,4959.379811,14096.157163,1406.391290
4977.078514,-1184.329507,12104.308868,1406.391290
4977.078829,-5551.544565,8120.612279,148.041188
4977.079143,-4145.153275,-1378.971896,-962.267725
4977.079457,-3108.864956,-6435.202183,5107.421000
4977.079772,-6809.894666,-12870.404366,9178.553681
4977.080086,-9252.574275,-17773.415554,7920.203579
4977.080400,-9252.574275,-19535.435199,9474.636058
4977.080715,-8290.306550,-16624.272307,14434.015869
4977.081029,-4367.215058,-12334.137518,17394.839637
4977.081343,3552.988522,-8963.317327,17246.798449
4977.081658,7031.956449,-1302.362347,18949.272115
4977.081972,2664.741391,2528.115143,16802.674883
4977.082286,2442.679609,8044.002729,10658.965565
4977.082601,7624.121203,21144.235745,13249.686362
4977.082915,11251.130318,24515.055936,11103.089130
4977.083229,11103.089130,20837.797546,6661.853478
4977.083544,7698.141797,16777.491406,3330.926739
4977.083858,1110.308913,13636.499864,444.123565
4977.084172,-4515.256246,10265.679673,-0.000000
4977.084486,-5773.606348,612.876398,-1554.432478
4977.084801,-5477.523971,-5898.935335,3330.926739
4977.085115,-5995.668130,-12257.527968,7402.059420
4977.085429,-7105.977043,-16700.881856,7105.977043
4977.085744,-11769.274478,-19612.044749,10510.924376
4977.086058,-12139.377449,-18309.682402,13471.748144
4977.086372,-7254.018232,-13253.452115,17542.880825
4977.086687,518.144159,-11721.261119,17690.922014
4977.087001,6587.832884,-3830.477490,19245.354492
4977.087315,5033.400406,2911.162892,18357.107362
4977.087630,3108.864956,4903.011187,11843.295072
4977.087944,7031.956449,18386.291952,11399.171507
4977.088258,11399.171507,26583.513781,12213.398043
4977.088573,12731.542202,23212.693589,8142.265362
4977.088887,11177.109724,17083.929605,1702.473667
4977.089201,5625.565159,14096.157163,-444.123565
4977.089516,-2220.617826,11874.480219,1332.370696
4977.089830,-5107.421000,3753.867940,-1332.370696
4977.090144,-3849.070898,-6511.811733,-222.061783
4977.090459,-4145.153275,-11031.775171,9326.594869
4977.090773,-6883.915261,-16777.491406,10140.821405
4977.091087,-9474.636058,-20684.578446,9400.615463
4977.091402,-10066.800811,-19765.263848,12509.480420
4977.091716,-7846.182985,-14402.595362,18505.148550
4977.092030,-740.205942,-11874.480219,18061.024985
4977.092345,7179.997637,-5592.497135,17024.736666
4977.092659,5847.626942,2068.457845,20133.601622
4977.092973,2072.576638,4519.963438,13693.809927
4977.093288,7920.203579,16088.005458,9770.718434
4977.093602,11695.253884,25051.322785,13841.851115
4977.093916,10881.027347,22140.159892,7846.182985
4977.094230,9178.553681,18539.511052,2294.638420
4977.094545,4959.379811,12257.527968,-2220.617826
4977.094859,-2960.823768,11491.432470,666.185348
4977.095173,-5477.523971,3983.696590,-740.205942
4977.095487,-2886.803174,-5439.278036,518.144159
4977.095802,-5551.544565,-10495.508323,8216.285956
4977.096116,-10214.842000,-18386.291952,9252.574275
4977.096430,-11251.130318,-19612.044749,9178.553681
4977.096745,-10214.842000,-18999.168350,12731.542202
4977.097059,-7994.224174,-16394.443657,18135.045579
4977.097373,-666.185348,-10418.898773,18135.045579
4977.097687,6365.771101,-4443.353888,17764.942608
4977.098002,4145.153275,1915.238745,18283.086767
4977.098316,2368.659014,4903.011187,11325.150913
4977.098630,7846.182985,17850.025103,11029.068536
4977.098944,10658.965565,26736.732880,12805.562797
4977.099259,10362.883188,21527.283494,6217.729913
4977.099573,9030.512492,18539.511052,3108.864956
4977.099887,4219.173869,13942.938064,1406.391290
4977.100202,-3478.967927,11874.480219,740.205942
4977.100516,-6809.894666,3830.477490,-2220.617826
4977.100830,-5033.400406,-5439.278036,1110.308913
4977.101144,-6143.709319,-9039.926876,8364.327145
4977.101459,-9622.677246,-18386.291952,9326.594869
4977.101773,-11251.130318,-19612.044749,10140.821405
4977.102087,-11029.068536,-17696.806004,13027.624579
4977.102401,-9252.574275,-14785.643111,16950.716072
4977.102716,-740.205942,-11874.480219,16432.571912
4977.103030,7031.956449,-3907.087040,16728.654289
4977.103344,5995.668130,2298.286494,18505.148550
4977.103658,2590.720797,4290.134789,11325.150913
4977.103973,6957.935855,18462.901502,10140.821405
4977.104287,10881.027347,26736.732880,13175.665768
4977.104601,11325.150913,21986.940793,7698.141797
4977.104916,11547.212695,17926.634653,3775.050304
4977.105230,5995.668130,14479.204912,1554.432478
4977.105544,-1998.556043,12410.747068,2368.659014
4977.105858,-5033.400406,4903.011187,148.041188
4977.106173,-3478.967927,-4443.353888,222.061783
4977.106487,-2812.782580,-7201.297681,8216.285956
4977.106801,-6439.791695,-15168.690860,9326.594869
4977.107115,-9030.512492,-18309.682402,9622.677246
4977.107430,-10066.800811,-17850.025103,11547.212695
4977.107744,-7624.121203,-15475.129060,14508.036463
4977.108058,-2368.659014,-12334.137518,16728.654289
4977.108373,4811.338623,-7048.078582,16876.695478
4977.108687,6513.812290,1608.800546,17616.901420
4977.109001,2886.803174,3140.991542,13693.809927
4977.109315,4885.359217,12640.575717,10436.903782
4977.109630,9918.759623,23136.084040,13915.871710
4977.109944,10362.883188,21374.064394,8660.409521
4977.110258,10362.883188,17466.977354,3775.050304
4977.110572,6143.709319,13713.109414,1998.556043
4977.110887,-740.205942,11414.822920,1850.514855
4977.111201,-3775.050304,5439.278036,740.205942
4977.111515,-1850.514855,-4290.134789,-888.247130
4977.111830,-1850.514855,-8733.488677,6439.791695
4977.112144,-4441.235652,-15398.519510,9400.615463
4977.112458,-7254.018232,-18692.730151,9474.636058
4977.112772,-9252.574275,-18922.558801,12139.377449
4977.113087,-7698.141797,-17083.929605,16580.613101
4977.113401,-3552.988522,-12257.527968,18801.230927
4977.113715,3997.112087,-9193.145976,16728.654289
4977.114029,7105.977043,-1302.362347,17542.880825
4977.114344,1776.494261,2911.162892,15396.283594
4977.114658,1258.350101,9499.584175,10732.986159
4977.114972,5995.668130,21450.673944,11399.171507
4977.115286,8586.388927,23672.350888,9548.656652
4977.115601,7772.162391,18309.682402,4589.276840
4977.115915,3923.091493,14096.157163,2146.597232
4977.116229,-1036.288319,11491.432470,222.061783
4977.116544,-5181.441594,7507.735880,444.123565
4977.116858,-5181.441594,-2528.115143,-1924.535449
4977.117172,-3256.906145,-7967.393179,5255.462188
4977.117486,-4885.359217,-13253.452115,8882.471304
4977.117801,-8068.244768,-17160.539155,9104.533087
4977.118115,-10436.903782,-19075.777900,11325.150913
4977.118429,-8216.285956,-17160.539155,15618.345376
4977.118743,-4589.276840,-11338.213370,19319.375086
4977.119058,4071.132681,-7967.393179,16728.654289
4977.119372,7846.182985,459.657299,17468.860231
4977.119686,2442.679609,3830.477490,16284.530724
4977.120001,1924.535449,9729.412825,9474.636058
4977.120315,7179.997637,23365.912689,11399.171507
4977.120629,9474.636058,25740.808733,10214.842000
4977.120943,9104.533087,20531.359346,4441.235652
4977.121258,5551.544565,14938.862211,1702.473667
4977.121572,-444.123565,12027.699319,666.185348
4977.121886,-5181.441594,10112.460574,1110.308913
4977.122200,-4737.318029,-459.657299,-1184.329507
4977.122515,-3256.906145,-6128.763984,5625.565159
4977.122829,-5625.565159,-12334.137518,10214.842000
4977.123143,-8956.491898,-17850.025103,8734.430116
4977.123457,-9030.512492,-17773.415554,10584.944971
4977.123772,-8364.327145,-16777.491406,14508.036463
4977.124086,-5403.503377,-11338.213370,18801.230927
4977.124400,4367.215058,-7967.393179,15692.365970
4977.124715,8216.285956,-612.876398,17246.798449
4977.125029,2590.720797,3600.648841,17394.839637
4977.125343,3478.967927,8197.221829,9696.697840
4977.125657,7772.162391,22063.550342,12879.583391
4977.125972,9400.615463,24132.008187,11621.233289
4977.126286,9030.512492,19535.435199,5033.400406
4977.126600,6587.832884,14785.643111,2738.761985
4977.126914,1184.329507,12180.918418,370.102971
4977.127229,-3701.029710,10572.117872,370.102971
4977.127543,-3256.906145,-229.828649,-1554.432478
4977.127857,-1702.473667,-5822.325785,4515.256246
4977.128172,-3404.947333,-10648.727422,8660.409521
4977.128486,-6883.915261,-17237.148705,8734.430116
4977.128800,-8290.306550,-17466.977354,10881.027347
4977.129114,-6809.894666,-17083.929605,13767.830521
4977.129429,-3627.009116,-13559.890315,16728.654289
4977.129743,3997.112087,-9576.193725,16876.695478
4977.130057,7846.182985,-2145.067394,17912.983796
4977.130371,3330.926739,2834.553343,18209.066173
4977.130686,1332.370696,5286.058936,11547.212695
4977.131000,4367.215058,17696.806004,12731.542202
4977.131314,7550.100608,23059.474490,12139.377449
4977.131628,7402.059420,17926.634653,6513.812290
4977.131943,4515.256246,12640.575717,1924.535449
4977.132257,-814.226536,10801.946522,370.102971
4977.132571,-5847.626942,9116.536426,148.041188
4977.132886,-6291.750507,1378.971896,-888.247130
4977.133200,-4145.153275,-7048.078582,2368.659014
4977.133514,-4071.132681,-11338.213370,8364.327145
4977.133828,-5551.544565,-16547.662757,8956.491898
4977.134143,-8512.368333,-19688.654299,9474.636058
4977.134457,-8512.368333,-18845.949251,13027.624579
4977.134771,-5329.482782,-12334.137518,17912.983796
4977.135085,1998.556043,-9652.803275,17764.942608
4977.135400,8734.430116,-2374.896044,18579.169144
4977.135714,7328.038826,4213.525239,18579.169144
4977.136028,2368.659014,5439.278036,12657.521608
4977.136343,4145.153275,16241.224558,10732.986159
4977.136657,8438.347739,23978.789087,10584.944971
4977.136971,9844.739029,21527.283494,8364.327145
4977.137285,7402.059420,14709.033562,3034.844362
4977.137600,2590.720797,11108.384721,-518.144159
4977.137914,-4219.173869,11951.089769,518.144159
4977.138228,-7254.018232,3983.696590,-296.082377
4977.138542,-5403.503377,-6128.763984,-666.185348
4977.138857,-4441.235652,-11414.822920,7550.100608
4977.139171,-6587.832884,-15934.786358,11251.130318
4977.139485,-9622.677246,-18003.244203,10584.944971
4977.139799,-9326.594869,-18769.339701,10658.965565
4977.140114,-6513.812290,-12410.747068,17987.004391
4977.140428,222.061783,-7048.078582,17690.922014
4977.140742,7846.182985,-3064.381992,15470.304188
4977.141057,7476.080014,4366.744339,18135.045579
4977.141371,1924.535449,5822.325785,13693.809927
4977.141685,4811.338623,16854.100956,10584.944971
4977.141999,9326.594869,24821.494135,12879.583391
4977.142314,10658.965565,21450.673944,8586.388927
4977.142628,8734.430116,15934.786358,4145.153275
4977.142942,4367.215058,11491.432470,1110.308913
4977.143256,-1184.329507,11797.870669,962.267725
4977.143571,-3627.009116,5439.278036,-0.000000
4977.143885,-1480.411884,-4673.182538,-814.226536
4977.144199,-1776.494261,-8273.831378,7920.203579
4977.144514,-6069.688724,-15168.690860,9104.533087
4977.144828,-8216.285956,-17543.586904,7328.038826
4977.145142,-8734.430116,-18079.853753,10955.047942
4977.145456,-6809.894666,-15168.690860,16950.716072
4977.145771,-444.123565,-9882.631924,18283.086767
4977.146085,6735.874072,-4979.620737,18209.066173
4977.146399,4811.338623,1225.752797,19911.539840
4977.146713,666.185348,2374.896044,14211.954086
4977.147028,3256.906145,12563.966167,11029.068536
4977.147342,6957.935855,23442.522239,14211.954086
4977.147656,7698.141797,20837.797546,8216.285956
4977.147970,7402.059420,16547.662757,2812.782580
4977.148285,2960.823768,12257.527968,1110.308913
4977.148599,-2442.679609,11108.384721,-222.061783
4977.148913,-5255.462188,5132.839837,-1554.432478
4977.149228,-4071.132681,-6588.421283,-1850.514855
4977.149542,-3552.988522,-8580.269578,5847.626942
4977.149856,-5403.503377,-15475.129060,9400.615463
4977.150170,-8660.409521,-20914.407095,9252.574275
4977.150485,-9770.718434,-20454.749797,13027.624579
4977.150799,-7920.203579,-15934.786358,18283.086767
4977.151113,-3330.926739,-13023.623466,19541.436869
4977.151427,5033.400406,-7737.564530,18209.066173
4977.151742,7624.121203,1608.800546,20577.725188
4977.152056,2886.803174,3294.210641,16358.551318
4977.152370,3330.926739,12640.575717,9992.780217
4977.152685,8216.285956,24668.275036,10510.924376
4977.152999,10140.821405,25434.370534,8808.450710
4977.153313,9844.739029,18539.511052,3923.091493
4977.153627,6513.812290,13942.938064,-1036.288319
4977.153942,-592.164754,11874.480219,-740.205942
4977.154256,-6513.812290,7048.078582,518.144159
4977.154570,-5625.565159,-3294.210641,-2220.617826
4977.154884,-2442.679609,-9116.536426,5107.421000
4977.155199,-5551.544565,-16241.224558,10881.027347
4977.155513,-10066.800811,-20148.311597,9918.759623
4977.155827,-10066.800811,-18616.120601,10658.965565
4977.156141,-8216.285956,-14709.033562,16432.571912
4977.156456,-4219.173869,-11338.213370,18949.272115
4977.156770,4885.359217,-7660.954980,16580.613101
4977.157084,7254.018232,995.924147,19541.436869
4977.157399,2516.700203,4673.182538,15618.345376
4977.157713,5995.668130,13866.328514,8512.368333
4977.158027,10066.800811,25357.760984,14285.974681
4977.158341,9326.594869,23902.179538,10362.883188
4977.158656,9178.553681,20761.187996,3478.967927
4977.158970,6883.915261,15015.471761,-1702.473667
4977.159284,-1110.308913,13713.109414,888.247130
4977.159598,-4293.194464,8656.879127,-666.185348
4977.159913,-148.041188,-2145.067394,-2368.659014
4977.160227,-2368.659014,-7048.078582,6439.791695
4977.160541,-8660.409521,-16700.881856,9030.512492
4977.160856,-10584.944971,-18079.853753,9696.697840
4977.161170,-9178.553681,-17543.586904,12213.398043
4977.161484,-6957.935855,-18539.511052,17024.736666
4977.161798,-2220.617826,-11951.089769,19393.395680
4977.162113,5921.647536,-7507.735880,17246.798449
4977.162427,5477.523971,0.000000,19615.457463
4977.162741,1036.288319,4443.353888,13841.851115
4977.163055,4071.132681,12487.356617,12435.459826
4977.163370,8216.285956,24285.227287,16876.695478
4977.163684,8142.265362,23212.693589,8734.430116
4977.163998,7994.224174,18079.853753,3552.988522
4977.164313,3256.906145,14632.424012,518.144159
4977.164627,-2664.741391,13406.671215,-444.123565
4977.164941,-5033.400406,7431.126331,-1036.288319
4977.165255,-3627.009116,-2298.286494,-2072.576638
4977.165570,-2960.823768,-7201.297681,4885.359217
4977.165884,-6069.688724,-16011.395908,7920.203579
4977.166198,-9326.594869,-18692.730151,9326.594869
4977.166512,-9326.594869,-18079.853753,11843.295072
4977.166827,-6587.832884,-17696.806004,15100.201217
4977.167141,-2590.720797,-13559.890315,18653.189738
4977.167455,6069.688724,-7967.393179,18431.127956
4977.167769,8216.285956,1378.971896,19023.292709
4977.168084,1258.350101,3217.601092,15618.345376
4977.168398,1628.453072,9116.536426,11621.233289
4977.168712,6587.832884,23289.303139,14508.036463
4977.169027,8142.265362,23442.522239,10288.862594
4977.169341,8364.327145,16088.005458,3330.926739
4977.169655,4737.318029,14019.547613,1480.411884
4977.169969,-2368.659014,12870.404366,888.247130
4977.170284,-6587.832884,8197.221829,-1184.329507
4977.170598,-4959.379811,-2145.067394,-3330.926739
4977.170912,-2368.659014,-9116.536426,4219.173869
4977.171226,-4293.194464,-13100.233016,8216.285956
4977.171541,-7698.141797,-17696.806004,7846.182985
4977.171855,-8660.409521,-19382.216099,11177.109724
4977.172169,-6661.853478,-16394.443657,15396.283594
4977.172484,-2590.720797,-12487.356617,19319.375086
4977.172798,5995.668130,-9806.022374,17246.798449
4977.173112,9770.718434,229.828649,18505.148550
4977.173426,2812.782580,3524.039291,17616.901420
4977.173741,3256.906145,8963.317327,11325.150913
4977.174055,9104.533087,21144.235745,14656.077652
4977.174369,10658.965565,23289.303139,13101.645173
4977.174683,9622.677246,18539.511052,5773.606348
4977.174998,5625.565159,13023.623466,1036.288319
4977.175312,-1258.350101,12027.699319,-148.041188
4977.175626,-5625.565159,9346.365076,-1258.350101
4977.175940,-3923.091493,153.219100,-2960.823768
4977.176255,-2368.659014,-7201.297681,3478.967927
4977.176569,-4885.359217,-13942.938064,7402.059420
4977.176883,-8882.471304,-16930.710506,6957.935855
4977.177198,-9252.574275,-18309.682402,9844.739029
4977.177512,-6883.915261,-17696.806004,16136.489536
4977.177826,-3404.947333,-12563.966167,18579.169144
4977.178140,4663.297435,-9499.584175,16654.633695
4977.178455,7402.059420,-1685.410096,18579.169144
4977.178769,1554.432478,3983.696590,17394.839637
4977.179083,2812.782580,8044.002729,11399.171507
4977.179397,8290.306550,21450.673944,16580.613101
4977.179712,9178.553681,22829.645840,14285.974681
4977.180026,8734.430116,18845.949251,6809.894666
4977.180340,5625.565159,13406.671215,2294.638420
4977.180655,0.000000,12257.527968,-1036.288319
4977.180969,-4811.338623,10495.508323,-1406.391290
4977.181283,-3404.947333,995.924147,-2442.679609
4977.181597,-1036.288319,-5132.839837,2812.782580
4977.181912,-3775.050304,-12410.747068,7179.997637
4977.182226,-7846.182985,-17390.367805,7031.956449
4977.182540,-9030.512492,-17466.977354,10066.800811
4977.182854,-7920.203579,-16547.662757,13989.892304
4977.183169,-5181.441594,-14172.766713,16876.695478
4977.183483,3034.844362,-10342.289223,16802.674883
4977.183797,6513.812290,-1608.800546,18727.210333
4977.184111,1332.370696,3064.381992,17468.860231
4977.184426,-444.123565,7201.297681,11917.315666
4977.184740,4293.194464,20301.530697,15174.221811
4977.185054,8216.285956,24515.055936,14211.954086
4977.185369,8808.450710,19688.654299,7328.038826
4977.185683,5625.565159,13789.718964,2368.659014
4977.185997,-666.185348,12870.404366,-962.267725
4977.186311,-5477.523971,10801.946522,-2072.576638
4977.186626,-5921.647536,2528.115143,-3552.988522
4977.186940,-2368.659014,-5362.668486,1776.494261
4977.187254,-2072.576638,-10878.556072,8586.388927
4977.187568,-5921.647536,-16624.272307,8438.347739
4977.187883,-8956.491898,-19152.387450,9622.677246
4977.188197,-7550.100608,-17466.977354,13101.645173
4977.188511,-4293.194464,-13330.061665,18283.086767
4977.188826,3256.906145,-10955.165621,17468.860231
4977.189140,9918.759623,-1915.238745,17690.922014
4977.189454,5329.482782,4826.401637,19319.375086
4977.189768,740.205942,6281.983084,11917.315666
4977.190083,5699.585753,19612.044749,12805.562797
4977.190397,9474.636058,25817.418283,15544.324782
4977.190711,9178.553681,20607.968896,9326.594869
4977.191025,6143.709319,12487.356617,2738.761985
4977.191340,74.020594,10418.898773,-518.144159
4977.191654,-6291.750507,9959.241474,-962.267725
4977.191968,-6513.812290,2834.553343,-3923.091493
4977.192282,-2664.741391,-5056.230287,-148.041188
4977.192597,-2368.659014,-11491.432470,7624.121203
4977.192911,-6735.874072,-16317.834107,8364.327145
4977.193225,-7846.182985,-17160.539155,8660.409521
4977.193540,-6809.894666,-18003.244203,13101.645173
4977.193854,-4589.276840,-14249.376263,18357.107362
4977.194168,3034.844362,-11031.775171,16876.695478
4977.194482,9474.636058,-3983.696590,17912.983796
4977.194796,4071.132681,3677.258390,20207.622217
4977.195111,1776.494261,5898.935335,11769.274478
4977.195425,6661.853478,18845.949251,14211.954086
4977.195739,7846.182985,23748.960438,17987.004391
4977.196053,7328.038826,20071.702048,9474.636058
4977.196367,6143.709319,14172.766713,3923.091493
4977.196682,740.205942,10495.508323,370.102971
4977.196996,-5699.585753,10495.508323,-1184.329507
4977.197310,-5847.626942,3370.820191,-5107.421000
4977.197624,-2960.823768,-4060.306139,-148.041188
4977.197938,-2738.761985,-9039.926876,5699.585753
4977.198253,-6513.812290,-15704.957709,7105.977043
4977.198567,-8438.347739,-17466.977354,8734.430116
4977.198881,-7624.121203,-17850.025103,12509.480420
4977.199195,-5033.400406,-14709.033562,16654.633695
4977.199509,1554.432478,-11797.870669,17690.922014
4977.199824,8438.347739,-4749.792088,17690.922014
4977.200138,5847.626942,2528.115143,19615.457463
4977.200452,1628.453072,4519.963438,13693.809927
4977.200766,3849.070898,17160.539155,14137.933492
4977.201080,7105.977043,24974.713235,15914.427753
4977.201395,7476.080014,22063.550342,10066.800811
4977.201709,6291.750507,14862.252661,4589.276840
4977.202023,1036.288319,11491.432470,222.061783
4977.202337,-4589.276840,11261.603821,-2146.597232
4977.202651,-6883.915261,5745.716235,-4441.235652
4977.202966,-3478.967927,-3524.039291,-2960.823768
4977.203280,-1776.494261,-9729.412825,6587.832884
4977.203594,-4589.276840,-15245.300410,9326.594869
4977.203908,-8586.388927,-17773.415554,9104.533087
4977.204222,-8882.471304,-18079.853753,11991.336260
4977.204536,-6439.791695,-15398.519510,16654.633695
4977.204851,370.102971,-13866.328514,17690.922014
4977.205165,8512.368333,-6894.859482,17987.004391
4977.205479,8142.265362,2145.067394,19245.354492
4977.205793,666.185348,3217.601092,14211.954086
4977.206107,2664.741391,13942.938064,11769.274478
4977.206422,7994.224174,24515.055936,17172.777854
4977.206736,9400.615463,22216.769442,12731.542202
4977.207050,8068.244768,14555.814462,4589.276840
4977.207364,3256.906145,9882.631924,814.226536
4977.207678,-3701.029710,12410.747068,-592.164754
4977.207993,-6439.791695,7584.345430,-3701.029710
4977.208307,-4737.318029,-995.924147,-3775.050304
4977.208621,-3775.050304,-7354.516781,5847.626942
4977.208935,-6439.791695,-14172.766713,7994.224174
4977.209249,-8660.409521,-17390.367805,5329.482782
4977.209564,-9622.677246,-17926.634653,9548.656652
4977.209878,-7550.100608,-16164.615008,16580.613101
4977.210192,-2072.576638,-12257.527968,17320.819043
4977.210506,6735.874072,-8273.831378,16136.489536
4977.210820,7772.162391,689.485948,19763.498651
4977.211135,1480.411884,3677.258390,16062.468941
4977.211449,3701.029710,11414.822920,11399.171507
4977.211763,8882.471304,22982.864940,15988.448347
4977.212077,9326.594869,22982.864940,13693.809927
4977.212391,8512.368333,18156.463303,7179.997637
4977.212705,4885.359217,11031.775171,2294.638420
4977.213020,-1332.370696,11338.213370,-1110.308913
4977.213334,-5551.544565,8810.098227,-2590.720797
4977.213648,-3256.906145,536.266849,-3997.112087
4977.213962,-1554.432478,-5132.839837,3923.091493
4977.214276,-3478.967927,-13713.109414,7476.080014
4977.214591,-7698.141797,-18386.291952,7550.100608
4977.214905,-9252.574275,-18462.901502,10955.047942
4977.215219,-7846.182985,-16930.710506,15544.324782
4977.215533,-3701.029710,-13330.061665,18283.086767
4977.215847,4663.297435,-9806.022374,18283.086767
4977.216162,7105.977043,-1838.629195,19837.519246
4977.216476,1110.308913,2604.724693,16358.551318
4977.216790,2368.659014,10572.117872,10214.842000
4977.217104,7698.141797,23136.084040,15470.304188
4977.217418,8586.388927,24361.836836,13619.789333
4977.217733,9400.615463,18692.730151,6735.874072
4977.218047,7476.080014,14096.157163,1554.432478
4977.218361,518.144159,12487.356617,-962.267725
4977.218675,-5625.565159,9652.803275,-3256.906145
4977.218989,-3923.091493,1532.190996,-5699.585753
4977.219304,-1258.350101,-4443.353888,2072.576638
4977.219618,-3330.926739,-12257.527968,8660.409521
4977.219932,-7550.100608,-18156.463303,8512.368333
4977.220246,-9178.553681,-19458.825649,11843.295072
4977.220560,-8290.306550,-19535.435199,15322.262999
4977.220875,-5403.503377,-14709.033562,18801.230927
4977.221189,3256.906145,-9806.022374,17764.942608
4977.221503,7920.203579,-1608.800546,19393.395680
4977.221817,1406.391290,3370.820191,16950.716072
4977.222131,1850.514855,8580.269578,9918.759623
4977.222445,7550.100608,23136.084040,14952.160028
4977.222760,8216.285956,25434.370534,13249.686362
4977.223074,7476.080014,18309.682402,5921.647536
4977.223388,5477.523971,13330.061665,1184.329507
4977.223702,-1776.494261,11491.432470,-0.000000
4977.224016,-6957.935855,8503.660028,-74.020594
4977.224331,-4737.318029,612.876398,-3478.967927
4977.224645,-2368.659014,-6205.373534,3256.906145
4977.224959,-4367.215058,-13559.890315,9178.553681
4977.225273,-7846.182985,-17850.025103,7624.121203
4977.225587,-7624.121203,-17083.929605,10362.883188
4977.225902,-6661.853478,-17773.415554,15174.221811
4977.226216,-3182.885551,-13866.328514,19023.292709
4977.226530,5625.565159,-7967.393179,16432.571912
4977.226844,9474.636058,-1072.533697,17542.880825
4977.227158,2960.823768,4749.792088,15988.448347
4977.227473,3404.947333,8963.317327,8956.491898
4977.227787,7328.038826,21680.502593,15840.407159
4977.228101,7105.977043,23978.789087,14285.974681
4977.228415,6809.894666,17466.977354,7550.100608
4977.228729,3404.947333,11184.994271,3330.926739
4977.229044,-3256.906145,9652.803275,1184.329507
4977.229358,-7994.224174,8503.660028,-1332.370696
4977.229672,-5551.544565,1225.752797,-4367.215058
4977.229986,-3478.967927,-5209.449386,2294.638420
4977.230300,-4589.276840,-12180.918418,5773.606348
4977.230614,-6291.750507,-15704.957709,6513.812290
4977.230929,-7402.059420,-14938.862211,9844.739029
4977.231243,-6069.688724,-16700.881856,15100.201217
4977.231557,-1924.535449,-14632.424012,16580.613101
4977.231871,7105.977043,-10342.289223,17024.736666
4977.232185,11029.068536,-2068.457845,19023.292709
4977.232500,5773.606348,5132.839837,18949.272115
4977.232814,2516.700203,7201.297681,11695.253884
4977.233128,5181.441594,18539.511052,15026.180623
4977.233442,7920.203579,23442.522239,15840.407159
4977.233756,7994.224174,18692.730151,9548.656652
4977.234071,4959.379811,11721.261119,4737.318029
4977.234385,-1628.453072,9882.631924,-0.000000
4977.234699,-6217.729913,8656.879127,-3256.906145
4977.235013,-7105.977043,3370.820191,-4219.173869
4977.235327,-5551.544565,-3907.087040,-222.061783
4977.235642,-4071.132681,-10495.508323,5625.565159
4977.235956,-4219.173869,-14172.766713,7846.182985
4977.236270,-8142.265362,-17237.148705,10066.800811
4977.236584,-8956.491898,-19152.387450,12509.480420
4977.236898,-4959.379811,-13942.938064,17394.839637
4977.237213,3330.926739,-11797.870669,17246.798449
4977.237527,10214.842000,-2834.553343,18801.230927
4977.237841,8882.471304,6894.859482,20355.663405
4977.238155,2220.617826,6128.763984,12435.459826
4977.238469,3256.906145,15934.786358,11251.130318
4977.238784,7698.141797,24668.275036,13619.789333
4977.239098,8882.471304,21986.940793,11473.192101
4977.239412,7031.956449,12947.013916,4737.318029
4977.239726,592.164754,7584.345430,-444.123565
4977.240040,-5255.462188,9729.412825,-444.123565
4977.240354,-8734.430116,4290.134789,-2294.638420
4977.240669,-6957.935855,-4213.525239,-2368.659014
4977.240983,-3997.112087,-11568.042020,4219.173869
4977.241297,-4589.276840,-13636.499864,10732.986159
4977.241611,-7698.141797,-17083.929605,10362.883188
4977.241925,-7402.059420,-19458.825649,11399.171507
4977.242240,-4663.297435,-14172.766713,17690.922014
4977.242554,1776.494261,-10648.727422,18949.272115
4977.242868,9844.739029,-4136.915689,16358.551318
4977.243182,9178.553681,5056.230287,19393.395680
4977.243496,2294.638420,4519.963438,14508.036463
4977.243811,5403.503377,15781.567259,10436.903782
4977.244125,8660.409521,24744.884585,15100.201217
4977.244439,7846.182985,20301.530697,11769.274478
4977.244753,5773.606348,14938.862211,4441.235652
4977.245067,2146.597232,8733.488677,-888.247130
4977.245382,-4811.338623,8810.098227,444.123565
4977.245696,-6957.935855,5362.668486,-2664.741391
4977.246010,-2960.823768,-2834.553343,-2812.782580
4977.246324,-3849.070898,-9346.365076,5921.647536
4977.246638,-6809.894666,-16088.005458,7402.059420
4977.246953,-7179.997637,-15551.738609,8882.471304
4977.247267,-7105.977043,-18003.244203,12287.418637
4977.247581,-5255.462188,-16241.224558,17024.736666
4977.247895,888.247130,-11414.822920,18283.086767
4977.248209,8734.430116,-6511.811733,16950.716072
4977.248523,7179.997637,3294.210641,21243.910535
4977.248838,2368.659014,4749.792088,13841.851115
4977.249152,4737.318029,13636.499864,11917.315666
4977.249466,7550.100608,23748.960438,15914.427753
4977.249780,7624.121203,20914.407095,9400.615463
4977.250094,6365.771101,16011.395908,5255.462188
4977.250409,2146.597232,10725.336972,1480.411884
4977.250723,-4145.153275,9806.022374,-1332.370696
4977.251037,-7254.018232,4979.620737,-2960.823768
4977.251351,-5181.441594,-2834.553343,-3256.906145
4977.251665,-2960.823768,-6741.640382,4885.359217
4977.251980,-5107.421000,-14785.643111,7624.121203
4977.252294,-7624.121203,-16930.710506,9326.594869
4977.252608,-7476.080014,-16547.662757,12435.459826
4977.252922,-5995.668130,-15092.081311,15914.427753
4977.253236,-666.185348,-13330.061665,17098.757260
4977.253551,8068.244768,-6281.983084,17912.983796
4977.253865,8364.327145,4366.744339,21169.889941
4977.254179,1850.514855,4673.182538,14137.933492
4977.254493,2664.741391,13023.623466,9770.718434
4977.254807,6883.915261,23902.179538,14211.954086
4977.255122,7698.141797,22523.207641,10807.006753
4977.255436,7624.121203,15398.519510,4811.338623
4977.255750,3108.864956,9116.536426,1406.391290
4977.256064,-4293.194464,9882.631924,1702.473667
4977.256378,-8216.285956,5362.668486,-1036.288319
4977.256693,-6365.771101,-1915.238745,-2294.638420
4977.257007,-3330.926739,-7584.345430,4885.359217
4977.257321,-4367.215058,-13789.718964,9030.512492
4977.257635,-6661.853478,-16624.272307,9252.574275
4977.257949,-7476.080014,-17466.977354,11251.130318
4977.258263,-5329.482782,-13866.328514,16136.489536
4977.258578,-740.205942,-11108.384721,17468.860231
4977.258892,8216.285956,-7431.126331,16062.468941
4977.259206,10362.883188,3140.991542,18949.272115
4977.259520,3330.926739,6665.030833,15914.427753
4977.259834,3552.988522,11874.480219,9178.553681
4977.260149,7550.100608,22216.769442,13101.645173
4977.260463,8364.327145,22369.988542,12509.480420
4977.260777,7105.977043,17466.977354,6143.709319
4977.261091,3404.947333,8733.488677,222.061783
4977.261405,-2664.741391,9346.365076,-518.144159
4977.261720,-7846.182985,7124.688131,-518.144159
4977.262034,-5773.606348,-842.705048,-2072.576638
4977.262348,-3552.988522,-6894.859482,3478.967927
4977.262662,-4811.338623,-14249.376263,8142.265362
4977.262976,-6957.935855,-15245.300410,9696.697840
4977.263291,-6883.915261,-16624.272307,11177.109724
4977.263605,-4811.338623,-16011.395908,16136.489536
4977.263919,-1628.453072,-12027.699319,18283.086767
4977.264233,7698.141797,-8120.612279,17320.819043
4977.264547,8808.450710,1378.971896,20355.663405
4977.264862,2738.761985,4826.401637,15766.386565
4977.265176,3182.885551,10189.070123,9696.697840
4977.265490,6735.874072,21910.331243,15692.365970
4977.265804,6439.791695,21527.283494,12805.562797
4977.266118,6069.688724,16317.834107,5181.441594
4977.266432,2960.823768,9269.755526,1554.432478
4977.266747,-3775.050304,9346.365076,148.041188
4977.267061,-8364.327145,7890.783629,-296.082377
4977.267375,-6587.832884,-1532.190996,-3997.112087
4977.267689,-3775.050304,-5286.058936,2886.803174
4977.268003,-4293.194464,-11797.870669,8142.265362
4977.268318,-6587.832884,-15168.690860,7846.182985
4977.268632,-7550.100608,-16854.100956,9474.636058
4977.268946,-6217.729913,-14709.033562,14063.912898
4977.269260,-3404.947333,-11184.994271,17616.901420
4977.269574,5477.523971,-9576.193725,16876.695478
4977.269889,9104.533087,-153.219100,18949.272115
4977.270203,3923.091493,5209.449386,18431.127956
4977.270517,1924.535449,8427.050478,11843.295072
4977.270831,4663.297435,20531.359346,13323.706956
4977.271145,7550.100608,21757.112143,12435.459826
4977.271460,8660.409521,18616.120601,7994.224174
4977.271774,5329.482782,11031.775171,1998.556043
4977.272088,-814.226536,8963.317327,-592.164754
4977.272402,-6143.709319,8886.707777,-1628.453072
4977.272716,-6957.935855,2221.676944,-2812.782580
4977.273031,-4811.338623,-4979.620737,1258.350101
4977.273345,-3330.926739,-11797.870669,7476.080014
4977.273659,-5107.421000,-14709.033562,9770.718434
4977.273973,-8290.306550,-16394.443657,11325.150913
4977.274287,-8512.368333,-17773.415554,13027.624579
4977.274602,-3849.070898,-11874.480219,17764.942608
4977.274916,3923.091493,-9652.803275,17838.963202
4977.275230,10066.800811,-1762.019645,18949.272115
4977.275544,8290.306550,7354.516781,19245.354492
4977.275858,3552.988522,7584.345430,11251.130318
4977.276172,4885.359217,17773.415554,10510.924376
4977.276487,8808.450710,23212.693589,11325.150913
4977.276801,9918.759623,21374.064394,9918.759623
4977.277115,6883.915261,12334.137518,3478.967927
4977.277429,1184.329507,6052.154434,-1110.308913
4977.277743,-4885.359217,8273.831378,-0.000000
4977.278058,-7402.059420,2145.067394,-1258.350101
4977.278372,-5625.565159,-5056.230287,-962.267725
4977.278686,-3701.029710,-11568.042020,6587.832884
4977.279000,-5403.503377,-14325.985813,11177.109724
4977.279314,-7254.018232,-15858.176809,10510.924376
4977.279629,-6513.812290,-17696.806004,11103.089130
4977.279943,-3997.112087,-12104.308868,18505.148550
4977.280257,2220.617826,-8963.317327,18579.169144
4977.280571,10140.821405,-2987.772442,16580.613101
4977.280885,7920.203579,5132.839837,18505.148550
4977.281200,2590.720797,5515.887586,13545.768739
4977.281514,4293.194464,16241.224558,10881.027347
4977.281828,6661.853478,22906.255390,12805.562797
4977.282142,6957.935855,19458.825649,10658.965565
4977.282456,4367.215058,12717.185267,5107.421000
4977.282771,-148.041188,6052.154434,296.082377
4977.283085,-5625.565159,6358.592633,-1332.370696
4977.283399,-9178.553681,2451.505594,-2516.700203
4977.283713,-6883.915261,-4366.744339,-2146.597232
4977.284027,-4515.256246,-9346.365076,6217.729913
4977.284341,-5477.523971,-14709.033562,9474.636058
4977.284656,-7698.141797,-16471.053207,9770.718434
4977.284970,-7031.956449,-16854.100956,12435.459826
4977.285284,-4441.235652,-11951.089769,18135.045579
4977.285598,2886.803174,-7967.393179,17320.819043
4977.285912,11399.171507,-3600.648841,17024.736666
4977.286227,9548.656652,5209.449386,21021.848753
4977.286541,3256.906145,5975.544884,13101.645173
4977.286855,4145.153275,16930.710506,10066.800811
4977.287169,6735.874072,24208.617737,12435.459826
4977.287483,7328.038826,21220.845295,9696.697840
4977.287798,4589.276840,13789.718964,4663.297435
4977.288112,0.000000,6511.811733,518.144159
4977.288426,-7179.997637,6358.592633,-888.247130
4977.288740,-10732.986159,2068.457845,-740.205942
4977.289054,-8882.471304,-5209.449386,-1406.391290
4977.289369,-4663.297435,-8656.879127,6439.791695
4977.289683,-4811.338623,-14325.985813,10436.903782
4977.289997,-7328.038826,-16317.834107,9770.718434
4977.290311,-6365.771101,-15934.786358,11103.089130
4977.290625,-3627.009116,-10572.117872,15470.304188
4977.290940,3552.988522,-7507.735880,16728.654289
4977.291254,11547.212695,-3217.601092,17024.736666
4977.291568,11621.233289,5669.106685,21021.848753
4977.291882,4811.338623,5209.449386,14434.015869
4977.292196,5329.482782,15092.081311,9918.759623
4977.292511,8438.347739,22906.255390,12583.501014
4977.292825,8216.285956,19535.435199,10732.986159
4977.293139,5847.626942,13330.061665,4885.359217
4977.293453,1110.308913,6128.763984,444.123565
4977.293767,-4885.359217,7277.907231,1036.288319
4977.294081,-8734.430116,3370.820191,-0.000000
4977.294396,-7402.059420,-4826.401637,-2738.761985
4977.294710,-4589.276840,-9116.536426,5181.441594
4977.295024,-3701.029710,-12334.137518,9622.677246
4977.295338,-5921.647536,-14709.033562,9622.677246
4977.295652,-7179.997637,-17160.539155,11177.109724
4977.295967,-3997.112087,-12257.527968,15396.283594
4977.296281,2516.700203,-6971.469032,16654.633695
4977.296595,9548.656652,-4596.572988,17098.757260
4977.296909,11695.253884,3677.258390,20207.622217
4977.297223,5551.544565,3907.087040,16580.613101
4977.297538,3404.947333,12104.308868,12731.542202
4977.297852,5107.421000,21067.626195,12509.480420
4977.298166,6957.935855,19382.216099,10658.965565
4977.298480,5551.544565,14555.814462,5995.668130
4977.298795,740.205942,6818.249932,592.164754
4977.299109,-5773.606348,7737.564530,592.164754
4977.299423,-9030.512492,4749.792088,-444.123565
4977.299737,-8882.471304,-3600.648841,-2590.720797
4977.300051,-6365.771101,-8273.831378,2442.679609
4977.300366,-4959.379811,-12717.185267,7550.100608
4977.300680,-5403.503377,-13406.671215,9918.759623
4977.300994,-7179.997637,-17007.320056,10288.862594
4977.301308,-5107.421000,-14019.547613,13619.789333
4977.301622,1332.370696,-6511.811733,17246.798449
4977.301937,8290.306550,-3677.258390,15544.324782
4977.302251,12065.356855,4366.744339,18875.251521
4977.302565,7846.182985,5822.325785,17394.839637
4977.302879,3627.009116,11261.603821,14508.036463
4977.303193,3330.926739,19918.482948,12731.542202
4977.303508,6513.812290,19305.606550,9252.574275
4977.303822,6291.750507,16624.272307,8808.450710
4977.304136,148.041188,7737.564530,2886.803174
4977.304450,-5329.482782,4443.353888,-1924.535449
4977.304764,-9252.574275,5592.497135,592.164754
4977.305079,-10288.862594,-1991.848295,518.144159
4977.305393,-8068.244768,-7814.174080,3404.947333
4977.305707,-5551.544565,-13942.938064,7698.141797
4977.306021,-5625.565159,-14555.814462,10436.903782
4977.306335,-7550.100608,-15398.519510,11325.150913
4977.306650,-5551.544565,-15628.348159,11547.212695
4977.306964,962.267725,-7354.516781,16136.489536
4977.307278,7254.018232,-2987.772442,15692.365970
4977.307592,11251.130318,4366.744339,16802.674883
4977.307906,9622.677246,8503.660028,16506.592507
4977.308221,7624.121203,10035.851024,12287.418637
4977.308535,7105.977043,19535.435199,11991.336260
4977.308849,8216.285956,19995.092498,9770.718434
4977.309163,9252.574275,17543.586904,9252.574275
4977.309477,4071.132681,10189.070123,4737.318029
4977.309792,-2146.597232,4443.353888,-518.144159
4977.310106,-7031.956449,5898.935335,592.164754
4977.310420,-8216.285956,-153.219100,222.061783
4977.310734,-7550.100608,-7201.297681,1480.411884
4977.311048,-5329.482782,-12257.527968,6661.853478
4977.311363,-5181.441594,-15015.471761,10510.924376
4977.311677,-7846.182985,-15168.690860,11103.089130
4977.311991,-6217.729913,-15934.786358,10807.006753
4977.312305,-1480.411884,-9729.412825,15618.345376
4977.312619,3849.070898,-5209.449386,18579.169144
4977.312934,9474.636058,229.828649,16580.613101
4977.313248,9844.739029,5592.497135,16506.592507
4977.313562,5847.626942,7507.735880,15026.180623
4977.313876,4367.215058,16164.615008,13101.645173
4977.314190,6069.688724,18386.291952,9844.739029
4977.314505,7846.182985,16624.272307,9178.553681
4977.314819,4367.215058,12793.794817,7550.100608
4977.315133,-592.164754,4519.963438,1110.308913
4977.315447,-5329.482782,4290.134789,-148.041188
4977.315761,-7402.059420,306.438199,-222.061783
4977.316076,-7550.100608,-5286.058936,962.267725
4977.316390,-5773.606348,-10725.336972,5551.544565
4977.316704,-4737.318029,-14709.033562,9474.636058
4977.317018,-6143.709319,-14709.033562,10807.006753
4977.317332,-6439.791695,-15628.348159,11103.089130
4977.317647,-3034.844362,-10955.165621,13693.809927
4977.317961,1776.494261,-5286.058936,16876.695478
4977.318275,7476.080014,-612.876398,16284.530724
4977.318589,9696.697840,6588.421283,17320.819043
4977.318904,5921.647536,8580.269578,16136.489536
4977.319218,2590.720797,14096.157163,12879.583391
4977.319532,2812.782580,18309.682402,9918.759623
4977.319846,5107.421000,16547.662757,7031.956449
4977.320160,3849.070898,14709.033562,6587.832884
4977.320475,-518.144159,7277.907231,1702.473667
4977.320789,-5477.523971,4749.792088,-592.164754
4977.321103,-8512.368333,2757.943793,-592.164754
4977.321417,-7994.224174,-4136.915689,444.123565
4977.321731,-6439.791695,-9193.145976,4959.379811
4977.322046,-4589.276840,-13942.938064,9178.553681
4977.322360,-5773.606348,-14709.033562,11917.315666
4977.322674,-5995.668130,-15321.909960,11695.253884
4977.322988,-2072.576638,-12257.527968,14137.933492
4977.323302,3701.029710,-5669.106685,17912.983796
4977.323617,8438.347739,-229.828649,17320.819043
4977.323931,10584.944971,6665.030833,16580.613101
4977.324245,8882.471304,9193.145976,15544.324782
4977.324559,5477.523971,13559.890315,13841.851115
4977.324873,5329.482782,18769.339701,10732.986159
4977.325188,7105.977043,18003.244203,7328.038826
4977.325502,5847.626942,15321.909960,7772.162391
4977.325816,222.061783,8580.269578,3478.967927
4977.326130,-4589.276840,3524.039291,-1184.329507
4977.326444,-7031.956449,3370.820191,518.144159
4977.326759,-8290.306550,-2911.162892,740.205942
4977.327073,-7328.038826,-8810.098227,3108.864956
4977.327387,-5033.400406,-12870.404366,7550.100608
4977.327701,-5551.544565,-14325.985813,9622.677246
4977.328015,-6661.853478,-14172.766713,11917.315666
4977.328330,-2812.782580,-12947.013916,12213.398043
4977.328644,1998.556043,-6665.030833,15618.345376
4977.328958,5773.606348,-2528.115143,17616.901420
4977.329272,9992.780217,4060.306139,16802.674883
4977.329586,8734.430116,7507.735880,16506.592507
4977.329901,5255.462188,10035.851024,15914.427753
4977.330215,3997.112087,18233.072852,13249.686362
4977.330529,5625.565159,16777.491406,9326.594869
4977.330843,4737.318029,14938.862211,8216.285956
4977.331157,888.247130,10342.289223,4071.132681
4977.331472,-3404.947333,4060.306139,-148.041188
4977.331786,-6291.750507,4060.306139,-592.164754
4977.332100,-7624.121203,-612.876398,-814.226536
4977.332414,-6217.729913,-7124.688131,1332.370696
4977.332728,-5995.668130,-10878.556072,5773.606348
4977.333043,-6439.791695,-14249.376263,10140.821405
4977.333357,-7031.956449,-15551.738609,11769.274478
4977.333671,-4737.318029,-14709.033562,12583.501014
4977.333985,-444.123565,-10648.727422,16136.489536
4977.334299,3849.070898,-5515.887586,18357.107362
4977.334614,8290.306550,1685.410096,17172.777854
4977.334928,9178.553681,7201.297681,17838.963202
4977.335242,6143.709319,11031.775171,15248.242405
4977.335556,3256.906145,15781.567259,12583.501014
4977.335870,3923.091493,17390.367805,8956.491898
4977.336185,6217.729913,17390.367805,6069.688724
4977.336499,3478.967927,13559.890315,4589.276840
4977.336813,-1406.391290,5056.230287,-814.226536
4977.337127,-5181.441594,4903.011187,-814.226536
4977.337441,-7698.141797,1302.362347,-814.226536
4977.337756,-7698.141797,-5209.449386,740.205942
4977.338070,-6809.894666,-10725.336972,5329.482782
4977.338384,-6069.688724,-15551.738609,9474.636058
4977.338698,-6809.894666,-15858.176809,11621.233289
4977.339013,-5847.626942,-16317.834107,12287.418637
4977.339327,-1776.494261,-11874.480219,16210.510130
4977.339641,3330.926739,-5515.887586,19023.292709
4977.339955,8808.450710,919.314598,17542.880825
4977.340269,11251.130318,7507.735880,17024.736666
4977.340584,8438.347739,9959.241474,16062.468941
4977.340898,5181.441594,15398.519510,13175.665768
4977.341212,6587.832884,19458.825649,8882.471304
4977.341526,8882.471304,19075.777900,7328.038826
4977.341840,5181.441594,14709.033562,7550.100608
4977.342155,-1036.288319,6281.983084,1776.494261
4977.342469,-4219.173869,3677.258390,-1776.494261
4977.342783,-6587.832884,2374.896044,-740.205942
4977.343097,-8956.491898,-4443.353888,814.226536
4977.343411,-7402.059420,-10955.165621,4219.173869
4977.343726,-5921.647536,-14862.252661,8808.450710
4977.344040,-6513.812290,-15475.129060,11399.171507
4977.344354,-6735.874072,-16164.615008,12361.439231
4977.344668,-2590.720797,-13483.280765,14211.954086
4977.344982,2516.700203,-6741.640382,16876.695478
4977.345297,8216.285956,-919.314598,16580.613101
4977.345611,11399.171507,7048.078582,16876.695478
4977.345925,8660.409521,8427.050478,15692.365970
4977.346239,5477.523971,13023.623466,13693.809927
4977.346553,5403.503377,19995.092498,11177.109724
4977.346868,7920.203579,18999.168350,8808.450710
4977.347182,5255.462188,15628.348159,8290.306550
4977.347496,74.020594,6281.983084,2146.597232
4977.347810,-3997.112087,3447.429741,-444.123565
4977.348124,-6735.874072,2834.553343,-370.102971
4977.348439,-8808.450710,-3447.429741,666.185348
4977.348753,-7624.121203,-10495.508323,3775.050304
4977.349067,-5995.668130,-13253.452115,8734.430116
4977.349381,-6883.915261,-14938.862211,11325.150913
4977.349695,-7031.956449,-16777.491406,11769.274478
4977.350010,-3552.988522,-14249.376263,13397.727550
4977.350324,1406.391290,-8120.612279,16728.654289
4977.350638,6883.915261,-3217.601092,16136.489536
4977.350952,10955.047942,4979.620737,15840.407159
4977.351266,7994.224174,8580.269578,17690.922014
4977.351581,4145.153275,12257.527968,15322.262999
4977.351895,2960.823768,18769.339701,11843.295072
4977.352209,6143.709319,17850.025103,9104.533087
4977.352523,5181.441594,15934.786358,8068.244768
4977.352837,518.144159,8197.221829,3034.844362
4977.353152,-3701.029710,4290.134789,-1628.453072
4977.353466,-7550.100608,5362.668486,-1332.370696
4977.353780,-8216.285956,-459.657299,-888.247130
4977.354094,-7476.080014,-7124.688131,1776.494261
4977.354408,-5107.421000,-12104.308868,7031.956449
4977.354723,-5403.503377,-14938.862211,10066.800811
4977.355037,-7328.038826,-16471.053207,10658.965565
4977.355351,-5255.462188,-15015.471761,13323.706956
4977.355665,74.020594,-8886.707777,18357.107362
4977.355979,5181.441594,-4136.915689,18357.107362
4977.356294,10362.883188,2911.162892,16802.674883
4977.356608,9326.594869,7660.954980,17246.798449
4977.356922,4293.194464,9959.241474,14285.974681
4977.357236,3552.988522,18386.291952,12361.439231
4977.357550,6809.894666,20071.702048,8734.430116
4977.357865,8364.327145,17620.196454,8364.327145
4977.358179,3256.906145,11184.994271,5329.482782
4977.358493,-1850.514855,5132.839837,148.041188
4977.358807,-5847.626942,5515.887586,-1036.288319
4977.359122,-5995.668130,1072.533697,-962.267725
4977.359436,-7031.956449,-7354.516781,1628.453072
4977.359750,-4811.338623,-12027.699319,7624.121203
4977.360064,-4737.318029,-14555.814462,10214.842000
4977.360378,-5699.585753,-14785.643111,11103.089130
4977.360693,-4071.132681,-15858.176809,11325.150913
4977.361007,296.082377,-9806.022374,16210.510130
4977.361321,5625.565159,-4060.306139,17838.963202
4977.361635,11843.295072,3294.210641,15174.221811
4977.361949,10807.006753,8197.221829,16358.551318
4977.362264,4959.379811,7890.783629,15174.221811
4977.362578,3552.988522,16164.615008,13027.624579
4977.362892,6069.688724,19841.873398,9770.718434
4977.363206,6883.915261,17160.539155,9770.718434
4977.363520,1702.473667,9882.631924,5847.626942
4977.363835,-3478.967927,2681.334243,-740.205942
4977.364149,-6735.874072,3677.258390,-1628.453072
4977.364463,-8660.409521,1149.143247,-592.164754
4977.364777,-7846.182985,-7431.126331,-0.000000
4977.365091,-5181.441594,-11721.261119,5995.668130
4977.365406,-4663.297435,-13636.499864,10362.883188
4977.365720,-5699.585753,-15475.129060,11917.315666
4977.366034,-4737.318029,-16088.005458,12583.501014
4977.366348,-222.061783,-11874.480219,15692.365970
4977.366662,4441.235652,-5669.106685,18579.169144
4977.366977,9992.780217,229.828649,17024.736666
4977.367291,10362.883188,6971.469032,18653.189738
4977.367605,5551.544565,8120.612279,16432.571912
4977.367919,3552.988522,15015.471761,13693.809927
4977.368233,4589.276840,21910.331243,11029.068536
4977.368548,6661.853478,18462.901502,9474.636058
4977.368862,3034.844362,12640.575717,5699.585753
4977.369176,-1406.391290,5209.449386,-1184.329507
4977.369490,-5995.668130,5132.839837,-2220.617826
4977.369804,-9104.533087,3600.648841,-1702.473667
4977.370119,-9474.636058,-4213.525239,-1554.432478
4977.370433,-6661.853478,-10955.165621,4071.132681
4977.370747,-5551.544565,-13330.061665,8216.285956
4977.371061,-8364.327145,-16011.395908,11769.274478
4977.371375,-7698.141797,-18233.072852,12287.418637
4977.371690,-4441.235652,-13100.233016,14508.036463
4977.372004,962.267725,-6665.030833,17690.922014
4977.372318,7624.121203,-536.266849,17098.757260
4977.372632,10436.903782,8197.221829,18135.045579
4977.372946,7179.997637,8963.317327,15396.283594
4977.373261,4071.132681,14862.252661,12139.377449
4977.373575,5995.668130,21450.673944,11103.089130
4977.373889,8808.450710,20531.359346,9992.780217
4977.374203,7402.059420,15245.300410,7179.997637
4977.374517,1850.514855,7048.078582,1110.308913
4977.374832,-3182.885551,5822.325785,-592.164754
4977.375146,-6587.832884,4826.401637,74.020594
4977.375460,-7698.141797,-2451.505594,-666.185348
4977.375774,-3034.844362,-9806.022374,4663.297435
4977.376088,-3701.029710,-12717.185267,10214.842000
4977.376403,-7920.203579,-16164.615008,11917.315666
4977.376717,-8068.244768,-18692.730151,10288.862594
4977.377031,-3997.112087,-14019.547613,13397.727550
4977.377345,74.020594,-7814.174080,18283.086767
4977.377660,7476.080014,-2451.505594,14878.139434
4977.377974,10436.903782,6665.030833,16876.695478
4977.378288,4737.318029,5439.278036,16062.468941
4977.378602,1998.556043,12410.747068,11843.295072
4977.378916,5699.585753,20531.359346,11473.192101
4977.379231,7846.182985,18616.120601,11621.233289
4977.379545,5033.400406,13942.938064,7105.977043
4977.379859,2220.617826,6511.811733,1850.514855
4977.380173,-1184.329507,5209.449386,-222.061783
4977.380487,-5625.565159,5056.230287,518.144159
4977.380802,-5403.503377,-3217.601092,-1924.535449
4977.381116,-1998.556043,-8503.660028,4515.256246
4977.381430,-3330.926739,-12563.966167,8956.491898
4977.381744,-6661.853478,-17160.539155,9770.718434
4977.382058,-5551.544565,-17620.196454,11251.130318
4977.382373,-2960.823768,-14938.862211,15174.221811
4977.382687,1332.370696,-9269.755526,18505.148550
4977.383001,8142.265362,-5669.106685,16062.468941
4977.383315,9696.697840,3064.381992,18875.251521
4977.383629,3256.906145,4596.572988,17690.922014
4977.383944,1110.308913,10265.679673,12953.603985
4977.384258,3627.009116,20531.359346,14285.974681
4977.384572,5255.462188,19612.044749,12509.480420
4977.384886,3478.967927,14096.157163,5551.544565
4977.385200,0.000000,7584.345430,888.247130
4977.385515,-4811.338623,6281.983084,-1850.514855
4977.385829,-9474.636058,6358.592633,-1702.473667
4977.386143,-9474.636058,-2221.676944,-4293.194464
4977.386457,-4515.256246,-7354.516781,3108.864956
4977.386771,-4589.276840,-10572.117872,9622.677246
4977.387086,-5995.668130,-15551.738609,10288.862594
4977.387400,-7994.224174,-18386.291952,9696.697840
4977.387714,-4811.338623,-14479.204912,13841.851115
4977.388028,0.000000,-9346.365076,17024.736666
4977.388342,7920.203579,-4826.401637,16728.654289
4977.388657,12509.480420,5592.497135,18875.251521
4977.388971,6809.894666,7814.174080,16654.633695
4977.389285,3775.050304,11108.384721,11029.068536
4977.389599,5181.441594,22063.550342,11177.109724
4977.389913,8216.285956,23595.741338,11695.253884
4977.390228,7254.018232,17543.586904,8734.430116
4977.390542,3108.864956,8963.317327,2738.761985
4977.390856,-2590.720797,7124.688131,666.185348
4977.391170,-8438.347739,7354.516781,296.082377
4977.391484,-9326.594869,-153.219100,-2590.720797
4977.391799,-4737.318029,-6358.592633,1036.288319
4977.392113,-3552.988522,-11261.603821,9844.739029
4977.392427,-5995.668130,-14402.595362,10510.924376
4977.392741,-7994.224174,-17390.367805,10140.821405
4977.393055,-5181.441594,-15934.786358,13101.645173
4977.393370,-1628.453072,-9193.145976,17987.004391
4977.393684,6439.791695,-6281.983084,16654.633695
4977.393998,11695.253884,2604.724693,17838.963202
4977.394312,5255.462188,6128.763984,18727.210333
4977.394626,2590.720797,7660.954980,11843.295072
4977.394941,6143.709319,20454.749797,11843.295072
4977.395255,7846.182985,22063.550342,13693.809927
4977.395569,7105.977043,17543.586904,8438.347739
4977.395883,4441.235652,10572.117872,2368.659014
4977.396198,-370.102971,7277.907231,-1110.308913
4977.396512,-6661.853478,7584.345430,-740.205942
4977.396826,-6069.688724,766.095498,-4811.338623
4977.397141,-4515.256246,-5362.668486,-74.020594
4977.397455,-3552.988522,-10955.165621,8512.368333
4977.397769,-6661.853478,-14862.252661,9474.636058
4977.398083,-7846.182985,-17543.586904,10214.842000
4977.398398,-6217.729913,-18309.682402,14063.912898
4977.398712,-2220.617826,-12257.527968,17690.922014
4977.399026,5181.441594,-8886.707777,17246.798449
4977.399341,10955.047942,-842.705048,18949.272115
4977.399655,6661.853478,4903.011187,19763.498651
4977.399969,2516.700203,5975.544884,12731.542202
4977.400283,4959.379811,17160.539155,13027.624579
4977.400598,6587.832884,21910.331243,13101.645173
4977.400912,6217.729913,18079.853753,9178.553681
4977.401226,3997.112087,10648.727422,2738.761985
4977.401541,-592.164754,6665.030833,-1332.370696
4977.401855,-7105.977043,6665.030833,-2516.700203
4977.402169,-8956.491898,306.438199,-4145.153275
4977.402483,-6513.812290,-5822.325785,-1332.370696
4977.402798,-4145.153275,-10878.556072,7772.162391
4977.403112,-6587.832884,-15628.348159,11399.171507
4977.403426,-8068.244768,-18156.463303,10510.924376
4977.403741,-7105.977043,-18692.730151,13397.727550
4977.404055,-3478.967927,-11644.651570,18061.024985
4977.404369,3849.070898,-9422.974625,17098.757260
4977.404683,11621.233289,0.000000,19097.313304
4977.404998,8290.306550,6665.030833,19615.457463
4977.405312,3849.070898,6741.640382,13249.686362
4977.405626,5995.668130,19152.387450,11991.336260
4977.405941,8068.244768,24515.055936,12065.356855
4977.406255,7476.080014,20148.311597,8808.450710
4977.406569,5329.482782,11338.213370,2072.576638
4977.406883,148.041188,7967.393179,-1258.350101
4977.407198,-7846.182985,8044.002729,-74.020594
4977.407512,-11177.109724,2451.505594,-2960.823768
4977.407826,-6513.812290,-5362.668486,-1776.494261
4977.408141,-4663.297435,-10189.070123,7994.224174
4977.408455,-7698.141797,-16088.005458,11103.089130
4977.408769,-8290.306550,-16547.662757,10214.842000
4977.409083,-6587.832884,-16394.443657,12287.418637
4977.409398,-2738.761985,-10418.898773,18283.086767
4977.409712,5625.565159,-6435.202183,16136.489536
4977.410026,12879.583391,766.095498,16580.613101
4977.410341,8216.285956,7507.735880,19689.478057
4977.410655,4663.297435,8580.269578,10807.006753
4977.410969,9696.697840,21144.235745,11695.253884
4977.411283,9548.656652,23519.131789,16210.510130
4977.411598,6957.935855,18309.682402,10362.883188
4977.411912,5255.462188,11797.870669,3552.988522
4977.412226,296.082377,7431.126331,-0.000000
4977.412541,-7476.080014,7890.783629,666.185348
4977.412855,-8068.244768,2451.505594,-2812.782580
4977.413169,-3923.091493,-2911.162892,148.041188
4977.413483,-5403.503377,-8886.707777,6365.771101
4977.413798,-8216.285956,-16394.443657,7254.018232
4977.414112,-8216.285956,-15321.909960,9178.553681
4977.414426,-7772.162391,-15858.176809,13841.851115
4977.414741,-4515.256246,-12947.013916,16654.633695
4977.415055,4737.318029,-10112.460574,14508.036463
4977.415369,10288.862594,-3600.648841,16728.654289
4977.415683,5699.585753,4903.011187,19763.498651
4977.415998,2960.823768,7354.516781,12361.439231
4977.416312,5551.544565,17160.539155,14508.036463
4977.416626,6587.832884,20148.311597,15396.283594
4977.416940,6143.709319,17313.758255,9696.697840
4977.417255,4737.318029,10418.898773,6069.688724
4977.417569,-148.041188,7737.564530,1850.514855
4977.417883,-5995.668130,7737.564530,-1036.288319
4977.418198,-7476.080014,1532.190996,-3330.926739
4977.418512,-5329.482782,-4060.306139,-222.061783
4977.418826,-3775.050304,-8733.488677,4811.338623
4977.419140,-3997.112087,-14938.862211,7772.162391
4977.419455,-7772.162391,-16241.224558,10436.903782
4977.419769,-8438.347739,-17160.539155,12879.583391
4977.420083,-4737.318029,-14709.033562,15322.262999
4977.420398,3923.091493,-11874.480219,15100.201217
4977.420712,9622.677246,-4213.525239,18949.272115
4977.421026,7994.224174,5132.839837,20651.745782
4977.421340,3701.029710,6128.763984,14434.015869
4977.421655,3330.926739,13713.109414,11769.274478
4977.421969,4589.276840,19612.044749,13471.748144
4977.422283,7328.038826,19228.997000,11473.192101
4977.422598,6513.812290,13942.938064,5625.565159
4977.422912,1702.473667,7354.516781,-1036.288319
4977.423226,-4367.215058,7201.297681,-1110.308913
4977.423540,-6883.915261,5515.887586,-1776.494261
4977.423855,-6217.729913,-1838.629195,-1406.391290
4977.424169,-5255.462188,-9806.022374,4145.153275
4977.424483,-3034.844362,-14019.547613,9696.697840
4977.424798,-5921.647536,-15781.567259,11103.089130
4977.425112,-8142.265362,-19152.387450,11621.233289
4977.425426,-4959.379811,-15934.786358,15322.262999
4977.425740,1702.473667,-8656.879127,16876.695478
4977.426055,8290.306550,-5056.230287,17246.798449
4977.426369,11399.171507,5822.325785,19245.354492
4977.426683,6217.729913,8886.707777,15692.365970
4977.426998,3108.864956,11414.822920,11843.295072
4977.427312,4219.173869,20454.749797,12065.356855
4977.427626,7328.038826,21680.502593,11325.150913
4977.427940,6069.688724,17160.539155,8808.450710
4977.428255,1480.411884,8503.660028,-0.000000
4977.428569,-2960.823768,6665.030833,-2812.782580
4977.428883,-6735.874072,7354.516781,-740.205942
4977.429198,-8660.409521,229.828649,-2294.638420
4977.429512,-5699.585753,-7660.954980,444.123565
4977.429826,-3034.844362,-12870.404366,8438.347739
4977.430140,-6661.853478,-13636.499864,11325.150913
4977.430455,-8142.265362,-17237.148705,10510.924376
4977.430769,-4737.318029,-16930.710506,13397.727550
4977.431083,148.041188,-9576.193725,19319.375086
4977.431398,7328.038826,-5209.449386,17764.942608
4977.431712,11177.109724,3753.867940,18283.086767
4977.432026,5107.421000,5286.058936,17912.983796
4977.432340,2294.638420,9882.631924,12731.542202
4977.432655,4959.379811,22446.598091,13397.727550
4977.432969,5477.523971,22063.550342,14434.015869
4977.433283,4293.194464,16011.395908,8734.430116
4977.433598,2072.576638,9959.241474,592.164754
4977.433912,-3034.844362,6741.640382,-2738.761985
4977.434226,-9030.512492,7124.688131,-1924.535449
4977.434540,-8660.409521,1378.971896,-4367.215058
4977.434855,-3701.029710,-4749.792088,444.123565
4977.435169,-4515.256246,-10878.556072,7994.224174
4977.435483,-7031.956449,-16241.224558,9030.512492
4977.435798,-8660.409521,-17083.929605,9992.780217
4977.436112,-5921.647536,-16011.395908,13989.892304
4977.436426,-1924.535449,-12104.308868,18283.086767
4977.436740,6661.853478,-7660.954980,17764.942608
4977.437055,11621.233289,1455.581446,20503.704593
4977.437369,4737.318029,5286.058936,19245.354492
4977.437683,2886.803174,9422.974625,10658.965565
4977.437998,5551.544565,20301.530697,13989.892304
4977.438312,6439.791695,22906.255390,14063.912898
4977.438626,6661.853478,17926.634653,7772.162391
4977.438940,4737.318029,10572.117872,2072.576638
4977.439255,-814.226536,8273.831378,-1850.514855
4977.439569,-7328.038826,7890.783629,-1628.453072
4977.439883,-8068.244768,1378.971896,-4811.338623
4977.440198,-3108.864956,-4366.744339,222.061783
4977.440512,-2960.823768,-10725.336972,7031.956449
4977.440826,-5255.462188,-16930.710506,10362.883188
4977.441140,-8512.368333,-18462.901502,11029.068536
4977.441455,-6291.750507,-16317.834107,13249.686362
4977.441769,-3256.906145,-13253.452115,16580.613101
4977.442083,5403.503377,-10572.117872,16950.716072
4977.442398,11547.212695,0.000000,19689.478057
4977.442712,5181.441594,5515.887586,19615.457463
4977.443026,1998.556043,6818.249932,10881.027347
4977.443340,5995.668130,18845.949251,12287.418637
4977.443655,6957.935855,22293.378992,14656.077652
4977.443969,6661.853478,18079.853753,9548.656652
4977.444283,5403.503377,10801.946522,3256.906145
4977.444598,370.102971,7737.564530,-962.267725
4977.444912,-6291.750507,8273.831378,-444.123565
4977.445226,-6809.894666,1915.238745,-4219.173869
4977.445540,-2886.803174,-4826.401637,-296.082377
4977.445855,-2516.700203,-10572.117872,7031.956449
4977.446169,-4515.256246,-16088.005458,10066.800811
4977.446483,-7328.038826,-17543.586904,11103.089130
4977.446797,-5995.668130,-16088.005458,13693.809927
4977.447112,-3034.844362,-13559.890315,16654.633695
4977.447426,5773.606348,-10495.508323,15470.304188
4977.447740,11769.274478,-2068.457845,18061.024985
4977.448055,5181.441594,4443.353888,20133.601622
4977.448369,2072.576638,7201.297681,11843.295072
4977.448683,5033.400406,17926.634653,12731.542202
4977.448997,5033.400406,21986.940793,16210.510130
4977.449312,4589.276840,17543.586904,9326.594869
4977.449626,3330.926739,11414.822920,3627.009116
4977.449940,-1184.329507,7890.783629,-1110.308913
4977.450255,-7994.224174,7967.393179,-814.226536
4977.450569,-8660.409521,2604.724693,-3997.112087
4977.450883,-4515.256246,-2681.334243,-1332.370696
4977.451197,-2886.803174,-8350.440928,5255.462188
4977.451512,-5033.400406,-14172.766713,8216.285956
4977.451826,-7624.121203,-17007.320056,9770.718434
4977.452140,-6365.771101,-16011.395908,12805.562797
4977.452455,-3997.112087,-13253.452115,16432.571912
4977.452769,4441.235652,-10265.679673,16876.695478
4977.453083,10066.800811,-3370.820191,19615.457463
4977.453397,6735.874072,4903.011187,20873.807564
4977.453712,2442.679609,7507.735880,13249.686362
4977.454026,4293.194464,17160.539155,12361.439231
4977.454340,5329.482782,23519.131789,16432.571912
4977.454655,5551.544565,21603.893044,11029.068536
4977.454969,5699.585753,14325.985813,4219.173869
4977.455283,518.144159,9729.412825,-740.205942
4977.455597,-7179.997637,9882.631924,-2146.597232
4977.455912,-9696.697840,5515.887586,-4441.235652
4977.456226,-6439.791695,-306.438199,-3182.885551
4977.456540,-4515.256246,-7431.126331,2738.761985
4977.456855,-5403.503377,-12870.404366,8068.244768
4977.457169,-7328.038826,-16854.100956,10732.986159
4977.457483,-8956.491898,-18156.463303,11103.089130
4977.457797,-5699.585753,-13789.718964,16284.530724
4977.458112,888.247130,-12257.527968,18061.024985
4977.458426,9696.697840,-6205.373534,19245.354492
4977.458740,10362.883188,3830.477490,21317.931130
4977.459055,3478.967927,6511.811733,16062.468941
4977.459369,4219.173869,14019.547613,10362.883188
4977.459683,8216.285956,22829.645840,14508.036463
4977.459997,8660.409521,22829.645840,13249.686362
4977.460312,8364.327145,17007.320056,6809.894666
4977.460626,5107.421000,8197.221829,-1406.391290
4977.460940,-2590.720797,10035.851024,-1924.535449
4977.461255,-6809.894666,6818.249932,-2664.741391
4977.461569,-4071.132681,1532.190996,-3849.070898
4977.461883,-2442.679609,-6511.811733,2368.659014
4977.462197,-3701.029710,-14862.252661,8660.409521
4977.462512,-6587.832884,-16088.005458,9622.677246
4977.462826,-7402.059420,-18462.901502,11325.150913
4977.463140,-4885.359217,-16241.224558,15396.283594
4977.463455,-962.267725,-11414.822920,17987.004391
4977.463769,8216.285956,-9422.974625,18949.272115
4977.464083,10436.903782,0.000000,21688.034101
4977.464397,3182.885551,3753.867940,17394.839637
4977.464712,3404.947333,9422.974625,10807.006753
4977.465026,6365.771101,20454.749797,15618.345376
4977.465340,5847.626942,21297.454844,14730.098246
4977.465655,5995.668130,15934.786358,6883.915261
4977.465969,2960.823768,7277.907231,-666.185348
4977.466283,-4515.256246,7048.078582,-1998.556043
4977.466597,-9474.636058,5822.325785,-3330.926739
4977.466912,-6587.832884,0.000000,-5181.441594
4977.467226,-3552.988522,-5822.325785,1554.432478
4977.467540,-5699.585753,-14479.204912,7772.162391
4977.467855,-7994.224174,-16700.881856,8956.491898
4977.468169,-7402.059420,-17160.539155,10881.027347
4977.468483,-5773.606348,-15781.567259,15692.365970
4977.468797,-1184.329507,-12717.185267,19171.333898
4977.469112,8734.430116,-9806.022374,18653.189738
4977.469426,11769.274478,0.000000,21317.931130
4977.469740,4219.173869,5056.230287,17838.963202
4977.470055,4515.256246,10801.946522,10436.903782
4977.470369,7846.182985,22063.550342,15174.221811
4977.470683,7846.182985,24361.836836,14656.077652
4977.470997,6809.894666,19152.387450,7920.203579
4977.471312,3701.029710,9422.974625,1702.473667
4977.471626,-4811.338623,8503.660028,-2072.576638
4977.471940,-11695.253884,6971.469032,-3775.050304
4977.472255,-10140.821405,1455.581446,-4737.318029
4977.472569,-5699.585753,-4826.401637,518.144159
4977.472883,-5551.544565,-13330.061665,6809.894666
4977.473197,-8660.409521,-15704.957709,9252.574275
4977.473512,-8956.491898,-15858.176809,10510.924376
4977.473826,-7328.038826,-15321.909960,14730.098246
4977.474140,-2960.823768,-12487.356617,17098.757260
4977.474455,7846.182985,-10342.289223,16136.489536
4977.474769,12361.439231,0.000000,20873.807564
4977.475083,5477.523971,6358.592633,18653.189738
4977.475397,4515.256246,10342.289223,9326.594869
4977.475712,9474.636058,21603.893044,13101.645173
4977.476026,9178.553681,24668.275036,15544.324782
4977.476340,7698.141797,20607.968896,9474.636058
4977.476655,6513.812290,11338.213370,2146.597232
4977.476969,-1332.370696,9269.755526,-1036.288319
4977.477283,-8364.327145,8120.612279,-2072.576638
4977.477597,-6809.894666,2451.505594,-4811.338623
4977.477912,-3701.029710,-1455.581446,1554.432478
4977.478226,-5033.400406,-10955.165621,7402.059420
4977.478540,-7550.100608,-15245.300410,9474.636058
4977.478854,-7772.162391,-16624.272307,9844.739029
4977.479169,-6365.771101,-16317.834107,14063.912898
4977.479483,-2886.803174,-12257.527968,16802.674883
4977.479797,5995.668130,-11184.994271,14952.160028
4977.480112,11769.274478,-2834.553343,18875.251521
4977.480426,6661.853478,5209.449386,19689.478057
4977.480740,3034.844362,7354.516781,11991.336260
4977.481054,5255.462188,16164.615008,14211.954086
4977.481369,6513.812290,21297.454844,16950.716072
4977.481683,5477.523971,19305.606550,12065.356855
4977.481997,4737.318029,10725.336972,5403.503377
4977.482312,-148.041188,7660.954980,666.185348
4977.482626,-6587.832884,8120.612279,-2072.576638
4977.482940,-7105.977043,4213.525239,-4293.194464
4977.483254,-3923.091493,-1302.362347,-2072.576638
4977.483569,-3108.864956,-9193.145976,4737.318029
4977.483883,-4367.215058,-12870.404366,8956.491898
4977.484197,-6291.750507,-15475.129060,9844.739029
4977.484512,-7476.080014,-17696.806004,11843.295072
4977.484826,-3478.967927,-14019.547613,14952.160028
4977.485140,4071.132681,-11797.870669,15914.427753
4977.485454,10732.986159,-5056.230287,18949.272115
4977.485769,9548.656652,4136.915689,19615.457463
4977.486083,2368.659014,5898.935335,14211.954086
4977.486397,1184.329507,12793.794817,12805.562797
4977.486712,3256.906145,20837.797546,15396.283594
4977.487026,4589.276840,20378.140247,13027.624579
4977.487340,4663.297435,12947.013916,5995.668130
4977.487654,74.020594,6435.202183,-1036.288319
4977.487969,-6587.832884,7814.174080,-2664.741391
4977.488283,-9178.553681,6358.592633,-3256.906145
4977.488597,-7328.038826,612.876398,-3478.967927
4977.488912,-4811.338623,-9346.365076,2294.638420
4977.489226,-3256.906145,-12487.356617,8808.450710
4977.489540,-4219.173869,-12947.013916,11251.130318
4977.489854,-7550.100608,-19458.825649,11917.315666
4977.490169,-4367.215058,-16854.100956,15692.365970
4977.490483,2072.576638,-10265.679673,18283.086767
4977.490797,9474.636058,-7507.735880,19023.292709
4977.491112,12657.521608,4136.915689,21095.869347
4977.491426,6069.688724,7814.174080,15766.386565
4977.491740,2960.823768,10265.679673,10732.986159
4977.492054,4737.318029,20454.749797,12583.501014
4977.492369,6365.771101,23212.693589,12361.439231
4977.492683,5847.626942,18539.511052,9770.718434
4977.492997,2072.576638,6971.469032,-1406.391290
4977.493312,-4959.379811,6741.640382,-2368.659014
4977.493626,-9622.677246,6511.811733,-148.041188
4977.493940,-9622.677246,1455.581446,-2960.823768
4977.494254,-6143.709319,-6818.249932,-814.226536
4977.494569,-3256.906145,-12793.794817,7550.100608
4977.494883,-4663.297435,-12947.013916,11473.192101
4977.495197,-6069.688724,-17390.367805,11251.130318
4977.495512,-2812.782580,-15934.786358,13323.706956
4977.495826,1258.350101,-9806.022374,18283.086767
4977.496140,8956.491898,-7201.297681,18505.148550
4977.496454,14063.912898,2911.162892,18431.127956
4977.496769,7624.121203,6588.421283,18431.127956
4977.497083,3330.926739,7890.783629,11547.212695
4977.497397,6513.812290,19382.216099,11843.295072
4977.497711,6513.812290,22293.378992,15248.242405
4977.498026,4515.256246,17466.977354,10288.862594
4977.498340,2072.576638,8963.317327,814.226536
4977.498654,-3923.091493,5362.668486,-3182.885551
4977.498968,-10066.800811,5745.716235,-1480.411884
4977.499283,-9548.656652,1072.533697,-3775.050304
4977.499597,-4663.297435,-5209.449386,-0.000000
4977.499911,-4219.173869,-12104.308868,7328.038826
4977.500226,-6957.935855,-14709.033562,10362.883188
4977.500540,-7254.018232,-16624.272307,11103.089130
4977.500854,-4737.318029,-16088.005458,14211.954086
4977.501168,-1110.308913,-12180.918418,17987.004391
4977.501483,7624.121203,-8656.879127,17320.819043
4977.501797,13027.624579,-153.219100,19245.354492
4977.502111,6365.771101,4903.011187,19467.416275
4977.502425,2960.823768,7890.783629,11843.295072
4977.502740,5699.585753,18692.730151,13397.727550
4977.503054,6291.750507,23289.303139,15396.283594
4977.503368,4959.379811,19612.044749,10436.903782
4977.503682,2738.761985,9422.974625,2368.659014
4977.503997,-2516.700203,6511.811733,-3034.844362
4977.504311,-9400.615463,7354.516781,-3256.906145
4977.504625,-10288.862594,2834.553343,-4441.235652
4977.504939,-6513.812290,-3907.087040,-1554.432478
4977.505254,-4441.235652,-9729.412825,6069.688724
4977.505568,-5995.668130,-13176.842566,11251.130318
4977.505882,-7994.224174,-16624.272307,11843.295072
4977.506197,-6513.812290,-17696.806004,12435.459826
4977.506511,-3330.926739,-11031.775171,15766.386565
4977.506825,4589.276840,-9729.412825,16580.613101
4977.507139,11843.295072,-919.314598,18431.127956
4977.507454,8290.306550,6665.030833,20281.642811
4977.507768,2590.720797,5898.935335,13471.748144
4977.508082,3923.091493,17083.929605,12139.377449
4977.508396,6143.709319,23212.693589,13619.789333
4977.508711,6957.935855,21067.626195,11029.068536
4977.509025,6291.750507,11261.603821,3034.844362
4977.509339,296.082377,6128.763984,-2294.638420
4977.509653,-6957.935855,8197.221829,-888.247130
4977.509968,-9400.615463,4596.572988,-1628.453072
4977.510282,-6513.812290,-2834.553343,-1480.411884
4977.510596,-4071.132681,-9959.241474,6217.729913
4977.510910,-4071.132681,-12947.013916,11103.089130
4977.511225,-6587.832884,-15168.690860,11399.171507
4977.511539,-6069.688724,-18233.072852,11621.233289
4977.511853,-2368.659014,-11721.261119,15026.180623
4977.512167,3182.885551,-8273.831378,17024.736666
4977.512482,10436.903782,-3447.429741,16950.716072
4977.512796,10066.800811,6052.154434,18801.230927
4977.513110,2960.823768,5209.449386,14359.995275
4977.513425,2960.823768,12870.404366,11843.295072
4977.513739,6365.771101,20684.578446,14063.912898
4977.514053,6069.688724,18003.244203,12879.583391
4977.514367,3849.070898,11874.480219,6513.812290
4977.514682,0.000000,5515.887586,-222.061783
4977.514996,-5847.626942,6894.859482,-1998.556043
4977.515310,-8512.368333,6128.763984,-1702.473667
4977.515624,-5847.626942,-1455.581446,-3627.009116
4977.515939,-3256.906145,-7967.393179,4071.132681
4977.516253,-3923.091493,-11721.261119,7994.224174
4977.516567,-5921.647536,-13636.499864,10066.800811
4977.516881,-6587.832884,-17313.758255,11843.295072
4977.517196,-2516.700203,-13483.280765,15544.324782
4977.517510,3701.029710,-9039.926876,18061.024985
4977.517824,10584.944971,-5362.668486,17838.963202
4977.518138,11547.212695,3447.429741,19837.519246
4977.518453,4589.276840,4979.620737,15618.345376
4977.518767,3997.112087,11184.994271,10584.944971
4977.519081,5551.544565,21144.235745,12879.583391
4977.519396,6217.729913,21374.064394,13619.789333
4977.519710,5181.441594,14632.424012,7920.203579
4977.520024,1406.391290,6052.154434,-1258.350101
4977.520338,-5181.441594,5515.887586,-3775.050304
4977.520653,-9474.636058,6205.373534,-2072.576638
4977.520967,-8956.491898,-459.657299,-3108.864956
4977.521281,-5329.482782,-8273.831378,1332.370696
4977.521595,-5033.400406,-12257.527968,9622.677246
4977.521910,-6439.791695,-14019.547613,12213.398043
4977.522224,-7994.224174,-18079.853753,11621.233289
4977.522538,-5107.421000,-16700.881856,13027.624579
4977.522852,-370.102971,-9039.926876,18431.127956
4977.523167,6883.915261,-5975.544884,19245.354492
4977.523481,11917.315666,4136.915689,21317.931130
4977.523795,6661.853478,6511.811733,16728.654289
4977.524109,3997.112087,9882.631924,11917.315666
4977.524424,4885.359217,21220.845295,11843.295072
4977.524738,7698.141797,22140.159892,9992.780217
4977.525052,8438.347739,17543.586904,7994.224174
4977.525367,4071.132681,7354.516781,888.247130
4977.525681,-2590.720797,5439.278036,-1776.494261
4977.525995,-7179.997637,6894.859482,-1332.370696
4977.526309,-9178.553681,1608.800546,-2590.720797
4977.526624,-6809.894666,-6894.859482,962.267725
4977.526938,-4219.173869,-12410.747068,8882.471304
4977.527252,-5847.626942,-13636.499864,12065.356855
4977.527566,-7550.100608,-17773.415554,10510.924376
4977.527881,-4219.173869,-15398.519510,11991.336260
4977.528195,-1036.288319,-8656.879127,18357.107362
4977.528509,5995.668130,-5439.278036,18579.169144
4977.528823,12879.583391,3217.601092,17320.819043
4977.529138,7476.080014,5209.449386,17098.757260
4977.529452,3182.885551,7507.735880,12953.603985
4977.529766,6587.832884,20761.187996,11769.274478
4977.530080,6809.894666,21986.940793,11251.130318
4977.530395,5551.544565,16088.005458,8734.430116
4977.530709,1554.432478,7890.783629,1998.556043
4977.531023,-3330.926739,3907.087040,-1480.411884
4977.531338,-8734.430116,5515.887586,-592.164754
4977.531652,-9844.739029,76.609550,-1480.411884
4977.531966,-5477.523971,-8503.660028,1258.350101
4977.532280,-3552.988522,-12334.137518,8956.491898
4977.532595,-5995.668130,-14096.157163,11029.068536
4977.532909,-5995.668130,-15475.129060,11843.295072
4977.533223,-2738.761985,-15092.081311,13915.871710
4977.533537,1332.370696,-9806.022374,17690.922014
4977.533852,7920.203579,-5745.716235,17468.860231
4977.534166,12805.562797,2451.505594,18135.045579
4977.534480,6735.874072,5362.668486,17542.880825
4977.534794,4219.173869,7967.393179,11177.109724
4977.535109,6587.832884,20224.921147,13101.645173
4977.535423,6587.832884,22676.426741,14211.954086
4977.535737,4515.256246,16241.224558,8512.368333
4977.536051,1702.473667,6588.421283,-148.041188
4977.536366,-4071.132681,5132.839837,-2294.638420
4977.536680,-10658.965565,6588.421283,-2072.576638
4977.536994,-10732.986159,459.657299,-2960.823768
4977.537309,-7402.059420,-7354.516781,-222.061783
4977.537623,-5477.523971,-10725.336972,7920.203579
4977.537937,-6069.688724,-12104.308868,11251.130318
4977.538251,-7105.977043,-16394.443657,11103.089130
4977.538566,-4737.318029,-16624.272307,12805.562797
4977.538880,-148.041188,-8963.317327,16728.654289
4977.539194,7105.977043,-6205.373534,17690.922014
4977.539508,12657.521608,1991.848295,19541.436869
4977.539823,9474.636058,7507.735880,19097.313304
4977.540137,5625.565159,8580.269578,13249.686362
4977.540451,4885.359217,18922.558801,13175.665768
4977.540765,6143.709319,21757.112143,11843.295072
4977.541080,6513.812290,17696.806004,10140.821405
4977.541394,3701.029710,7890.783629,2664.741391
4977.541708,-3404.947333,4060.306139,-2294.638420
4977.542022,-9992.780217,5592.497135,-1776.494261
4977.542337,-11399.171507,2221.676944,-1110.308913
4977.542651,-8512.368333,-4673.182538,740.205942
4977.542965,-5773.606348,-12257.527968,6587.832884
4977.543279,-5033.400406,-13330.061665,11843.295072
4977.543594,-6217.729913,-15398.519510,11547.212695
4977.543908,-5477.523971,-16854.100956,10658.965565
4977.544222,-444.123565,-9576.193725,14730.098246
4977.544537,5329.482782,-4903.011187,17616.901420
4977.544851,11843.295072,1762.019645,17024.736666
4977.545165,12287.418637,7201.297681,17098.757260
4977.545479,6957.935855,8656.879127,13989.892304
4977.545794,4959.379811,16471.053207,13101.645173
4977.546108,5403.503377,20224.921147,11103.089130
4977.546422,7846.182985,17083.929605,9474.636058
4977.546736,4737.318029,10035.851024,6661.853478
4977.547051,-2812.782580,2834.553343,-370.102971
4977.547365,-7476.080014,3907.087040,-2146.597232
4977.547679,-9474.636058,2528.115143,-888.247130
4977.547993,-8142.265362,-3753.867940,1998.556043
4977.548308,-5995.668130,-12027.699319,6587.832884
4977.548622,-4811.338623,-14096.157163,10732.986159
4977.548936,-5921.647536,-14785.643111,11843.295072
4977.549250,-5329.482782,-16854.100956,11177.109724
4977.549565,-1184.329507,-12640.575717,13915.871710
4977.549879,4515.256246,-6971.469032,17987.004391
4977.550193,9992.780217,0.000000,17838.963202
4977.550508,10807.006753,5592.497135,17468.860231
4977.550822,6439.791695,6894.859482,15988.448347
4977.551136,4367.215058,14555.814462,13693.809927
4977.551450,3849.070898,19612.044749,11473.192101
4977.551765,4737.318029,16930.710506,9178.553681
4977.552079,3701.029710,12257.527968,7402.059420
4977.552393,-962.267725,5209.449386,444.123565
4977.552707,-6069.688724,4136.915689,-4145.153275
4977.553022,-9622.677246,3524.039291,-2368.659014
4977.553336,-8808.450710,-2221.676944,-0.000000
4977.553650,-5995.668130,-8427.050478,4441.235652
4977.553964,-2960.823768,-12487.356617,8586.388927
4977.554279,-3923.091493,-13866.328514,11991.336260
4977.554593,-5107.421000,-15475.129060,12805.562797
4977.554907,-1480.411884,-12180.918418,13545.768739
4977.555221,3627.009116,-6588.421283,17764.942608
4977.555536,8068.244768,-689.485948,19393.395680
4977.555850,9918.759623,6052.154434,18357.107362
4977.556164,7254.018232,7354.516781,15322.262999
4977.556479,4959.379811,13789.718964,13101.645173
4977.556793,3330.926739,20301.530697,12361.439231
4977.557107,3552.988522,17773.415554,8956.491898
4977.557421,4071.132681,13713.109414,5625.565159
4977.557736,-444.123565,7277.907231,1258.350101
4977.558050,-6587.832884,2604.724693,-2368.659014
4977.558364,-10510.924376,2911.162892,-962.267725
4977.558678,-10140.821405,-2221.676944,-518.144159
4977.558993,-8290.306550,-8044.002729,3552.988522
4977.559307,-4515.256246,-11797.870669,9400.615463
4977.559621,-4367.215058,-14555.814462,12805.562797
4977.559935,-5477.523971,-15398.519510,13323.706956
4977.560250,-1702.473667,-12717.185267,13027.624579
4977.560564,4145.153275,-7354.516781,17394.839637
4977.560878,8808.450710,-1302.362347,20281.642811
4977.561192,11843.295072,5515.887586,17320.819043
4977.561507,9844.739029,9806.022374,15026.180623
4977.561821,6513.812290,12870.404366,12509.480420
4977.562135,4737.318029,19228.997000,11325.150913
4977.562450,5255.462188,18692.730151,8290.306550
4977.562764,5551.544565,14632.424012,6809.894666
4977.563078,666.185348,7584.345430,2886.803174
4977.563392,-5181.441594,1532.190996,-1776.494261
4977.563707,-9030.512492,2451.505594,-1406.391290
4977.564021,-9918.759623,-1149.143247,148.041188
4977.564335,-7994.224174,-9039.926876,2516.700203
4977.564649,-4367.215058,-12487.356617,7624.121203
4977.564964,-3923.091493,-14249.376263,10732.986159
4977.565278,-5477.523971,-15245.300410,12065.356855
4977.565592,-2220.617826,-12717.185267,12435.459826
4977.565906,3701.029710,-7354.516781,16580.613101
4977.566221,7624.121203,-2298.286494,20133.601622
4977.566535,11177.109724,3677.258390,18653.189738
4977.566849,9400.615463,6205.373534,16358.551318
4977.567163,4811.338623,10035.851024,14656.077652
4977.567478,2812.782580,17390.367805,12583.501014
4977.567792,3849.070898,17926.634653,8882.471304
4977.568106,3552.988522,13330.061665,6957.935855
4977.568421,-666.185348,7660.954980,3701.029710
4977.568735,-6069.688724,2528.115143,-1702.473667
4977.569049,-9548.656652,2221.676944,-1850.514855
4977.569363,-9992.780217,-1762.019645,-148.041188
4977.569678,-7994.224174,-8503.660028,2146.597232
4977.569992,-4071.132681,-11644.651570,7994.224174
4977.570306,-3108.864956,-13253.452115,11325.150913
4977.570620,-4145.153275,-15015.471761,12287.418637
4977.570935,-1332.370696,-13866.328514,13323.706956
4977.571249,4071.132681,-8350.440928,16136.489536
4977.571563,8068.244768,-1608.800546,19319.375086
4977.571877,11177.109724,3983.696590,18431.127956
4977.572192,9548.656652,7584.345430,15914.427753
4977.572506,6143.709319,12104.308868,14434.015869
4977.572820,4145.153275,18845.949251,12139.377449
4977.573134,3627.009116,19458.825649,8512.368333
4977.573449,2886.803174,14096.157163,5995.668130
4977.573763,148.041188,8963.317327,2516.700203
4977.574077,-5329.482782,3677.258390,-2738.761985
4977.574391,-9844.739029,3294.210641,-1998.556043
4977.574706,-11473.192101,766.095498,-74.020594
4977.575020,-10066.800811,-6588.421283,2368.659014
4977.575334,-5921.647536,-10725.336972,7031.956449
4977.575649,-4737.318029,-13023.623466,10436.903782
4977.575963,-5551.544565,-15551.738609,13027.624579
4977.576277,-3849.070898,-14785.643111,11473.192101
4977.576591,1776.494261,-9039.926876,14063.912898
4977.576906,6143.709319,-2221.676944,20059.581028
4977.577220,9474.636058,3524.039291,19911.539840
4977.577534,10436.903782,7507.735880,16654.633695
4977.577848,8956.491898,10572.117872,14285.974681
4977.578163,7105.977043,18309.682402,12731.542202
4977.578477,5773.606348,19228.997000,11177.109724
4977.578791,6883.915261,14938.862211,7105.977043
4977.579105,4367.215058,10955.165621,3034.844362
4977.579420,-2368.659014,5209.449386,-1036.288319
4977.579734,-6809.894666,4290.134789,-2294.638420
4977.580048,-9548.656652,2221.676944,-444.123565
4977.580362,-8364.327145,-5286.058936,1332.370696
4977.580677,-5551.544565,-10418.898773,6217.729913
4977.580991,-4515.256246,-14709.033562,10362.883188
4977.581305,-5995.668130,-16777.491406,12509.480420
4977.581620,-5181.441594,-14938.862211,11325.150913
4977.581934,0.000000,-10112.460574,14063.912898
4977.582248,4219.173869,-4673.182538,18431.127956
4977.582562,8216.285956,1378.971896,18949.272115
4977.582877,10066.800811,6205.373534,17320.819043
4977.583191,7254.018232,8656.879127,14211.954086
4977.583505,4737.318029,14709.033562,12361.439231
4977.583819,3997.112087,18386.291952,10807.006753
4977.584134,6365.771101,16164.615008,7846.182985
4977.584448,4367.215058,11261.603821,4811.338623
4977.584762,-1406.391290,4596.572988,-666.185348
4977.585076,-5625.565159,2834.553343,-1702.473667
4977.585391,-9326.594869,1455.581446,370.102971
4977.585705,-8956.491898,-5132.839837,666.185348
4977.586019,-4663.297435,-10955.165621,5625.565159
4977.586333,-3182.885551,-14249.376263,11029.068536
4977.586648,-5329.482782,-15781.567259,13249.686362
4977.586962,-4663.297435,-15551.738609,11769.274478
4977.587276,-740.205942,-11414.822920,13989.892304
4977.587591,3478.967927,-5515.887586,19689.478057
4977.587905,7772.162391,0.000000,19689.478057
4977.588219,9770.718434,4749.792088,16802.674883
4977.588533,5995.668130,8350.440928,15396.283594
4977.588848,3256.906145,14938.862211,13027.624579
4977.589162,2812.782580,19612.044749,9992.780217
4977.589476,5181.441594,17390.367805,6661.853478
4977.589790,3849.070898,12334.137518,3627.009116
4977.590105,-1480.411884,6511.811733,-444.123565
4977.590419,-6661.853478,3140.991542,-3775.050304
4977.590733,-10510.924376,3064.381992,-1258.350101
4977.591047,-9844.739029,-3753.867940,444.123565
4977.591362,-7105.977043,-10112.460574,5403.503377
4977.591676,-4811.338623,-13483.280765,9548.656652
4977.591990,-5699.585753,-15168.690860,12879.583391
4977.592304,-5551.544565,-14785.643111,13175.665768
4977.592619,222.061783,-11568.042020,13915.871710
4977.592933,5625.565159,-5209.449386,18949.272115
4977.593247,9548.656652,1532.190996,20873.807564
4977.593562,11103.089130,6511.811733,17320.819043
4977.593876,9178.553681,9039.926876,13915.871710
4977.594190,5921.647536,15168.690860,13323.706956
4977.594504,4589.276840,20454.749797,11917.315666
4977.594819,5551.544565,18539.511052,8216.285956
4977.595133,4071.132681,12487.356617,4737.318029
4977.595447,-2516.700203,6205.373534,1184.329507
4977.595761,-7550.100608,2604.724693,-2590.720797
4977.596076,-10066.800811,2528.115143,-1480.411884
4977.596390,-10140.821405,-2834.553343,222.061783
4977.596704,-7550.100608,-9116.536426,4663.297435
4977.597019,-4145.153275,-12180.918418,9104.533087
4977.597333,-3182.885551,-14862.252661,11399.171507
4977.597647,-3849.070898,-14709.033562,11843.295072
4977.597962,740.205942,-10955.165621,14285.974681
4977.598276,5625.565159,-5975.544884,18801.230927
4977.598590,9474.636058,-229.828649,19393.395680
4977.598905,12509.480420,4903.011187,17616.901420
4977.599219,9474.636058,7507.735880,15840.407159
4977.599533,6069.688724,11874.480219,13175.665768
4977.599848,4737.318029,18692.730151,11473.192101
4977.600162,5181.441594,16930.710506,9326.594869
4977.600476,2886.803174,12487.356617,6883.915261
4977.600791,-2812.782580,5132.839837,1332.370696
4977.601105,-8290.306550,1225.752797,-2738.761985
4977.601419,-11547.212695,1685.410096,-2072.576638
4977.601734,-11177.109724,-1991.848295,-518.144159
4977.602048,-7402.059420,-8733.488677,2368.659014
4977.602362,-3552.988522,-12180.918418,8068.244768
4977.602677,-4589.276840,-13789.718964,11843.295072
4977.602991,-4737.318029,-15398.519510,12287.418637
4977.603305,-444.123565,-12487.356617,12583.501014
4977.603620,4811.338623,-7584.345430,17838.963202
4977.603934,9178.553681,-1608.800546,20503.704593
4977.604248,11843.295072,4519.963438,19689.478057
4977.604563,9918.759623,6588.421283,16876.695478
4977.604877,6513.812290,11951.089769,14063.912898
4977.605191,4589.276840,18539.511052,11843.295072
4977.605506,4515.256246,18003.244203,8956.491898
4977.605820,3256.906145,13406.671215,6217.729913
4977.606134,-1184.329507,7737.564530,2072.576638
4977.606449,-6513.812290,2834.553343,-2590.720797
4977.606763,-10584.944971,2068.457845,-1554.432478
4977.607077,-11473.192101,-995.924147,-148.041188
4977.607392,-8882.471304,-7890.783629,2738.761985
4977.607706,-5847.626942,-11568.042020,7994.224174
4977.608020,-4959.379811,-13406.671215,10881.027347
4977.608334,-5329.482782,-15475.129060,11695.253884
4977.608649,-2812.782580,-13253.452115,11399.171507
4977.608963,2664.741391,-7124.688131,14211.954086
4977.609277,7328.038826,-766.095498,18209.066173
4977.609592,10658.965565,5056.230287,18801.230927
4977.609906,9474.636058,7354.516781,16210.510130
4977.610220,7624.121203,11338.213370,15026.180623
4977.610535,6217.729913,17620.196454,13545.768739
4977.610849,5403.503377,18922.558801,10584.944971
4977.611163,5329.482782,14632.424012,6809.894666
4977.611478,1628.453072,8350.440928,2812.782580
4977.611792,-4367.215058,4596.572988,-1110.308913
4977.612106,-7846.182985,2834.553343,-1184.329507
4977.612421,-8956.491898,919.314598,962.267725
4977.612735,-7846.182985,-6205.373534,2664.741391
4977.613049,-5403.503377,-10418.898773,8142.265362
4977.613364,-4367.215058,-13713.109414,10658.965565
4977.613678,-4071.132681,-16241.224558,11177.109724
4977.613992,-2886.803174,-14325.985813,10584.944971
4977.614307,1554.432478,-8120.612279,14285.974681
4977.614621,5181.441594,-1225.752797,18949.272115
4977.614935,9474.636058,3140.991542,18061.024985
4977.615250,9844.739029,6435.202183,16580.613101
4977.615564,7031.956449,8733.488677,15100.201217
4977.615878,4811.338623,16088.005458,13767.830521
4977.616193,4219.173869,17696.806004,9918.759623
4977.616507,4737.318029,14402.595362,7105.977043
4977.616821,1184.329507,9422.974625,4441.235652
4977.617136,-3404.947333,4519.963438,-222.061783
4977.617450,-7328.038826,4673.182538,-1628.453072
4977.617764,-9400.615463,2068.457845,-0.000000
4977.618079,-8142.265362,-5286.058936,1332.370696
4977.618393,-4737.318029,-11338.213370,5181.441594
4977.618707,-3330.926739,-13713.109414,9770.718434
4977.619022,-4515.256246,-14479.204912,12213.398043
4977.619336,-4219.173869,-14862.252661,11843.295072
4977.619650,296.082377,-10572.117872,14211.954086
4977.619965,5329.482782,-3907.087040,18727.210333
4977.620279,9178.553681,1378.971896,19319.375086
4977.620593,8882.471304,4979.620737,17320.819043
4977.620908,5551.544565,8580.269578,15248.242405
4977.621222,3478.967927,15475.129060,13693.809927
4977.621536,2738.761985,18769.339701,11621.233289
4977.621851,3923.091493,14709.033562,7328.038826
4977.622165,1850.514855,10878.556072,3997.112087
4977.622479,-3182.885551,6665.030833,-518.144159
4977.622794,-7105.977043,4903.011187,-3034.844362
4977.623108,-9548.656652,3294.210641,-666.185348
4977.623422,-7698.141797,-3064.381992,1702.473667
4977.623737,-5255.462188,-8886.707777,5995.668130
4977.624051,-3627.009116,-13100.233016,9252.574275
4977.624365,-5033.400406,-16164.615008,11621.233289
4977.624680,-5181.441594,-16317.834107,12509.480420
4977.624994,-740.205942,-12487.356617,13693.809927
4977.625308,4293.194464,-5515.887586,17764.942608
4977.625623,8142.265362,1762.019645,19097.313304
4977.625937,8660.409521,6281.983084,16802.674883
4977.626251,7402.059420,9116.536426,13841.851115
4977.626566,5551.544565,15092.081311,13027.624579
4977.626880,4515.256246,19688.654299,11399.171507
4977.627194,4885.359217,16394.443657,7402.059420
4977.627509,3997.112087,11338.213370,4737.318029
4977.627823,-1480.411884,6665.030833,1702.473667
4977.628137,-5107.421000,3753.867940,-0.000000
4977.628452,-7550.100608,3983.696590,1184.329507
4977.628766,-7105.977043,-3677.258390,296.082377
4977.629080,-4515.256246,-9499.584175,4737.318029
4977.629395,-2368.659014,-12487.356617,9474.636058
4977.629709,-3701.029710,-14862.252661,13101.645173
4977.630023,-3552.988522,-16241.224558,12805.562797
4977.630338,888.247130,-13023.623466,13471.748144
4977.630652,4737.318029,-5898.935335,18875.251521
4977.630966,8216.285956,383.047749,19763.498651
4977.631281,9918.759623,5669.106685,16802.674883
4977.631595,8142.265362,7048.078582,13249.686362
4977.631909,4589.276840,12027.699319,12287.418637
4977.632224,2368.659014,18233.072852,11769.274478
4977.632538,2590.720797,16547.662757,8290.306550
4977.632852,1406.391290,12180.918418,5255.462188
4977.633167,-2960.823768,6052.154434,2664.741391
4977.633481,-6143.709319,2221.676944,-1776.494261
4977.633795,-8512.368333,2451.505594,-0.000000
4977.634110,-7772.162391,-2298.286494,-0.000000
4977.634424,-4885.359217,-7967.393179,1776.494261
4977.634738,-2220.617826,-11031.775171,7920.203579
4977.635053,-2738.761985,-13100.233016,11399.171507
4977.635367,-2664.741391,-13253.452115,12287.418637
4977.635681,1110.308913,-12947.013916,11843.295072
4977.635996,4959.379811,-6588.421283,16654.633695
4977.636310,6587.832884,-1378.971896,20133.601622
4977.636624,8956.491898,3830.477490,18875.251521
4977.636939,7031.956449,6665.030833,16210.510130
4977.637253,3256.906145,10265.679673,15544.324782
4977.637567,1480.411884,17160.539155,13841.851115
4977.637882,1406.391290,16241.224558,9474.636058
4977.638196,1184.329507,12563.966167,5107.421000
4977.638510,-2368.659014,7814.174080,2072.576638
4977.638825,-6809.894666,4136.915689,-1480.411884
4977.639139,-9326.594869,3830.477490,-518.144159
4977.639453,-8512.368333,76.609550,-814.226536
4977.639768,-6883.915261,-6818.249932,1480.411884
4977.640082,-4663.297435,-11031.775171,7920.203579
4977.640396,-4737.318029,-13483.280765,10584.944971
4977.640711,-4071.132681,-15475.129060,11769.274478
4977.641025,-2146.597232,-14249.376263,12805.562797
4977.641339,2738.761985,-8503.660028,16062.468941
4977.641654,5921.647536,-1838.629195,19245.354492
4977.641968,9252.574275,4903.011187,18949.272115
4977.642282,9326.594869,8810.098227,15840.407159
4977.642597,7624.121203,11338.213370,13249.686362
4977.642911,4885.359217,17083.929605,12583.501014
4977.643225,3849.070898,18922.558801,10066.800811
4977.643540,4071.132681,14862.252661,5625.565159
4977.643854,1110.308913,9116.536426,1924.535449
4977.644168,-3701.029710,5592.497135,222.061783
4977.644483,-5921.647536,4903.011187,-222.061783
4977.644797,-6291.750507,1532.190996,-0.000000
4977.645111,-6587.832884,-5745.716235,592.164754
4977.645426,-4811.338623,-11108.384721,6513.812290
4977.645740,-4737.318029,-14402.595362,11029.068536
4977.646054,-4737.318029,-15704.957709,12509.480420
4977.646369,-2516.700203,-15015.471761,12731.542202
4977.646683,1332.370696,-10112.460574,15914.427753
4977.646997,4589.276840,-3370.820191,18801.230927
4977.647312,9104.533087,3294.210641,18431.127956
4977.647626,10288.862594,7737.564530,14878.139434
4977.647940,7772.162391,8886.707777,13619.789333
4977.648255,5107.421000,15092.081311,13841.851115
4977.648569,3923.091493,18309.682402,10807.006753
4977.648883,5107.421000,15321.909960,6587.832884
4977.649198,2294.638420,10035.851024,4293.194464
4977.649512,-2886.803174,4290.134789,1184.329507
4977.649826,-3923.091493,3524.039291,-888.247130
4977.650141,-4811.338623,1225.752797,-666.185348
4977.650455,-5699.585753,-5515.887586,444.123565
4977.650769,-4737.318029,-11644.651570,5255.462188
4977.651084,-4367.215058,-14402.595362,9992.780217
4977.651398,-5329.482782,-14862.252661,13027.624579
4977.651712,-4293.194464,-15551.738609,13249.686362
4977.652027,-592.164754,-12793.794817,14508.036463
4977.652341,2960.823768,-7124.688131,17987.004391
4977.652655,7624.121203,1608.800546,18209.066173
4977.652970,9252.574275,6741.640382,15248.242405
4977.653284,5551.544565,8963.317327,14285.974681
4977.653598,2368.659014,14709.033562,13693.809927
4977.653913,1924.535449,19075.777900,10732.986159
4977.654227,3108.864956,16777.491406,7328.038826
4977.654541,518.144159,11184.994271,4441.235652
4977.654856,-3034.844362,4443.353888,1110.308913
4977.655170,-4811.338623,3140.991542,-1554.432478
4977.655484,-6439.791695,2221.676944,-0.000000
4977.655799,-6661.853478,-4826.401637,740.205942
4977.656113,-5625.565159,-10725.336972,5551.544565
4977.656427,-4811.338623,-13406.671215,9696.697840
4977.656742,-5699.585753,-14632.424012,13175.665768
4977.657056,-4737.318029,-16317.834107,12879.583391
4977.657370,0.000000,-13023.623466,14063.912898
4977.657685,4071.132681,-5209.449386,17838.963202
4977.657999,7550.100608,2911.162892,18949.272115
4977.658313,9178.553681,8044.002729,15988.448347
4977.658628,6439.791695,9193.145976,13471.748144
4977.658942,3552.988522,14325.985813,13545.768739
4977.659256,2294.638420,20837.797546,11399.171507
4977.659571,3182.885551,18769.339701,8068.244768
4977.659885,2294.638420,12257.527968,4885.359217
4977.660199,-592.164754,6894.859482,1184.329507
4977.660514,-3034.844362,4136.915689,-2812.782580
4977.660828,-5699.585753,4366.744339,-592.164754
4977.661142,-7105.977043,-2298.286494,-148.041188
4977.661457,-5995.668130,-8733.488677,3701.029710
4977.661771,-4219.173869,-11414.822920,9104.533087
4977.662085,-4515.256246,-14249.376263,13767.830521
4977.662400,-3849.070898,-15475.129060,13989.892304
4977.662714,0.000000,-13176.842566,13027.624579
4977.663028,4737.318029,-5822.325785,16358.551318
4977.663343,7994.224174,1149.143247,17542.880825
4977.663657,9992.780217,8120.612279,16654.633695
4977.663971,7402.059420,8810.098227,14508.036463
4977.664286,3552.988522,12947.013916,13841.851115
4977.664600,1776.494261,19458.825649,12879.583391
4977.664914,2664.741391,17850.025103,9770.718434
4977.665229,2886.803174,12410.747068,5847.626942
4977.665543,148.041188,6205.373534,1332.370696
4977.665857,-2738.761985,3600.648841,-3034.844362
4977.666172,-5921.647536,3217.601092,-1110.308913
4977.666486,-7402.059420,-2145.067394,296.082377
4977.666800,-5921.647536,-8886.707777,3849.070898
4977.667115,-4441.235652,-12640.575717,11325.150913
4977.667429,-4737.318029,-15551.738609,14285.974681
4977.667743,-3775.050304,-17313.758255,13767.830521
4977.668058,370.102971,-15092.081311,11843.295072
4977.668372,4515.256246,-7354.516781,15322.262999
4977.668686,7105.977043,0.000000,17468.860231
4977.669001,8290.306550,5975.544884,15248.242405
4977.669315,6439.791695,8197.221829,15914.427753
4977.669629,1406.391290,11184.994271,15988.448347
4977.669944,-296.082377,16471.053207,13175.665768
4977.670258,1332.370696,14938.862211,8956.491898
4977.670572,1850.514855,12334.137518,5773.606348
4977.670887,-518.144159,7277.907231,1924.535449
4977.671201,-3108.864956,3447.429741,-2664.741391
4977.671515,-6365.771101,3294.210641,-2664.741391
4977.671830,-7254.018232,-1532.190996,-592.164754
4977.672144,-7105.977043,-6971.469032,4219.173869
4977.672458,-4811.338623,-12257.527968,9474.636058
4977.672773,-3478.967927,-15168.690860,12361.439231
4977.673087,-2738.761985,-17237.148705,13323.706956
4977.673401,0.000000,-14632.424012,13101.645173
4977.673716,4219.173869,-7354.516781,15470.304188
4977.674030,6365.771101,-459.657299,17912.983796
4977.674344,7328.038826,5669.106685,16654.633695
4977.674659,6143.709319,8503.660028,16580.613101
4977.674973,2886.803174,11414.822920,16654.633695
4977.675287,1924.535449,16547.662757,13471.748144
4977.675602,3034.844362,16471.053207,8956.491898
4977.675916,3701.029710,13713.109414,4663.297435
4977.676230,1110.308913,9959.241474,2368.659014
4977.676545,-2294.638420,4519.963438,-2886.803174
4977.676859,-5921.647536,5056.230287,-1702.473667
4977.677173,-8142.265362,306.438199,148.041188
4977.677488,-7624.121203,-6511.811733,4219.173869
4977.677802,-4515.256246,-11721.261119,8290.306550
4977.678116,-2294.638420,-15551.738609,10658.965565
4977.678431,-2442.679609,-16011.395908,13545.768739
4977.678745,-962.267725,-14709.033562,12805.562797
4977.679059,3701.029710,-7584.345430,14211.954086
4977.679374,6069.688724,-612.876398,17098.757260
4977.679688,7846.182985,5745.716235,17690.922014
4977.680002,7476.080014,8886.707777,15988.448347
4977.680317,4885.359217,10342.289223,15470.304188
4977.680631,3478.967927,15781.567259,13915.871710
4977.680945,4219.173869,17237.148705,10066.800811
4977.681260,5255.462188,14938.862211,6291.750507
4977.681574,2368.659014,11338.213370,3552.988522
4977.681888,-1776.494261,5515.887586,-1628.453072
4977.682203,-4737.318029,4136.915689,-1406.391290
4977.682517,-7254.018232,459.657299,444.123565
4977.682831,-7031.956449,-6128.763984,2072.576638
4977.683146,-4219.173869,-11414.822920,6365.771101
4977.683460,-2664.741391,-15398.519510,10140.821405
4977.683774,-3849.070898,-15934.786358,13619.789333
4977.684089,-1998.556043,-15704.957709,13175.665768
4977.684403,1776.494261,-9269.755526,16062.468941
4977.684717,3849.070898,-2604.724693,18801.230927
4977.685032,6217.729913,3064.381992,18801.230927
4977.685346,6809.894666,6052.154434,15544.324782
4977.685660,3997.112087,8810.098227,15544.324782
4977.685974,2442.679609,15321.909960,13989.892304
4977.686289,2590.720797,18845.949251,10584.944971
4977.686603,3330.926739,16088.005458,6809.894666
4977.686917,518.144159,11568.042020,3849.070898
4977.687232,-2812.782580,4673.182538,-1924.535449
4977.687546,-6069.688724,2987.772442,-3404.947333
4977.687860,-7772.162391,306.438199,-1184.329507
4977.688175,-7105.977043,-5822.325785,1406.391290
4977.688489,-4737.318029,-11031.775171,6143.709319
4977.688803,-2738.761985,-14249.376263,9400.615463
4977.689118,-3923.091493,-15245.300410,12583.501014
4977.689432,-3108.864956,-15934.786358,11917.315666
4977.689746,1480.411884,-10112.460574,14359.995275
4977.690061,4663.297435,-4060.306139,17542.880825
4977.690375,7920.203579,2451.505594,18949.272115
4977.690689,8660.409521,7201.297681,16728.654289
4977.691004,5995.668130,9116.536426,16432.571912
4977.691318,3775.050304,16011.395908,14878.139434
4977.691632,3997.112087,20531.359346,11769.274478
4977.691947,4515.256246,16317.834107,7254.018232
4977.692261,1776.494261,11108.384721,4071.132681
4977.692575,-2368.659014,4136.915689,-592.164754
4977.692890,-5625.565159,3294.210641,-2442.679609
4977.693204,-8512.368333,1838.629195,-148.041188
4977.693518,-8068.244768,-5362.668486,740.205942
4977.693833,-5847.626942,-10112.460574,5625.565159
4977.694147,-3627.009116,-13483.280765,8586.388927
4977.694461,-4145.153275,-15321.909960,11325.150913
4977.694776,-4589.276840,-16777.491406,12213.398043
4977.695090,-814.226536,-11338.213370,14211.954086
4977.695404,3923.091493,-5056.230287,17394.839637
4977.695719,7624.121203,1378.971896,18949.272115
4977.696033,9104.533087,6971.469032,18283.086767
4977.696347,6735.874072,7967.393179,15766.386565
4977.696662,4811.338623,14632.424012,13841.851115
4977.696976,4367.215058,19841.873398,11399.171507
4977.697291,3997.112087,17620.196454,8660.409521
4977.697606,2368.659014,13176.842566,5181.441594
4977.697920,-444.123565,6511.811733,-0.000000
4977.698234,-2738.761985,3600.648841,-3404.947333
4977.698549,-5773.606348,2681.334243,-1184.329507
4977.698863,-6957.935855,-3217.601092,222.061783
4977.699177,-5033.400406,-9346.365076,3552.988522
4977.699492,-3182.885551,-12027.699319,8216.285956
4977.699806,-4071.132681,-13330.061665,13249.686362
4977.700120,-4219.173869,-16700.881856,13175.665768
4977.700435,-888.247130,-13866.328514,13619.789333
4977.700749,2146.597232,-7507.735880,17394.839637
4977.701063,5773.606348,-1608.800546,19393.395680
4977.701378,9030.512492,5209.449386,18505.148550
4977.701692,6587.832884,7277.907231,17098.757260
4977.702006,3182.885551,12334.137518,16136.489536
4977.702320,1924.535449,19918.482948,13915.871710
4977.702635,2368.659014,17237.148705,8364.327145
4977.702949,2590.720797,13713.109414,4441.235652
4977.703263,-222.061783,7124.688131,-444.123565
4977.703578,-3404.947333,3907.087040,-4219.173869
4977.703892,-6143.709319,3983.696590,-3108.864956
4977.704206,-7179.997637,-1149.143247,-962.267725
4977.704521,-6069.688724,-7431.126331,3108.864956
4977.704835,-3997.112087,-12027.699319,7698.141797
4977.705149,-4663.297435,-14785.643111,12583.501014
4977.705464,-5181.441594,-17083.929605,14434.015869
4977.705778,-2442.679609,-15398.519510,14211.954086
4977.706092,2590.720797,-9806.022374,17172.777854
4977.706407,6439.791695,-2604.724693,19615.457463
4977.706721,9696.697840,4979.620737,18875.251521
4977.707035,8068.244768,9576.193725,16432.571912
4977.707349,4737.318029,12947.013916,15026.180623
4977.707664,2368.659014,19688.654299,13397.727550
4977.707978,2590.720797,19535.435199,8734.430116
4977.708292,4145.153275,15628.348159,3849.070898
4977.708607,1184.329507,8810.098227,296.082377
4977.708921,-3775.050304,4519.963438,-3256.906145
4977.709235,-6883.915261,4596.572988,-2516.700203
4977.709550,-8438.347739,842.705048,-1258.350101
4977.709864,-8216.285956,-6588.421283,2368.659014
4977.710178,-5847.626942,-12180.918418,7476.080014
4977.710493,-5625.565159,-14862.252661,11325.150913
4977.710807,-6069.688724,-16471.053207,14359.995275
4977.711121,-3404.947333,-16700.881856,14656.077652
4977.711436,2294.638420,-11491.432470,16950.716072
4977.711750,6439.791695,-3753.867940,20281.642811
4977.712064,9400.615463,4136.915689,19615.457463
4977.712378,8956.491898,9269.755526,17172.777854
4977.712693,7179.997637,10878.556072,14359.995275
4977.713007,5625.565159,17773.415554,12509.480420
4977.713321,6513.812290,20148.311597,9844.739029
4977.713636,6587.832884,17773.415554,6217.729913
4977.713950,3182.885551,11568.042020,1554.432478
4977.714264,-1332.370696,4443.353888,-3256.906145
4977.714579,-5699.585753,3907.087040,-2738.761985
4977.714893,-7254.018232,1532.190996,814.226536
4977.715207,-7328.038826,-6665.030833,1850.514855
4977.715522,-5551.544565,-12870.404366,5255.462188
4977.715836,-4959.379811,-15398.519510,10436.903782
4977.716150,-6217.729913,-16317.834107,14137.933492
4977.716465,-3627.009116,-16624.272307,14137.933492
4977.716779,1924.535449,-12257.527968,15396.283594
4977.717093,5181.441594,-5898.935335,19541.436869
4977.717408,8512.368333,1838.629195,18653.189738
4977.717722,8364.327145,6588.421283,15988.448347
4977.718036,4367.215058,8810.098227,15248.242405
4977.718350,2664.741391,16317.834107,14285.974681
4977.718665,3256.906145,20454.749797,11325.150913
4977.718979,3849.070898,15628.348159,7031.956449
4977.719293,222.061783,9576.193725,3627.009116
4977.719608,-3256.906145,2757.943793,-2664.741391
4977.719922,-5995.668130,2911.162892,-3627.009116
4977.720236,-7328.038826,1838.629195,-888.247130
4977.720551,-6957.935855,-5056.230287,2220.617826
4977.720865,-4737.318029,-11797.870669,5699.585753
4977.721179,-3627.009116,-15475.129060,9696.697840
4977.721494,-4293.194464,-15781.567259,13397.727550
4977.721808,-2368.659014,-16088.005458,13249.686362
4977.722122,2442.679609,-11797.870669,14730.098246
4977.722437,5847.626942,-4903.011187,18801.230927
4977.722751,9030.512492,2681.334243,18431.127956
4977.723065,8586.388927,8197.221829,17542.880825
4977.723379,5033.400406,10342.289223,15766.386565
4977.723694,3404.947333,16547.662757,14730.098246
4977.724008,2516.700203,20607.968896,12435.459826
4977.724322,3552.988522,16930.710506,7698.141797
4977.724637,2368.659014,12257.527968,2590.720797
4977.724951,-2516.700203,5822.325785,-2368.659014
4977.725265,-5995.668130,4903.011187,-4441.235652
4977.725580,-8216.285956,4596.572988,-2516.700203
4977.725894,-8586.388927,-4060.306139,-370.102971
4977.726208,-7254.018232,-10418.898773,6069.688724
4977.726523,-5773.606348,-14555.814462,9622.677246
4977.726837,-6291.750507,-17160.539155,12213.398043
4977.727151,-4589.276840,-18003.244203,13397.727550
4977.727466,-148.041188,-13023.623466,14952.160028
4977.727780,4441.235652,-5669.106685,19541.436869
4977.728094,7846.182985,2221.676944,19393.395680
4977.728408,10214.842000,8503.660028,16876.695478
4977.728723,7772.162391,9116.536426,15618.345376
4977.729037,6365.771101,15551.738609,14804.118840
4977.729351,5403.503377,21220.845295,12731.542202
4977.729666,7179.997637,19152.387450,8364.327145
4977.729980,6365.771101,14555.814462,4737.318029
4977.730294,962.267725,6971.469032,-444.123565
4977.730609,-2960.823768,4519.963438,-4145.153275
4977.730923,-6957.935855,4903.011187,-3034.844362
4977.731237,-8660.409521,-2374.896044,296.082377
4977.731552,-7624.121203,-10035.851024,3478.967927
4977.731866,-5551.544565,-14249.376263,9104.533087
4977.732180,-6143.709319,-16930.710506,12805.562797
4977.732495,-6217.729913,-18769.339701,13175.665768
4977.732809,-2294.638420,-15475.129060,13545.768739
4977.733123,1554.432478,-8656.879127,18283.086767
4977.733437,6069.688724,-1378.971896,19097.313304
4977.733752,9696.697840,5975.544884,17024.736666
4977.734066,7254.018232,7354.516781,16580.613101
4977.734380,3997.112087,12257.527968,14730.098246
4977.734695,3330.926739,19535.435199,12509.480420
4977.735009,5255.462188,17696.806004,7994.224174
4977.735323,4293.194464,14632.424012,7105.977043
4977.735638,962.267725,6511.811733,1036.288319
4977.735952,-2368.659014,2987.772442,-3849.070898
4977.736266,-6439.791695,3447.429741,-2368.659014
4977.736581,-7698.141797,-2451.505594,-0.000000
4977.736895,-6069.688724,-9039.926876,2738.761985
4977.737209,-3849.070898,-13713.109414,7179.997637
4977.737524,-4515.256246,-15321.909960,12509.480420
4977.737838,-4811.338623,-18462.901502,14137.933492
4977.738152,-2146.597232,-16317.834107,14063.912898
4977.738466,2294.638420,-9193.145976,18135.045579
4977.738781,4589.276840,-2451.505594,19097.313304
4977.739095,7846.182985,4290.134789,16284.530724
4977.739409,6069.688724,7354.516781,16358.551318
4977.739724,2664.741391,12257.527968,15322.262999
4977.740038,1036.288319,19458.825649,13397.727550
4977.740352,2072.576638,18999.168350,9400.615463
4977.740667,2294.638420,14632.424012,6217.729913
4977.740981,0.000000,8197.221829,1850.514855
4977.741295,-3034.844362,3677.258390,-4367.215058
4977.741610,-6809.894666,4903.011187,-3478.967927
4977.741924,-7772.162391,612.876398,-962.267725
4977.742238,-5699.585753,-5362.668486,2738.761985
4977.742553,-3478.967927,-10648.727422,7254.018232
4977.742867,-3034.844362,-13789.718964,11991.336260
4977.743181,-3478.967927,-16088.005458,14434.015869
4977.743495,-888.247130,-15628.348159,14063.912898
4977.743810,3627.009116,-9499.584175,16284.530724
4977.744124,6217.729913,-1762.019645,18727.210333
4977.744438,9474.636058,6052.154434,17468.860231
4977.744753,8438.347739,9959.241474,16432.571912
4977.745067,6217.729913,11874.480219,13101.645173
4977.745381,3775.050304,19535.435199,13693.809927
4977.745696,3330.926739,20301.530697,11325.150913
4977.746010,3108.864956,16777.491406,6957.935855
4977.746324,1036.288319,9499.584175,2368.659014
4977.746639,-3256.906145,2757.943793,-2960.823768
4977.746953,-5995.668130,4136.915689,-3330.926739
4977.747267,-7698.141797,2374.896044,-1184.329507
4977.747582,-6735.874072,-4519.963438,1184.329507
4977.747896,-3849.070898,-10112.460574,5847.626942
4977.748210,-3404.947333,-14019.547613,11399.171507
4977.748524,-3775.050304,-16471.053207,14730.098246
4977.748839,-1554.432478,-17083.929605,14878.139434
4977.749153,2886.803174,-12180.918418,16284.530724
4977.749467,6069.688724,-4903.011187,19615.457463
4977.749782,9474.636058,3370.820191,18653.189738
4977.750096,9844.739029,8733.488677,16876.695478
4977.750410,6365.771101,9346.365076,13841.851115
4977.750725,3849.070898,16547.662757,13841.851115
4977.751039,1998.556043,19765.263848,12657.521608
4977.751353,2368.659014,16164.615008,8364.327145
4977.751668,1924.535449,9806.022374,4071.132681
4977.751982,-3034.844362,2681.334243,-1776.494261
4977.752296,-6661.853478,1838.629195,-4293.194464
4977.752611,-7920.203579,1991.848295,-2886.803174
4977.752925,-8364.327145,-4290.134789,-518.144159
4977.753239,-5107.421000,-10495.508323,3478.967927
4977.753553,-4071.132681,-14172.766713,10362.883188
4977.753868,-4663.297435,-16164.615008,14211.954086
4977.754182,-2886.803174,-17083.929605,14434.015869
4977.754496,1036.288319,-13100.233016,15618.345376
4977.754811,4589.276840,-7507.735880,19171.333898
4977.755125,8364.327145,76.609550,18431.127956
4977.755439,9474.636058,5669.106685,16580.613101
4977.755754,6069.688724,8733.488677,15544.324782
4977.756068,2664.741391,16854.100956,15470.304188
4977.756382,962.267725,20454.749797,13471.748144
4977.756697,2146.597232,16854.100956,7476.080014
4977.757011,2368.659014,11491.432470,2960.823768
4977.757325,-2072.576638,4443.353888,-2368.659014
4977.757640,-5921.647536,2681.334243,-5477.523971
4977.757954,-9030.512492,4136.915689,-2220.617826
4977.758268,-8142.265362,-2604.724693,-666.185348
4977.758583,-6587.832884,-8656.879127,4441.235652
4977.758897,-4663.297435,-14096.157163,9548.656652
4977.759211,-4515.256246,-15475.129060,14063.912898
4977.759525,-3701.029710,-17083.929605,13841.851115
4977.759840,222.061783,-14249.376263,14063.912898
4977.760154,4737.318029,-6894.859482,18431.127956
4977.760468,7920.203579,1378.971896,20799.786970
4977.760783,10288.862594,8197.221829,18283.086767
4977.761097,8586.388927,9729.412825,14804.118840
4977.761411,5477.523971,14249.376263,14508.036463
4977.761726,3256.906145,20454.749797,13989.892304
4977.762040,4219.173869,18462.901502,8586.388927
4977.762354,4811.338623,14019.547613,3997.112087
4977.762669,74.020594,5898.935335,-370.102971
4977.762983,-4293.194464,3447.429741,-3478.967927
4977.763297,-6661.853478,4749.792088,-2072.576638
4977.763612,-7476.080014,-995.924147,-592.164754
4977.763926,-7179.997637,-8580.269578,2886.803174
4977.764240,-4663.297435,-14402.595362,7698.141797
4977.764554,-4589.276840,-15475.129060,12583.501014
4977.764869,-4441.235652,-16547.662757,14063.912898
4977.765183,-148.041188,-13636.499864,13989.892304
4977.765497,4367.215058,-8120.612279,17616.901420
4977.765812,7476.080014,0.000000,20059.581028
4977.766126,10288.862594,7048.078582,18061.024985
4977.766440,8660.409521,7967.393179,14878.139434
4977.766755,4885.359217,11338.213370,13397.727550
4977.767069,2442.679609,19765.263848,14656.077652
4977.767383,3404.947333,18769.339701,10066.800811
4977.767698,4219.173869,14096.157163,5773.606348
4977.768012,0.000000,4903.011187,444.123565
4977.768326,-3701.029710,1685.410096,-4145.153275
4977.768641,-7402.059420,4903.011187,-2072.576638
4977.768955,-9548.656652,-919.314598,-962.267725
4977.769269,-8216.285956,-8810.098227,1332.370696
4977.769583,-5921.647536,-15015.471761,7105.977043
4977.769898,-6291.750507,-16241.224558,12953.603985
4977.770212,-5625.565159,-16624.272307,14285.974681
4977.770526,-2220.617826,-14709.033562,14211.954086
4977.770841,1850.514855,-9346.365076,17690.922014
4977.771155,5921.647536,-1991.848295,19911.539840
4977.771469,9252.574275,5439.278036,17987.004391
4977.771784,7994.224174,7201.297681,15322.262999
4977.772098,4441.235652,12947.013916,14211.954086
4977.772412,2516.700203,20071.702048,13693.809927
4977.772727,3404.947333,19995.092498,10066.800811
4977.773041,4885.359217,15551.738609,5403.503377
4977.773355,2442.679609,7890.783629,1184.329507
4977.773670,-2442.679609,3524.039291,-3997.112087
4977.773984,-6143.709319,4903.011187,-3552.988522
4977.774298,-8512.368333,689.485948,-740.205942
4977.774612,-8438.347739,-7584.345430,2146.597232
4977.774927,-6661.853478,-12793.794817,7402.059420
4977.775241,-5625.565159,-16394.443657,11843.295072
4977.775555,-6439.791695,-17466.977354,14211.954086
4977.775870,-4367.215058,-16011.395908,14656.077652
4977.776184,148.041188,-10418.898773,16506.592507
4977.776498,3997.112087,-2834.553343,19319.375086
4977.776813,8364.327145,4443.353888,17542.880825
4977.777127,9104.533087,8503.660028,14804.118840
4977.777441,6217.729913,12334.137518,13323.706956
4977.777756,4145.153275,19305.606550,13249.686362
4977.778070,4515.256246,20991.016645,10214.842000
4977.778384,7105.977043,16088.005458,7179.997637
4977.778699,4885.359217,9193.145976,3256.906145
4977.779013,-148.041188,4290.134789,-1554.432478
4977.779327,-4145.153275,4290.134789,-2072.576638
4977.779641,-6365.771101,1685.410096,-1110.308913
4977.779956,-6291.750507,-5286.058936,1480.411884
4977.780270,-3997.112087,-11721.261119,6661.853478
4977.780584,-3552.988522,-14862.252661,13027.624579
4977.780899,-4071.132681,-16471.053207,14952.160028
4977.781213,-1998.556043,-15934.786358,13619.789333
4977.781527,1332.370696,-11721.261119,15470.304188
4977.781842,3775.050304,-4213.525239,18949.272115
4977.782156,8142.265362,4136.915689,16580.613101
4977.782470,9178.553681,7660.954980,14285.974681
4977.782785,5773.606348,10265.679673,13619.789333
4977.783099,2590.720797,17083.929605,13841.851115
4977.783413,1850.514855,19535.435199,11251.130318
4977.783728,4885.359217,15628.348159,6587.832884
4977.784042,2516.700203,9039.926876,3552.988522
4977.784356,-2146.597232,2681.334243,-1258.350101
4977.784670,-4737.318029,3294.210641,-2886.803174
4977.784985,-7105.977043,2068.457845,-1480.411884
4977.785299,-7105.977043,-3753.867940,1258.350101
4977.785613,-4663.297435,-10725.336972,5921.647536
4977.785928,-3552.988522,-14709.033562,11695.253884
4977.786242,-4441.235652,-15934.786358,14434.015869
4977.786556,-2738.761985,-16624.272307,13619.789333
4977.786871,-222.061783,-11644.651570,15174.221811
4977.787185,2590.720797,-4826.401637,18653.189738
4977.787499,6809.894666,3370.820191,17690.922014
4977.787814,8364.327145,6894.859482,15026.180623
4977.788128,4737.318029,9499.584175,15988.448347
4977.788442,1258.350101,15858.176809,14656.077652
4977.788757,148.041188,18999.168350,11103.089130
4977.789071,1924.535449,14709.033562,6809.894666
4977.789385,1184.329507,10878.556072,5033.400406
4977.789699,-2368.659014,4673.182538,-370.102971
4977.790014,-4737.318029,3753.867940,-3627.009116
4977.790328,-7994.224174,3370.820191,-1702.473667
4977.790642,-7994.224174,-3983.696590,-148.041188
4977.790957,-5255.462188,-9806.022374,4589.276840
4977.791271,-3330.926739,-13406.671215,9474.636058
4977.791585,-3404.947333,-14402.595362,14063.912898
4977.791900,-3034.844362,-14938.862211,14656.077652
4977.792214,1110.308913,-12257.527968,14285.974681
4977.792528,4663.297435,-5822.325785,17024.736666
4977.792843,7994.224174,2374.896044,19541.436869
4977.793157,9548.656652,8044.002729,16802.674883
4977.793471,8068.244768,9422.974625,13175.665768
4977.793786,4959.379811,15781.567259,13767.830521
4977.794100,2664.741391,20071.702048,12805.562797
4977.794414,4293.194464,16624.272307,7328.038826
4977.794728,4145.153275,12257.527968,3627.009116
4977.795043,-370.102971,6128.763984,-148.041188
4977.795357,-3775.050304,3524.039291,-2590.720797
4977.795671,-6439.791695,2834.553343,-1258.350101
4977.795986,-7920.203579,-3447.429741,-148.041188
4977.796300,-7476.080014,-9652.803275,4811.338623
4977.796614,-4441.235652,-14096.157163,9696.697840
4977.796929,-4293.194464,-15321.909960,14285.974681
4977.797243,-4367.215058,-15551.738609,15322.262999
4977.797557,-962.267725,-13942.938064,14137.933492
4977.797872,3256.906145,-7660.954980,16802.674883
4977.798186,6439.791695,306.438199,19023.292709
4977.798500,9178.553681,6741.640382,17542.880825
4977.798815,8438.347739,8197.221829,13989.892304
4977.799129,5625.565159,13636.499864,13471.748144
4977.799443,3478.967927,19841.873398,12879.583391
4977.799758,5403.503377,17160.539155,7328.038826
4977.800072,6069.688724,12334.137518,3330.926739
4977.800386,1776.494261,6435.202183,518.144159
4977.800701,-2516.700203,3753.867940,-1776.494261
4977.801015,-5551.544565,3140.991542,-814.226536
4977.801329,-7698.141797,-3447.429741,-0.000000
4977.801643,-6809.894666,-10418.898773,3182.885551
4977.801958,-4441.235652,-14172.766713,8882.471304
4977.802272,-4737.318029,-14785.643111,14285.974681
4977.802586,-4737.318029,-15628.348159,14878.139434
4977.802901,-1702.473667,-13483.280765,13841.851115
4977.803215,1628.453072,-8120.612279,16728.654289
4977.803529,4737.318029,-1378.971896,18949.272115
4977.803844,7698.141797,5515.887586,16136.489536
4977.804158,6809.894666,8044.002729,14063.912898
4977.804472,3627.009116,12947.013916,14211.954086
4977.804787,2220.617826,19228.997000,14285.974681
4977.805101,3478.967927,17083.929605,9326.594869
4977.805415,4293.194464,12334.137518,4071.132681
4977.805730,148.041188,5975.544884,592.164754
4977.806044,-3552.988522,3830.477490,-1850.514855
4977.806358,-6291.750507,3600.648841,-1332.370696
4977.806673,-7550.100608,-2528.115143,-518.144159
4977.806987,-6439.791695,-9269.755526,3701.029710
4977.807301,-3849.070898,-13023.623466,9104.533087
4977.807616,-3256.906145,-14019.547613,13397.727550
4977.807930,-3478.967927,-14785.643111,13989.892304
4977.808244,-1332.370696,-14096.157163,12657.521608
4977.808559,2812.782580,-8197.221829,14656.077652
4977.808873,5847.626942,-612.876398,18135.045579
4977.809187,8216.285956,6741.640382,17172.777854
4977.809502,8290.306550,8886.707777,13989.892304
4977.809816,5773.606348,11644.651570,12287.418637
4977.810130,4589.276840,17466.977354,12361.439231
4977.810445,5255.462188,16930.710506,9104.533087
4977.810759,5107.421000,11797.870669,4959.379811
4977.811073,1776.494261,6128.763984,2072.576638
4977.811387,-2516.700203,2834.553343,-1258.350101
4977.811702,-4737.318029,3064.381992,888.247130
4977.812016,-7624.121203,-995.924147,1480.411884
4977.812330,-6365.771101,-8886.707777,3034.844362
4977.812645,-2368.659014,-13406.671215,7476.080014
4977.812959,-1776.494261,-14862.252661,11621.233289
4977.813273,-2146.597232,-15704.957709,13915.871710
4977.813588,518.144159,-14249.376263,12805.562797
4977.813902,4811.338623,-8503.660028,13397.727550
4977.814216,8512.368333,-3217.601092,17172.777854
4977.814531,11473.192101,3830.477490,17172.777854
4977.814845,11473.192101,6205.373534,15396.283594
4977.815159,8216.285956,7048.078582,13619.789333
4977.815474,6291.750507,12640.575717,13989.892304
4977.815788,6291.750507,13559.890315,12287.418637
4977.816102,5995.668130,10265.679673,8808.450710
4977.816417,3404.947333,5439.278036,3923.091493
4977.816731,-888.247130,1149.143247,-814.226536
4977.817045,-4219.173869,919.314598,222.061783
4977.817360,-6365.771101,-1685.410096,1036.288319
4977.817674,-6291.750507,-7660.954980,2590.720797
4977.817988,-4145.153275,-13406.671215,6513.812290
4977.818303,-3330.926739,-14862.252661,10732.986159
4977.818617,-3552.988522,-14172.766713,13323.706956
4977.818931,-1998.556043,-14709.033562,11843.295072
4977.819246,1776.494261,-9806.022374,12953.603985
4977.819560,5847.626942,-4749.792088,14508.036463
4977.819874,10066.800811,76.609550,13989.892304
4977.820188,12879.583391,4903.011187,12213.398043
4977.820503,11103.089130,6818.249932,11621.233289
4977.820817,10584.944971,10189.070123,11843.295072
4977.821131,11103.089130,10189.070123,10955.047942
4977.821446,9326.594869,6435.202183,8808.450710
4977.821760,4885.359217,2298.286494,7846.182985
4977.822074,444.123565,-689.485948,5699.585753
4977.822389,-4663.297435,-1685.410096,5773.606348
4977.822703,-8142.265362,-3753.867940,7031.956449
4977.823017,-7772.162391,-7660.954980,6661.853478
4977.823332,-6735.874072,-10112.460574,8290.306550
4977.823646,-7031.956449,-11031.775171,8290.306550
4977.823960,-6291.750507,-8580.269578,7476.080014
4977.824275,-2812.782580,-6128.763984,7402.059420
4977.824589,962.267725,-2757.943793,9622.677246
4977.824903,4737.318029,689.485948,11029.068536
4977.825218,9252.574275,2987.772442,9992.780217
4977.825532,10881.027347,4979.620737,10955.047942
4977.825846,10288.862594,5592.497135,11769.274478
4977.826161,10510.924376,6588.421283,12065.356855
4977.826475,9992.780217,4826.401637,11843.295072
4977.826789,7402.059420,2451.505594,10214.842000
4977.827104,4811.338623,229.828649,9548.656652
4977.827418,2072.576638,-1149.143247,8882.471304
4977.827732,-1258.350101,-1991.848295,8882.471304
4977.828047,-3849.070898,-3907.087040,7550.100608
4977.828361,-4589.276840,-5669.106685,7031.956449
4977.828675,-4663.297435,-7048.078582,7698.141797
4977.828990,-4293.194464,-6741.640382,7476.080014
4977.829304,-3034.844362,-4903.011187,6809.894666
4977.829618,-1480.411884,-2987.772442,6957.935855
4977.829932,740.205942,-536.266849,7402.059420
4977.830247,3849.070898,1915.238745,8142.265362
4977.830561,6143.709319,3217.601092,8808.450710
4977.830875,7476.080014,2451.505594,9252.574275
4977.831190,8586.388927,2757.943793,10066.800811
4977.831504,8956.491898,2834.553343,11103.089130
4977.831818,8660.409521,1455.581446,10955.047942
4977.832133,7105.977043,-612.876398,11029.068536
4977.832447,4737.318029,-1838.629195,11473.192101
4977.832761,2664.741391,-3064.381992,11695.253884
4977.833076,1036.288319,-4136.915689,11991.336260
4977.833390,-740.205942,-6205.373534,11843.295072
4977.833704,-2220.617826,-6511.811733,11769.274478
4977.834019,-3034.844362,-5898.935335,10436.903782
4977.834333,-3404.947333,-5209.449386,9030.512492
4977.834647,-2664.741391,-3907.087040,7402.059420
4977.834962,-1924.535449,-1378.971896,6513.812290
4977.835276,-666.185348,1762.019645,6069.688724
4977.835590,1110.308913,3447.429741,5477.523971
4977.835905,2664.741391,2911.162892,5995.668130
4977.836219,3701.029710,2451.505594,6735.874072
4977.836533,4367.215058,1762.019645,7476.080014
4977.836848,4367.215058,1838.629195,9104.533087
4977.837162,3627.009116,1072.533697,10288.862594
4977.837476,3034.844362,-76.609550,11843.295072
4977.837791,2146.597232,-612.876398,12435.459826
4977.838105,1554.432478,-2145.067394,11843.295072
4977.838419,1258.350101,-3524.039291,11325.150913
4977.838734,888.247130,-3370.820191,10658.965565
4977.839048,0.000000,-2451.505594,9696.697840
4977.839362,0.000000,-1685.410096,8882.471304
4977.839676,0.000000,-1302.362347,7994.224174
4977.839991,-370.102971,-459.657299,8290.306550
4977.840305,-148.041188,229.828649,7624.121203
4977.840619,0.000000,459.657299,6587.832884
4977.840934,518.144159,842.705048,6957.935855
4977.841248,0.000000,536.266849,8142.265362
4977.841562,1036.288319,1302.362347,9696.697840
4977.841877,2812.782580,1532.190996,9622.677246
4977.842191,3849.070898,1225.752797,9548.656652
4977.842505,3404.947333,383.047749,9770.718434
4977.842820,3627.009116,76.609550,10362.883188
4977.843134,3923.091493,-766.095498,10066.800811
4977.843448,4737.318029,-1838.629195,10881.027347
4977.843763,3923.091493,-2068.457845,10807.006753
4977.844077,2960.823768,-2221.676944,10807.006753
4977.844391,2812.782580,-1072.533697,9918.759623
4977.844706,2516.700203,-459.657299,9474.636058
4977.845020,2294.638420,-766.095498,8956.491898
4977.845334,2294.638420,-2068.457845,7994.224174
4977.845649,2960.823768,-612.876398,7920.203579
4977.845963,2442.679609,229.828649,7476.080014
4977.846277,1850.514855,459.657299,7698.141797
4977.846592,1628.453072,-229.828649,7920.203579
4977.846906,2220.617826,-536.266849,8216.285956
4977.847220,2442.679609,-1072.533697,8586.388927
4977.847535,2146.597232,-3064.381992,8586.388927
4977.847849,1776.494261,-3217.601092,8512.368333
4977.848163,2368.659014,-2604.724693,9474.636058
4977.848477,2664.741391,-2528.115143,10584.944971
4977.848792,3478.967927,-3677.258390,10881.027347
4977.849106,3997.112087,-3983.696590,11177.109724
4977.849420,3997.112087,-3370.820191,10584.944971
4977.849735,4293.194464,-2681.334243,10140.821405
4977.850049,3923.091493,-2604.724693,9844.739029
4977.850363,4145.153275,-3217.601092,10140.821405
4977.850678,3552.988522,-3140.991542,10362.883188
4977.850992,2738.761985,-2451.505594,10214.842000
4977.851306,1924.535449,-3217.601092,9474.636058
4977.851621,1258.350101,-3677.258390,8956.491898
4977.851935,1258.350101,-3907.087040,8438.347739
4977.852249,1110.308913,-3524.039291,8586.388927
4977.852564,592.164754,-3140.991542,8586.388927
4977.852878,222.061783,-3370.820191,8660.409521
4977.853192,296.082377,-2834.553343,8956.491898
4977.853507,1480.411884,-2451.505594,9104.533087
4977.853821,1702.473667,-2298.286494,9104.533087
4977.854135,2442.679609,-2145.067394,8660.409521
4977.854450,3552.988522,-1378.971896,8660.409521
4977.854764,4293.194464,-229.828649,8660.409521
4977.855078,4441.235652,-306.438199,8216.285956
4977.855393,4515.256246,-1149.143247,8364.327145
4977.855707,5107.421000,-1915.238745,8512.368333
4977.856021,4737.318029,-1608.800546,9030.512492
4977.856336,3997.112087,-2145.067394,9622.677246
4977.856650,3108.864956,-2987.772442,10362.883188
4977.856964,2146.597232,-2834.553343,10658.965565
4977.857279,1184.329507,-2068.457845,11325.150913
4977.857593,-592.164754,-1455.581446,11177.109724
4977.857907,-2368.659014,-1762.019645,10658.965565
4977.858221,-2812.782580,0.000000,10140.821405
4977.858536,-2886.803174,842.705048,9030.512492
4977.858850,-2294.638420,2221.676944,8216.285956
4977.859164,-1702.473667,2681.334243,7476.080014
4977.859479,-592.164754,3064.381992,7105.977043
4977.859793,296.082377,2987.772442,6735.874072
4977.860107,666.185348,2451.505594,7105.977043
4977.860422,962.267725,1608.800546,8068.244768
4977.860736,2072.576638,612.876398,8512.368333
4977.861050,2664.741391,-229.828649,9474.636058
4977.861365,3034.844362,-842.705048,11251.130318
4977.861679,3404.947333,-1225.752797,11325.150913
4977.861993,3923.091493,-536.266849,11029.068536
4977.862308,5033.400406,536.266849,10436.903782
4977.862622,5033.400406,612.876398,9252.574275
4977.862936,5403.503377,766.095498,8586.388927
4977.863251,5773.606348,1302.362347,7698.141797
4977.863565,5551.544565,1838.629195,7772.162391
4977.863879,4293.194464,2145.067394,8438.347739
4977.864194,2442.679609,3064.381992,9474.636058
4977.864508,518.144159,2221.676944,9696.697840
4977.864822,-1554.432478,919.314598,9696.697840
4977.865137,-2960.823768,-383.047749,9326.594869
4977.865451,-4441.235652,-919.314598,9474.636058
4977.865765,-4367.215058,-612.876398,9178.553681
4977.866080,-3997.112087,-536.266849,8512.368333
4977.866394,-3256.906145,-612.876398,7994.224174
4977.866708,-1554.432478,-306.438199,8438.347739
4977.867022,148.041188,0.000000,8586.388927
4977.867337,2146.597232,-306.438199,8660.409521
4977.867651,3034.844362,-689.485948,9770.718434
4977.867965,4293.194464,-1149.143247,10955.047942
4977.868280,5773.606348,-1991.848295,10140.821405
4977.868594,6957.935855,-2374.896044,9622.677246
4977.868908,7179.997637,-2221.676944,10214.842000
4977.869223,7179.997637,-919.314598,11325.150913
4977.869537,6291.750507,-306.438199,10955.047942
4977.869851,4959.379811,-1149.143247,11621.233289
4977.870166,2368.659014,-842.705048,11621.233289
4977.870480,0.000000,-1225.752797,10658.965565
4977.870794,-2146.597232,-536.266849,9104.533087
4977.871109,-3997.112087,76.609550,8142.265362
4977.871423,-5255.462188,0.000000,7994.224174
4977.871737,-5403.503377,0.000000,6661.853478
4977.872052,-5255.462188,-383.047749,4737.318029
4977.872366,-5699.585753,0.000000,4293.194464
4977.872680,-5551.544565,229.828649,5107.421000
4977.872995,-4737.318029,-153.219100,7179.997637
4977.873309,-2368.659014,-1608.800546,8808.450710
4977.873623,1406.391290,-2528.115143,10436.903782
4977.873938,3627.009116,-3370.820191,10807.006753
4977.874252,4885.359217,-2834.553343,10362.883188
4977.874566,6069.688724,-1608.800546,11399.171507
4977.874881,7105.977043,0.000000,12509.480420
4977.875195,7328.038826,229.828649,13989.892304
4977.875509,6217.729913,536.266849,15470.304188
4977.875824,4145.153275,919.314598,15544.324782
4977.876138,2072.576638,1608.800546,13545.768739
4977.876452,-518.144159,2298.286494,10288.862594
4977.876766,-2516.700203,2757.943793,9548.656652
4977.877081,-4515.256246,3907.087040,8808.450710
4977.877395,-5773.606348,4213.525239,5995.668130
4977.877709,-6513.812290,4290.134789,2960.823768
4977.878024,-7624.121203,3600.648841,2738.761985
4977.878338,-8216.285956,2681.334243,3404.947333
4977.878652,-7624.121203,1532.190996,3330.926739
4977.878967,-5181.441594,919.314598,4367.215058
4977.879281,-2368.659014,0.000000,6439.791695
4977.879595,-148.041188,-1685.410096,8586.388927
4977.879910,3034.844362,-1378.971896,10510.924376
4977.880224,5699.585753,-536.266849,11991.336260
4977.880538,6883.915261,153.219100,13693.809927
4977.880853,7105.977043,1378.971896,15766.386565
4977.881167,7328.038826,2451.505594,16284.530724
4977.881481,7105.977043,3983.696590,15026.180623
4977.881796,5551.544565,5745.716235,13249.686362
4977.882110,3478.967927,6128.763984,12065.356855
4977.882424,1258.350101,6741.640382,9474.636058
4977.882739,-1036.288319,6894.859482,6513.812290
4977.883053,-3478.967927,6358.592633,4737.318029
4977.883367,-5551.544565,4903.011187,3775.050304
4977.883682,-7031.956449,2068.457845,3627.009116
4977.883996,-7550.100608,0.000000,3108.864956
4977.884310,-7105.977043,-1762.019645,4219.173869
4977.884625,-5625.565159,-3524.039291,5625.565159
4977.884939,-3256.906145,-4366.744339,7550.100608
4977.885253,0.000000,-4290.134789,9696.697840
4977.885567,3404.947333,-4060.306139,11103.089130
4977.885882,5403.503377,-3600.648841,12805.562797
4977.886196,6883.915261,-1915.238745,15914.427753
4977.886510,7846.182985,766.095498,17320.819043
4977.886825,8142.265362,2681.334243,15988.448347
4977.887139,7476.080014,3294.210641,14211.954086
4977.887453,6069.688724,4903.011187,13027.624579
4977.887768,3701.029710,5669.106685,11473.192101
4977.888082,666.185348,4903.011187,8068.244768
4977.888396,-2220.617826,3907.087040,5551.544565
4977.888711,-4885.359217,2911.162892,4959.379811
4977.889025,-7624.121203,612.876398,3923.091493
4977.889339,-8734.430116,-1991.848295,3108.864956
4977.889654,-8808.450710,-4060.306139,2886.803174
4977.889968,-7550.100608,-5822.325785,3775.050304
4977.890282,-5329.482782,-6205.373534,5921.647536
4977.890597,-2368.659014,-5515.887586,8068.244768
4977.890911,2072.576638,-5745.716235,10214.842000
4977.891225,4737.318029,-3907.087040,12583.501014
4977.891540,6587.832884,-2681.334243,15174.221811
4977.891854,8216.285956,-383.047749,16802.674883
4977.892168,8586.388927,2145.067394,16580.613101
4977.892483,8068.244768,3600.648841,15914.427753
4977.892797,6291.750507,5362.668486,13989.892304
4977.893111,4219.173869,5515.887586,11843.295072
4977.893426,1406.391290,6205.373534,8882.471304
4977.893740,-1406.391290,5209.449386,7179.997637
4977.894054,-5329.482782,3140.991542,4589.276840
4977.894369,-7994.224174,1455.581446,3330.926739
4977.894683,-9992.780217,-1072.533697,2960.823768
4977.894997,-9992.780217,-1915.238745,3108.864956
4977.895311,-8290.306550,-4903.011187,3552.988522
4977.895626,-6143.709319,-5362.668486,5255.462188
4977.895940,-3108.864956,-4749.792088,6883.915261
4977.896254,74.020594,-4213.525239,9252.574275
4977.896569,3849.070898,-2604.724693,11251.130318
4977.896883,5995.668130,0.000000,15174.221811
4977.897197,7550.100608,2528.115143,17838.963202
4977.897512,9622.677246,4903.011187,16876.695478
4977.897826,9474.636058,5362.668486,15618.345376
4977.898140,8142.265362,7431.126331,14656.077652
4977.898455,4959.379811,9039.926876,12879.583391
4977.898769,2590.720797,8963.317327,8956.491898
4977.899083,-518.144159,7737.564530,5181.441594
4977.899398,-4589.276840,6511.811733,4145.153275
4977.899712,-7550.100608,5132.839837,3997.112087
4977.900026,-10214.842000,2451.505594,2368.659014
4977.900340,-11325.150913,-1915.238745,1628.453072
4977.900655,-10510.924376,-5286.058936,3108.864956
4977.900969,-7476.080014,-6435.202183,4885.359217
4977.901283,-4219.173869,-5439.278036,7920.203579
4977.901598,-962.267725,-4136.915689,9326.594869
4977.901912,2294.638420,-2681.334243,11029.068536
4977.902226,5181.441594,-459.657299,14137.933492
4977.902541,7550.100608,2757.943793,15840.407159
4977.902855,9474.636058,5056.230287,16506.592507
4977.903169,10288.862594,5209.449386,15322.262999
4977.903483,8956.491898,6511.811733,14359.995275
4977.903798,6143.709319,8427.050478,13989.892304
4977.904112,4515.256246,8656.879127,11695.253884
4977.904426,1776.494261,7048.078582,7846.182985
4977.904741,-1776.494261,4366.744339,5329.482782
4977.905055,-4885.359217,2451.505594,4737.318029
4977.905369,-8216.285956,919.314598,3404.947333
4977.905683,-9770.718434,-2604.724693,2664.741391
4977.905998,-9622.677246,-6741.640382,2886.803174
4977.906312,-7698.141797,-8197.221829,4737.318029
4977.906626,-5181.441594,-7660.954980,7179.997637
4977.906941,-1554.432478,-5898.935335,8734.430116
4977.907255,2368.659014,-5132.839837,10881.027347
4977.907569,3849.070898,-3524.039291,13175.665768
4977.907884,6439.791695,-383.047749,14804.118840
4977.908198,8438.347739,2298.286494,15026.180623
4977.908512,9104.533087,4136.915689,14730.098246
4977.908826,7772.162391,5822.325785,14582.057057
4977.909141,5551.544565,7124.688131,13397.727550
4977.909455,3923.091493,7048.078582,11251.130318
4977.909769,1036.288319,5056.230287,7920.203579
4977.910084,-2960.823768,2834.553343,4885.359217
4977.910398,-6217.729913,1149.143247,4959.379811
4977.910712,-8586.388927,-153.219100,4811.338623
4977.911026,-9918.759623,-3370.820191,4071.132681
4977.911341,-9622.677246,-6665.030833,3627.009116
4977.911655,-7402.059420,-8120.612279,4885.359217
4977.911969,-4885.359217,-8120.612279,7031.956449
4977.912284,-888.247130,-6511.811733,9030.512492
4977.912598,2886.803174,-4903.011187,11029.068536
4977.912912,5329.482782,-2528.115143,14063.912898
4977.913227,7550.100608,689.485948,16062.468941
4977.913541,8660.409521,3524.039291,16136.489536
4977.913855,9326.594869,5362.668486,14878.139434
4977.914169,9030.512492,6818.249932,13397.727550
4977.914484,6587.832884,9039.926876,11917.315666
4977.914798,4441.235652,9576.193725,9252.574275
4977.915112,1036.288319,7737.564530,7624.121203
4977.915427,-2442.679609,6052.154434,5255.462188
4977.915741,-5921.647536,4290.134789,3701.029710
4977.916055,-8512.368333,1532.190996,3478.967927
4977.916369,-10066.800811,-1762.019645,3775.050304
4977.916684,-9474.636058,-4826.401637,3849.070898
4977.916998,-7920.203579,-6435.202183,4959.379811
4977.917312,-5107.421000,-6741.640382,7476.080014
4977.917627,-1480.411884,-6511.811733,9474.636058
4977.917941,2590.720797,-4673.182538,10881.027347
4977.918255,5181.441594,-1149.143247,13323.706956
4977.918570,7105.977043,2911.162892,15396.283594
4977.918884,8734.430116,4903.011187,15914.427753
4977.919198,9770.718434,6358.592633,15618.345376
4977.919512,9252.574275,8044.002729,13323.706956
4977.919827,7179.997637,9116.536426,12657.521608
4977.920141,4589.276840,9346.365076,10955.047942
4977.920455,1332.370696,8503.660028,8216.285956
4977.920770,-1850.514855,6281.983084,5625.565159
4977.921084,-5181.441594,3370.820191,4515.256246
4977.921398,-8660.409521,1378.971896,3182.885551
4977.921713,-10436.903782,-1149.143247,3034.844362
4977.922027,-10510.924376,-4749.792088,2960.823768
4977.922341,-8364.327145,-6818.249932,3923.091493
4977.922655,-5329.482782,-7660.954980,6661.853478
4977.922970,-1702.473667,-7201.297681,8956.491898
4977.923284,1406.391290,-4903.011187,11029.068536
4977.923598,4515.256246,-2604.724693,12657.521608
4977.923913,6883.915261,0.000000,14211.954086
4977.924227,8808.450710,2911.162892,15988.448347
4977.924541,9844.739029,4826.401637,15618.345376
4977.924855,9178.553681,5898.935335,14063.912898
4977.925170,6735.874072,7201.297681,13249.686362
4977.925484,3997.112087,7890.783629,12213.398043
4977.925798,1406.391290,6435.202183,9696.697840
4977.926113,-1850.514855,2757.943793,5995.668130
4977.926427,-5403.503377,919.314598,4515.256246
4977.926741,-9030.512492,-306.438199,4515.256246
4977.927056,-10584.944971,-2221.676944,3849.070898
4977.927370,-9844.739029,-5132.839837,3034.844362
4977.927684,-8438.347739,-7737.564530,3701.029710
4977.927998,-5477.523971,-8273.831378,6809.894666
4977.928313,-2220.617826,-7431.126331,8142.265362
4977.928627,1924.535449,-6128.763984,9770.718434
4977.928941,5181.441594,-3217.601092,12731.542202
4977.929256,7476.080014,-919.314598,14878.139434
4977.929570,9548.656652,2221.676944,16506.592507
4977.929884,10732.986159,4519.963438,16136.489536
4977.930198,9844.739029,6511.811733,15692.365970
4977.930513,7105.977043,7354.516781,14211.954086
4977.930827,5329.482782,7890.783629,11843.295072
4977.931141,2368.659014,6665.030833,9030.512492
4977.931456,-2072.576638,4290.134789,5699.585753
4977.931770,-6217.729913,2987.772442,3849.070898
4977.932084,-9696.697840,1532.190996,2812.782580
4977.932399,-11177.109724,-1225.752797,2738.761985
4977.932713,-11325.150913,-4060.306139,3182.885551
4977.933027,-9770.718434,-7277.907231,3701.029710
4977.933341,-7476.080014,-7584.345430,5477.523971
4977.933656,-3478.967927,-6818.249932,7550.100608
4977.933970,962.267725,-4903.011187,10214.842000
4977.934284,4219.173869,-2911.162892,12139.377449
4977.934599,7328.038826,-153.219100,14508.036463
4977.934913,9326.594869,3753.867940,16432.571912
4977.935227,10362.883188,6205.373534,16580.613101
4977.935541,10732.986159,7660.954980,14952.160028
4977.935856,9548.656652,8503.660028,13545.768739
4977.936170,7031.956449,8656.879127,12213.398043
4977.936484,3108.864956,8197.221829,10066.800811
4977.936799,-814.226536,6818.249932,7031.956449
4977.937113,-4367.215058,4136.915689,4367.215058
4977.937427,-8216.285956,1455.581446,3849.070898
4977.937742,-10881.027347,-459.657299,3923.091493
4977.938056,-11621.233289,-2757.943793,3923.091493
4977.938370,-10658.965565,-4903.011187,2590.720797
4977.938684,-8290.306550,-6818.249932,3997.112087
4977.938999,-4737.318029,-6741.640382,7328.038826
4977.939313,-296.082377,-4826.401637,10066.800811
4977.939627,3552.988522,-2528.115143,11399.171507
4977.939942,6291.750507,-229.828649,13915.871710
4977.940256,8586.388927,2221.676944,16062.468941
4977.940570,11029.068536,5975.544884,16654.633695
4977.940885,11843.295072,7737.564530,15396.283594
4977.941199,9770.718434,8197.221829,13545.768739
4977.941513,6661.853478,8427.050478,12953.603985
4977.941827,3182.885551,8197.221829,11473.192101
4977.942142,74.020594,6588.421283,8142.265362
4977.942456,-3701.029710,3370.820191,5107.421000
4977.942770,-7920.203579,383.047749,3701.029710
4977.943085,-10732.986159,-2221.676944,3701.029710
4977.943399,-11843.295072,-3064.381992,3034.844362
4977.943713,-10584.944971,-5898.935335,2960.823768
4977.944027,-8734.430116,-7431.126331,3849.070898
4977.944342,-5699.585753,-7277.907231,6735.874072
4977.944656,-1480.411884,-5515.887586,8660.409521
4977.944970,2812.782580,-3983.696590,9992.780217
4977.945285,5107.421000,-2298.286494,12879.583391
4977.945599,6809.894666,995.924147,16876.695478
4977.945913,8956.491898,4213.525239,17616.901420
4977.946228,9918.759623,5822.325785,15248.242405
4977.946542,9178.553681,5975.544884,13693.809927
4977.946856,6439.791695,7354.516781,13323.706956
4977.947170,3478.967927,8120.612279,11399.171507
4977.947485,444.123565,7048.078582,7846.182985
4977.947799,-3108.864956,3600.648841,5107.421000
4977.948113,-7254.018232,766.095498,3701.029710
4977.948428,-10140.821405,-612.876398,3627.009116
4977.948742,-10807.006753,-2451.505594,2886.803174
4977.949056,-9474.636058,-4903.011187,3627.009116
4977.949370,-7920.203579,-7354.516781,5255.462188
4977.949685,-4737.318029,-7124.688131,7254.018232
4977.949999,-666.185348,-6128.763984,9252.574275
4977.950313,3627.009116,-3830.477490,10362.883188
4977.950628,6069.688724,-1455.581446,12657.521608
4977.950942,8068.244768,1378.971896,16136.489536
4977.951256,10140.821405,4290.134789,16506.592507
4977.951571,10510.924376,6665.030833,14730.098246
4977.951885,9474.636058,7201.297681,13545.768739
4977.952199,7031.956449,7967.393179,12879.583391
4977.952513,4071.132681,7890.783629,10584.944971
4977.952828,0.000000,6818.249932,8290.306550
4977.953142,-3478.967927,3983.696590,6439.791695
4977.953456,-7105.977043,1455.581446,5625.565159
4977.953771,-10584.944971,-459.657299,3552.988522
4977.954085,-11251.130318,-2145.067394,2664.741391
4977.954399,-10510.924376,-4903.011187,2590.720797
4977.954713,-7994.224174,-6435.202183,4811.338623
4977.955028,-5625.565159,-5898.935335,6365.771101
4977.955342,-1332.370696,-5822.325785,7698.141797
4977.955656,2516.700203,-3830.477490,9770.718434
4977.955971,6217.729913,-995.924147,12435.459826
4977.956285,9030.512492,1608.800546,15470.304188
4977.956599,10881.027347,3983.696590,16654.633695
4977.956914,11621.233289,5898.935335,15174.221811
4977.957228,10510.924376,6741.640382,14211.954086
4977.957542,8438.347739,8273.831378,14211.954086
4977.957856,4959.379811,7660.954980,12805.562797
4977.958171,1406.391290,5515.887586,9400.615463
4977.958485,-2812.782580,3600.648841,6735.874072
4977.958799,-6883.915261,2298.286494,6217.729913
4977.959114,-9770.718434,-689.485948,4219.173869
4977.959428,-11695.253884,-2374.896044,2220.617826
4977.959742,-11621.233289,-2987.772442,2368.659014
4977.960056,-10288.862594,-4903.011187,3182.885551
4977.960371,-7031.956449,-6281.983084,4367.215058
4977.960685,-2886.803174,-5822.325785,6735.874072
4977.960999,1258.350101,-4443.353888,9326.594869
4977.961314,4737.318029,-1532.190996,11991.336260
4977.961628,7328.038826,76.609550,14804.118840
4977.961942,9474.636058,2987.772442,16506.592507
4977.962257,10362.883188,4903.011187,16284.530724
4977.962571,10140.821405,6971.469032,16210.510130
4977.962885,8512.368333,7507.735880,15618.345376
4977.963199,5773.606348,6741.640382,13027.624579
4977.963514,2294.638420,5592.497135,9252.574275
4977.963828,-1554.432478,4443.353888,6143.709319
4977.964142,-5551.544565,3217.601092,5551.544565
4977.964457,-8660.409521,1302.362347,4293.194464
4977.964771,-10362.883188,-1762.019645,3330.926739
4977.965085,-10881.027347,-3524.039291,3108.864956
4977.965400,-9474.636058,-5286.058936,2812.782580
4977.965714,-7994.224174,-6128.763984,4219.173869
4977.966028,-4663.297435,-6818.249932,5255.462188
4977.966342,-222.061783,-4903.011187,7550.100608
4977.966657,2812.782580,-2145.067394,11695.253884
4977.966971,6069.688724,-229.828649,15174.221811
4977.967285,8142.265362,1685.410096,16506.592507
4977.967600,8882.471304,3677.258390,16358.551318
4977.967914,8882.471304,5592.497135,15396.283594
4977.968228,8808.450710,6741.640382,13767.830521
4977.968542,7402.059420,6511.811733,12879.583391
4977.968857,4885.359217,6741.640382,11103.089130
4977.969171,1258.350101,6665.030833,8068.244768
4977.969485,-2886.803174,4903.011187,5995.668130
4977.969800,-7105.977043,1685.410096,4885.359217
4977.970114,-8882.471304,-1225.752797,4293.194464
4977.970428,-9474.636058,-3677.258390,4071.132681
4977.970743,-8734.430116,-5209.449386,4145.153275
4977.971057,-7624.121203,-5822.325785,4515.256246
4977.971371,-4811.338623,-6588.421283,5773.606348
4977.971685,-888.247130,-5056.230287,7994.224174
4977.972000,2960.823768,-3064.381992,10214.842000
4977.972314,5995.668130,-689.485948,13175.665768
4977.972628,8068.244768,1685.410096,15766.386565
4977.972943,9400.615463,4060.306139,16136.489536
4977.973257,10362.883188,5745.716235,14508.036463
4977.973571,9548.656652,6665.030833,13101.645173
4977.973885,7328.038826,6894.859482,12805.562797
4977.974200,4293.194464,6971.469032,11399.171507
4977.974514,888.247130,6205.373534,8734.430116
4977.974828,-2960.823768,4443.353888,6069.688724
4977.975143,-7179.997637,2145.067394,5107.421000
4977.975457,-9992.780217,-842.705048,4589.276840
4977.975771,-10584.944971,-2451.505594,3552.988522
4977.976086,-9770.718434,-4213.525239,2960.823768
4977.976400,-8216.285956,-5592.497135,4515.256246
4977.976714,-5773.606348,-5669.106685,6217.729913
4977.977028,-1628.453072,-5132.839837,7846.182985
4977.977343,2442.679609,-3830.477490,9474.636058
4977.977657,5033.400406,-995.924147,12805.562797
4977.977971,6957.935855,919.314598,16580.613101
4977.978286,9252.574275,3447.429741,17098.757260
4977.978600,9548.656652,5209.449386,15322.262999
4977.978914,9030.512492,6052.154434,14211.954086
4977.979228,7105.977043,7354.516781,12953.603985
4977.979543,3627.009116,6588.421283,10807.006753
4977.979857,518.144159,6511.811733,8660.409521
4977.980171,-3256.906145,5515.887586,5995.668130
4977.980486,-7179.997637,3294.210641,5329.482782
4977.980800,-9844.739029,306.438199,4589.276840
4977.981114,-10214.842000,-2068.457845,2886.803174
4977.981429,-10140.821405,-5286.058936,2368.659014
4977.981743,-8586.388927,-4979.620737,3997.112087
4977.982057,-5847.626942,-5132.839837,5995.668130
4977.982371,-1850.514855,-4826.401637,7550.100608
4977.982686,2368.659014,-4749.792088,9622.677246
4977.983000,4811.338623,-2528.115143,12953.603985
4977.983314,6957.935855,612.876398,15914.427753
4977.983629,9696.697840,2681.334243,16876.695478
4977.983943,10658.965565,5286.058936,16580.613101
4977.984257,10362.883188,5898.935335,15396.283594
4977.984572,8438.347739,6741.640382,13915.871710
4977.984886,5699.585753,8197.221829,10955.047942
4977.985200,2072.576638,7660.954980,8290.306550
4977.985514,-1702.473667,6205.373534,6143.709319
4977.985829,-5773.606348,2911.162892,5033.400406
4977.986143,-8956.491898,-383.047749,5329.482782
4977.986457,-10140.821405,-2757.943793,4737.318029
4977.986772,-10658.965565,-5745.716235,2960.823768
4977.987086,-9696.697840,-7048.078582,3923.091493
4977.987400,-7105.977043,-6128.763984,6217.729913
4977.987714,-3330.926739,-4519.963438,7846.182985
4977.988029,1110.308913,-3677.258390,8586.388927
4977.988343,4811.338623,-3064.381992,10807.006753
4977.988657,6661.853478,536.266849,14137.933492
4977.988972,9474.636058,4060.306139,16136.489536
4977.989286,11547.212695,5439.278036,15248.242405
4977.989600,11473.192101,5286.058936,14359.995275
4977.989915,9104.533087,6052.154434,14434.015869
4977.990229,6809.894666,8120.612279,12213.398043
4977.990543,3552.988522,7967.393179,9252.574275
4977.990857,-740.205942,5286.058936,6735.874072
4977.991172,-4737.318029,2451.505594,6365.771101
4977.991486,-7994.224174,612.876398,5181.441594
4977.991800,-9918.759623,-1685.410096,3701.029710
4977.992115,-10658.965565,-4826.401637,3108.864956
4977.992429,-10288.862594,-6511.811733,3552.988522
4977.992743,-7920.203579,-6511.811733,5551.544565
4977.993057,-4589.276840,-4826.401637,7698.141797
4977.993372,-1036.288319,-4366.744339,8882.471304
4977.993686,2442.679609,-4136.915689,10955.047942
4977.994000,4885.359217,-1149.143247,13915.871710
4977.994315,7179.997637,2374.896044,16358.551318
4977.994629,8882.471304,4826.401637,16210.510130
4977.994943,9474.636058,5515.887586,15544.324782
4977.995258,8438.347739,5975.544884,14508.036463
4977.995572,5995.668130,8273.831378,12731.542202
4977.995886,3478.967927,7737.564530,8882.471304
4977.996200,-370.102971,6741.640382,6661.853478
4977.996515,-3923.091493,4366.744339,5995.668130
4977.996829,-6883.915261,2145.067394,5107.421000
4977.997143,-9030.512492,0.000000,3849.070898
4977.997458,-9992.780217,-3830.477490,2812.782580
4977.997772,-9918.759623,-5362.668486,3701.029710
4977.998086,-7846.182985,-5669.106685,5699.585753
4977.998400,-4811.338623,-5439.278036,7254.018232
4977.998715,-740.205942,-5209.449386,8438.347739
4977.999029,2664.741391,-3983.696590,10510.924376
4977.999343,4441.235652,0.000000,13619.789333
4977.999658,6513.812290,3140.991542,15026.180623
4977.999972,8438.347739,5056.230287,15248.242405
4978.000286,9474.636058,5975.544884,15396.283594
4978.000600,9622.677246,6741.640382,14656.077652
4978.000915,7031.956449,8197.221829,12731.542202
4978.001229,3627.009116,7660.954980,9030.512492
4978.001543,666.185348,6818.249932,6069.688724
4978.001858,-3182.885551,4826.401637,6143.709319
4978.002172,-6291.750507,1915.238745,5699.585753
4978.002486,-8808.450710,-536.266849,4589.276840
4978.002800,-9844.739029,-3217.601092,3552.988522
4978.003115,-9474.636058,-6205.373534,4071.132681
4978.003429,-7772.162391,-7124.688131,4885.359217
4978.003743,-4663.297435,-6665.030833,6735.874072
4978.004058,-518.144159,-4979.620737,8364.327145
4978.004372,2590.720797,-2451.505594,11251.130318
4978.004686,5403.503377,-459.657299,14508.036463
4978.005000,7994.224174,1915.238745,15470.304188
4978.005315,10214.842000,4749.792088,15026.180623
4978.005629,10732.986159,4903.011187,14804.118840
4978.005943,9770.718434,6511.811733,14285.974681
4978.006258,7920.203579,7354.516781,12953.603985
4978.006572,4959.379811,6818.249932,10510.924376
4978.006886,1258.350101,6205.373534,7994.224174
4978.007200,-2738.761985,3830.477490,6587.832884
4978.007515,-6069.688724,2221.676944,5847.626942
4978.007829,-8216.285956,-536.266849,4737.318029
4978.008143,-10214.842000,-4290.134789,3701.029710
4978.008458,-10436.903782,-5822.325785,4219.173869
4978.008772,-9104.533087,-5898.935335,5329.482782
4978.009086,-5921.647536,-6128.763984,6143.709319
4978.009400,-2072.576638,-5592.497135,7402.059420
4978.009715,1998.556043,-3983.696590,9474.636058
4978.010029,4367.215058,-766.095498,12361.439231
4978.010343,6587.832884,2068.457845,14508.036463
4978.010658,7550.100608,3983.696590,15248.242405
4978.010972,7772.162391,4443.353888,15322.262999
4978.011286,7920.203579,4903.011187,15026.180623
4978.011600,6365.771101,7277.907231,13767.830521
4978.011915,3775.050304,7354.516781,11103.089130
4978.012229,888.247130,5898.935335,7846.182985
4978.012543,-3034.844362,4290.134789,6957.935855
4978.012858,-6217.729913,3447.429741,5847.626942
4978.013172,-8586.388927,306.438199,4441.235652
4978.013486,-9770.718434,-2834.553343,3701.029710
4978.013800,-9548.656652,-4673.182538,3997.112087
4978.014115,-7550.100608,-5822.325785,4589.276840
4978.014429,-4885.359217,-5669.106685,5699.585753
4978.014743,-1702.473667,-5362.668486,7846.182985
4978.015058,2146.597232,-3600.648841,9326.594869
4978.015372,4737.318029,0.000000,12879.583391
4978.015686,6661.853478,2068.457845,15322.262999
4978.016000,8956.491898,3370.820191,15248.242405
4978.016315,10510.924376,4749.792088,14582.057057
4978.016629,9770.718434,6818.249932,14359.995275
4978.016943,8142.265362,8120.612279,13471.748144
4978.017257,5255.462188,8350.440928,10510.924376
4978.017572,2220.617826,7201.297681,7920.203579
4978.017886,-2072.576638,5362.668486,6291.750507
4978.018200,-6143.709319,2757.943793,5699.585753
4978.018515,-8660.409521,-306.438199,4293.194464
4978.018829,-9696.697840,-2374.896044,3182.885551
4978.019143,-9992.780217,-4979.620737,4293.194464
4978.019457,-8882.471304,-7124.688131,5773.606348
4978.019772,-6217.729913,-6818.249932,6587.832884
4978.020086,-2368.659014,-5286.058936,7550.100608
4978.020400,1258.350101,-4443.353888,9844.739029
4978.020715,4367.215058,-2068.457845,12805.562797
4978.021029,6735.874072,612.876398,15322.262999
4978.021343,9178.553681,3524.039291,15618.345376
4978.021657,9918.759623,4749.792088,14508.036463
4978.021972,9770.718434,4903.011187,14285.974681
4978.022286,8956.491898,7354.516781,13693.809927
4978.022600,6143.709319,7890.783629,11621.233289
4978.022915,2516.700203,7048.078582,8068.244768
4978.023229,-1110.308913,4903.011187,6439.791695
4978.023543,-4811.338623,2834.553343,5773.606348
4978.023857,-7476.080014,1149.143247,4589.276840
4978.024172,-9326.594869,-2374.896044,3330.926739
4978.024486,-9696.697840,-5132.839837,3849.070898
4978.024800,-8142.265362,-5898.935335,5107.421000
4978.025115,-6143.709319,-6358.592633,6291.750507
4978.025429,-2368.659014,-5975.544884,7698.141797
4978.025743,1332.370696,-4290.134789,9622.677246
4978.026057,4219.173869,-1762.019645,12435.459826
4978.026372,6069.688724,0.000000,14063.912898
4978.026686,7920.203579,2451.505594,16062.468941
4978.027000,8438.347739,4519.963438,16432.571912
4978.027315,8734.430116,4903.011187,14508.036463
4978.027629,7476.080014,7048.078582,13175.665768
4978.027943,4367.215058,7507.735880,11769.274478
4978.028257,1406.391290,7354.516781,9178.553681
4978.028572,-1850.514855,5975.544884,6587.832884
4978.028886,-5477.523971,2834.553343,5107.421000
4978.029200,-8808.450710,842.705048,3923.091493
4978.029515,-9844.739029,-1455.581446,2886.803174
4978.029829,-9696.697840,-3677.258390,3330.926739
4978.030143,-8438.347739,-4979.620737,4441.235652
4978.030457,-6439.791695,-5592.497135,5477.523971
4978.030772,-3182.885551,-6205.373534,6735.874072
4978.031086,148.041188,-4826.401637,8438.347739
4978.031400,3478.967927,-1532.190996,11695.253884
4978.031715,6291.750507,0.000000,15174.221811
4978.032029,7994.224174,2451.505594,16876.695478
4978.032343,9548.656652,4136.915689,16506.592507
4978.032657,9770.718434,5209.449386,14656.077652
4978.032972,8512.368333,6511.811733,13693.809927
4978.033286,6069.688724,7584.345430,11399.171507
4978.033600,3108.864956,8273.831378,8586.388927
4978.033915,-592.164754,6894.859482,7105.977043
4978.034229,-4293.194464,4136.915689,6365.771101
4978.034543,-7550.100608,766.095498,4071.132681
4978.034857,-9696.697840,-2068.457845,3182.885551
4978.035172,-10955.047942,-3983.696590,3849.070898
4978.035486,-10066.800811,-6052.154434,3923.091493
4978.035800,-7550.100608,-7048.078582,6365.771101
4978.036114,-4145.153275,-6894.859482,7105.977043
4978.036429,-148.041188,-4979.620737,8512.368333
4978.036743,2368.659014,-2834.553343,11399.171507
4978.037057,4811.338623,-306.438199,14582.057057
4978.037372,7994.224174,2681.334243,16284.530724
4978.037686,10510.924376,3677.258390,16284.530724
4978.038000,10881.027347,4903.011187,15248.242405
4978.038314,9548.656652,6665.030833,13841.851115
4978.038629,7550.100608,8503.660028,11547.212695
4978.038943,3923.091493,9269.755526,8956.491898
4978.039257,296.082377,7201.297681,7105.977043
4978.039572,-2960.823768,4366.744339,6217.729913
4978.039886,-6661.853478,1302.362347,4071.132681
4978.040200,-9474.636058,-2068.457845,2664.741391
4978.040514,-11103.089130,-4136.915689,3182.885551
4978.040829,-10732.986159,-6358.592633,4589.276840
4978.041143,-8660.409521,-7124.688131,6217.729913
4978.041457,-5107.421000,-7277.907231,7846.182985
4978.041772,-1406.391290,-5745.716235,9474.636058
4978.042086,2368.659014,-3600.648841,11843.295072
4978.042400,5921.647536,-842.705048,13841.851115
4978.042714,8808.450710,1685.410096,15692.365970
4978.043029,11399.171507,3830.477490,15988.448347
4978.043343,11399.171507,5822.325785,15026.180623
4978.043657,10214.842000,7737.564530,13471.748144
4978.043972,7328.038826,8656.879127,11547.212695
4978.044286,3701.029710,8427.050478,9104.533087
4978.044600,0.000000,6665.030833,7105.977043
4978.044914,-4293.194464,4290.134789,5995.668130
4978.045229,-8216.285956,1302.362347,4367.215058
4978.045543,-10955.047942,-1685.410096,2812.782580
4978.045857,-12213.398043,-4979.620737,2886.803174
4978.046172,-11547.212695,-5898.935335,4885.359217
4978.046486,-8808.450710,-6358.592633,6365.771101
4978.046800,-4885.359217,-6511.811733,6513.812290
4978.047114,-592.164754,-5209.449386,8586.388927
4978.047429,3108.864956,-2987.772442,10510.924376
4978.047743,6883.915261,995.924147,12953.603985
4978.048057,9548.656652,4060.306139,15100.201217
4978.048372,10510.924376,5132.839837,16358.551318
4978.048686,11177.109724,5745.716235,16506.592507
4978.049000,10066.800811,7201.297681,15026.180623
4978.049314,7402.059420,7890.783629,12435.459826
4978.049629,3775.050304,8120.612279,9474.636058
4978.049943,-296.082377,7354.516781,7254.018232
4978.050257,-3478.967927,5362.668486,5551.544565
4978.050572,-7402.059420,3677.258390,4959.379811
4978.050886,-10436.903782,-306.438199,3849.070898
4978.051200,-11991.336260,-3524.039291,2738.761985
4978.051514,-11473.192101,-5286.058936,3256.906145
4978.051829,-8882.471304,-6358.592633,4885.359217
4978.052143,-5477.523971,-6052.154434,6513.812290
4978.052457,-888.247130,-4979.620737,7846.182985
4978.052771,2368.659014,-3217.601092,9474.636058
4978.053086,5255.462188,689.485948,12213.398043
4978.053400,8068.244768,2987.772442,14878.139434
4978.053714,10881.027347,4519.963438,16284.530724
4978.054029,11325.150913,5975.544884,16654.633695
4978.054343,10510.924376,6588.421283,16062.468941
4978.054657,8438.347739,7431.126331,13027.624579
4978.054971,5403.503377,6511.811733,9622.677246
4978.055286,1628.453072,7277.907231,8512.368333
4978.055600,-2442.679609,5975.544884,7105.977043
4978.055914,-6587.832884,2757.943793,5921.647536
4978.056229,-9622.677246,-842.705048,4515.256246
4978.056543,-11621.233289,-4060.306139,3923.091493
4978.056857,-12065.356855,-6818.249932,4293.194464
4978.057171,-9844.739029,-7124.688131,4145.153275
4978.057486,-6661.853478,-7277.907231,5403.503377
4978.057800,-2960.823768,-6281.983084,7772.162391
4978.058114,1554.432478,-3907.087040,9918.759623
4978.058429,4885.359217,-1225.752797,12213.398043
4978.058743,7105.977043,1149.143247,14582.057057
4978.059057,9400.615463,3447.429741,16284.530724
4978.059371,10658.965565,4519.963438,16136.489536
4978.059686,11177.109724,4903.011187,15470.304188
4978.060000,8808.450710,6358.592633,14656.077652
4978.060314,5255.462188,6894.859482,11325.150913
4978.060629,1850.514855,6511.811733,8068.244768
4978.060943,-2368.659014,5056.230287,5773.606348
4978.061257,-6661.853478,2834.553343,5107.421000
4978.061571,-9474.636058,-995.924147,3330.926739
4978.061886,-11621.233289,-3983.696590,2368.659014
4978.062200,-12435.459826,-5362.668486,3182.885551
4978.062514,-10955.047942,-6435.202183,3849.070898
4978.062829,-8142.265362,-7354.516781,4737.318029
4978.063143,-2368.659014,-6741.640382,7105.977043
4978.063457,1480.411884,-4519.963438,9548.656652
4978.063771,4737.318029,-2068.457845,12583.501014
4978.064086,7698.141797,459.657299,14434.015869
4978.064400,10362.883188,3294.210641,16284.530724
4978.064714,11843.295072,4673.182538,17172.777854
4978.065029,12287.418637,6052.154434,16580.613101
4978.065343,9326.594869,6741.640382,14804.118840
4978.065657,5625.565159,7124.688131,11621.233289
4978.065971,2516.700203,7201.297681,8586.388927
4978.066286,-1258.350101,5439.278036,6217.729913
4978.066600,-5181.441594,2834.553343,4663.297435
4978.066914,-9030.512492,689.485948,4219.173869
4978.067229,-11547.212695,-2145.067394,3849.070898
4978.067543,-11843.295072,-5286.058936,3182.885551
4978.067857,-10436.903782,-7048.078582,4515.256246
4978.068171,-7772.162391,-7967.393179,5255.462188
4978.068486,-3923.091493,-6511.811733,6883.915261
4978.068800,222.061783,-4060.306139,8586.388927
4978.069114,4145.153275,-1455.581446,11917.315666
4978.069429,7179.997637,1532.190996,14878.139434
4978.069743,9992.780217,4060.306139,16062.468941
4978.070057,12065.356855,5669.106685,15396.283594
4978.070371,11621.233289,6205.373534,14285.974681
4978.070686,10584.944971,6741.640382,14137.933492
4978.071000,7920.203579,8350.440928,12879.583391
4978.071314,4145.153275,8580.269578,10066.800811
4978.071628,-74.020594,7201.297681,7254.018232
4978.071943,-4663.297435,4749.792088,5255.462188
4978.072257,-8660.409521,1378.971896,4071.132681
4978.072571,-10584.944971,-1072.533697,3552.988522
4978.072886,-11621.233289,-4903.011187,2516.700203
4978.073200,-11251.130318,-7048.078582,3849.070898
4978.073514,-9252.574275,-7201.297681,5329.482782
4978.073828,-5625.565159,-6052.154434,7031.956449
4978.074143,-1480.411884,-4136.915689,8808.450710
4978.074457,2294.638420,-2451.505594,10732.986159
4978.074771,6143.709319,0.000000,14285.974681
4978.075086,9400.615463,2987.772442,15766.386565
4978.075400,11621.233289,5592.497135,15914.427753
4978.075714,11843.295072,7354.516781,15322.262999
4978.076028,11251.130318,8044.002729,15248.242405
4978.076343,7920.203579,8810.098227,13101.645173
4978.076657,4589.276840,8886.707777,10436.903782
4978.076971,740.205942,7124.688131,7105.977043
4978.077286,-4071.132681,4443.353888,5329.482782
4978.077600,-9030.512492,612.876398,4737.318029
4978.077914,-11399.171507,-1838.629195,3108.864956
4978.078228,-13101.645173,-4903.011187,2368.659014
4978.078543,-12213.398043,-7124.688131,3923.091493
4978.078857,-9918.759623,-7431.126331,5477.523971
4978.079171,-6661.853478,-6971.469032,6291.750507
4978.079486,-2220.617826,-5669.106685,9104.533087
4978.079800,1258.350101,-3600.648841,10510.924376
4978.080114,5033.400406,-995.924147,13693.809927
4978.080428,8216.285956,2145.067394,15840.407159
4978.080743,10732.986159,5056.230287,16506.592507
4978.081057,11325.150913,7048.078582,16284.530724
4978.081371,10362.883188,7354.516781,15100.201217
4978.081686,8882.471304,7354.516781,12435.459826
4978.082000,5107.421000,7584.345430,8956.491898
4978.082314,1036.288319,7048.078582,6735.874072
4978.082628,-3849.070898,5056.230287,6069.688724
4978.082943,-7402.059420,1838.629195,4811.338623
4978.083257,-10066.800811,-2221.676944,3923.091493
4978.083571,-11917.315666,-5362.668486,3256.906145
4978.083886,-11399.171507,-7431.126331,3330.926739
4978.084200,-9252.574275,-7737.564530,4737.318029
4978.084514,-6069.688724,-7201.297681,6883.915261
4978.084828,-1776.494261,-5439.278036,9252.574275
4978.085143,2590.720797,-3600.648841,11177.109724
4978.085457,6217.729913,-766.095498,13397.727550
4978.085771,9400.615463,2298.286494,15396.283594
4978.086086,11843.295072,4213.525239,15692.365970
4978.086400,12287.418637,5898.935335,15766.386565
4978.086714,12361.439231,7354.516781,15840.407159
4978.087028,9844.739029,7584.345430,13841.851115
4978.087343,6217.729913,7354.516781,10288.862594
4978.087657,1110.308913,6205.373534,7476.080014
4978.087971,-2812.782580,5362.668486,5847.626942
4978.088285,-6661.853478,2451.505594,4663.297435
4978.088600,-9696.697840,-1685.410096,2738.761985
4978.088914,-12361.439231,-4443.353888,2886.803174
4978.089228,-13323.706956,-6741.640382,3552.988522
4978.089543,-11399.171507,-7890.783629,4219.173869
4978.089857,-7920.203579,-6818.249932,5847.626942
4978.090171,-3849.070898,-6205.373534,8734.430116
4978.090485,1332.370696,-4213.525239,10658.965565
4978.090800,5403.503377,-919.314598,12065.356855
4978.091114,7846.182985,2068.457845,14952.160028
4978.091428,10955.047942,5286.058936,15840.407159
4978.091743,12435.459826,6894.859482,15914.427753
4978.092057,12953.603985,7890.783629,15544.324782
4978.092371,11103.089130,8733.488677,14285.974681
4978.092685,7328.038826,8427.050478,11325.150913
4978.093000,2886.803174,7277.907231,8364.327145
4978.093314,-1702.473667,6818.249932,5847.626942
4978.093628,-5699.585753,3677.258390,4959.379811
4978.093943,-9252.574275,-919.314598,3997.112087
4978.094257,-11917.315666,-3600.648841,3849.070898
4978.094571,-13249.686362,-6435.202183,3849.070898
4978.094885,-12213.398043,-7354.516781,4441.235652
4978.095200,-9918.759623,-7354.516781,5329.482782
4978.095514,-5773.606348,-6741.640382,7179.997637
4978.095828,-1110.308913,-3983.696590,9474.636058
4978.096143,1850.514855,-1608.800546,12361.439231
4978.096457,5403.503377,1685.410096,14952.160028
4978.096771,8364.327145,3983.696590,15692.365970
4978.097085,10584.944971,5898.935335,15988.448347
4978.097400,10955.047942,7431.126331,15026.180623
4978.097714,9326.594869,9116.536426,13767.830521
4978.098028,7254.018232,8427.050478,11029.068536
4978.098343,3923.091493,8427.050478,7920.203579
4978.098657,222.061783,7354.516781,6143.709319
4978.098971,-3775.050304,4443.353888,5551.544565
4978.099285,-7624.121203,766.095498,3849.070898
4978.099600,-10066.800811,-3064.381992,3256.906145
4978.099914,-10584.944971,-5515.887586,3997.112087
4978.100228,-10288.862594,-7354.516781,5477.523971
4978.100542,-7920.203579,-7124.688131,6735.874072
4978.100857,-4515.256246,-7201.297681,7105.977043
4978.101171,74.020594,-5286.058936,9252.574275
4978.101485,2738.761985,-2374.896044,12213.398043
4978.101800,5699.585753,76.609550,14582.057057
4978.102114,8512.368333,3217.601092,15692.365970
4978.102428,10362.883188,5286.058936,15988.448347
4978.102742,10362.883188,7124.688131,14878.139434
4978.103057,9474.636058,7048.078582,13249.686362
4978.103371,7550.100608,7660.954980,10584.944971
4978.103685,4293.194464,7354.516781,8882.471304
4978.103999,518.144159,5898.935335,6883.915261
4978.104314,-3404.947333,3294.210641,5921.647536
4978.104628,-6809.894666,0.000000,4811.338623
4978.104942,-9474.636058,-3217.601092,3701.029710
4978.105257,-10510.924376,-5745.716235,3849.070898
4978.105571,-9474.636058,-7584.345430,4663.297435
4978.105885,-6957.935855,-7660.954980,5921.647536
4978.106199,-3108.864956,-7201.297681,7624.121203
4978.106514,148.041188,-5209.449386,9622.677246
4978.106828,3330.926739,-2068.457845,11843.295072
4978.107142,6217.729913,536.266849,14063.912898
4978.107456,9178.553681,2834.553343,15692.365970
4978.107771,10140.821405,4519.963438,15544.324782
4978.108085,10362.883188,5822.325785,14211.954086
4978.108399,9178.553681,7354.516781,13545.768739
4978.108713,6069.688724,8580.269578,11769.274478
4978.109028,2516.700203,7660.954980,9178.553681
4978.109342,-1036.288319,5898.935335,7031.956449
4978.109656,-5033.400406,3294.210641,5625.565159
4978.109971,-8956.491898,0.000000,4293.194464
4978.110285,-11399.171507,-2604.724693,3404.947333
4978.110599,-12361.439231,-5975.544884,3256.906145
4978.110913,-10732.986159,-7124.688131,4589.276840
4978.111228,-8364.327145,-7507.735880,6143.709319
4978.111542,-5033.400406,-6818.249932,8216.285956
4978.111856,-888.247130,-4826.401637,9474.636058
4978.112170,2812.782580,-1991.848295,11399.171507
4978.112485,6365.771101,1225.752797,14285.974681
4978.112799,8290.306550,2911.162892,15100.201217
4978.113113,10436.903782,5209.449386,15396.283594
4978.113427,9918.759623,7354.516781,15322.262999
4978.113742,8512.368333,9806.022374,14804.118840
4978.114056,5773.606348,8810.098227,12287.418637
4978.114370,3404.947333,8120.612279,8956.491898
4978.114685,-666.185348,6052.154434,5773.606348
4978.114999,-5329.482782,4749.792088,5255.462188
4978.115313,-9252.574275,2068.457845,3627.009116
4978.115627,-11473.192101,-1762.019645,3182.885551
4978.115942,-11695.253884,-4519.963438,3552.988522
4978.116256,-10436.903782,-5975.544884,4589.276840
4978.116570,-7994.224174,-6741.640382,5403.503377
4978.116884,-4885.359217,-6205.373534,5847.626942
4978.117199,-222.061783,-4213.525239,7698.141797
4978.117513,4441.235652,-1302.362347,10881.027347
4978.117827,7772.162391,1378.971896,13989.892304
4978.118142,10140.821405,4290.134789,16432.571912
4978.118456,12139.377449,5362.668486,16580.613101
4978.118770,11621.233289,8427.050478,15396.283594
4978.119084,10881.027347,8044.002729,13545.768739
4978.119399,8512.368333,7660.954980,11917.315666
4978.119713,4515.256246,7507.735880,9548.656652
4978.120027,-148.041188,6741.640382,7328.038826
4978.120341,-4663.297435,4673.182538,5773.606348
4978.120656,-8808.450710,153.219100,4367.215058
4978.120970,-11547.212695,-3447.429741,4071.132681
4978.121284,-12435.459826,-5669.106685,4663.297435
4978.121598,-10881.027347,-7890.783629,4589.276840
4978.121913,-9326.594869,-8427.050478,5699.585753
4978.122227,-5699.585753,-7814.174080,7105.977043
4978.122541,-1776.494261,-5745.716235,9474.636058
4978.122856,3256.906145,-2987.772442,11325.150913
4978.123170,6957.935855,-459.657299,13027.624579
4978.123484,10066.800811,3370.820191,16432.571912
4978.123798,12213.398043,3217.601092,16950.716072
4978.124113,13027.624579,6818.249932,14656.077652
4978.124427,12065.356855,7507.735880,13397.727550
4978.124741,9548.656652,7431.126331,12213.398043
4978.125055,5107.421000,7584.345430,9770.718434
4978.125370,1406.391290,6588.421283,7179.997637
4978.125684,-3034.844362,4749.792088,5403.503377
4978.125998,-8068.244768,306.438199,4441.235652
4978.126313,-11399.171507,-3447.429741,3256.906145
4978.126627,-12805.562797,-4903.011187,3256.906145
4978.126941,-11547.212695,-6818.249932,4071.132681
4978.127255,-9474.636058,-8120.612279,5847.626942
4978.127570,-6365.771101,-7660.954980,7031.956449
4978.127884,-2294.638420,-6128.763984,8290.306550
4978.128198,1850.514855,-2757.943793,9918.759623
4978.128512,5329.482782,-1072.533697,11695.253884
4978.128827,8290.306550,2374.896044,15692.365970
4978.129141,11251.130318,3600.648841,17246.798449
4978.129455,11103.089130,7201.297681,16062.468941
4978.129769,9474.636058,7354.516781,14804.118840
4978.130084,7328.038826,6435.202183,13989.892304
4978.130398,4441.235652,6894.859482,11103.089130
4978.130712,0.000000,6435.202183,7402.059420
4978.131027,-4293.194464,5286.058936,5107.421000
4978.131341,-7772.162391,2298.286494,4885.359217
4978.131655,-11103.089130,-1225.752797,4367.215058
4978.131969,-11843.295072,-4136.915689,3182.885551
4978.132284,-11251.130318,-6511.811733,3923.091493
4978.132598,-9770.718434,-8120.612279,5477.523971
4978.132912,-6661.853478,-6894.859482,6735.874072
4978.133226,-2516.700203,-4979.620737,8512.368333
4978.133541,1850.514855,-2987.772442,10584.944971
4978.133855,5329.482782,76.609550,12139.377449
4978.134169,7920.203579,3140.991542,14582.057057
4978.134483,11621.233289,5209.449386,15840.407159
4978.134798,11325.150913,8350.440928,14952.160028
4978.135112,10807.006753,9116.536426,14063.912898
4978.135426,8808.450710,8656.879127,12953.603985
4978.135741,6365.771101,8580.269578,10510.924376
4978.136055,2368.659014,7124.688131,6957.935855
4978.136369,-1924.535449,7124.688131,5329.482782
4978.136683,-6069.688724,3600.648841,4737.318029
4978.136998,-9178.553681,-689.485948,4071.132681
4978.137312,-10807.006753,-4519.963438,3775.050304
4978.137626,-10732.986159,-6818.249932,4515.256246
4978.137940,-9474.636058,-7814.174080,5921.647536
4978.138255,-6883.915261,-7124.688131,6883.915261
4978.138569,-2516.700203,-5975.544884,9474.636058
4978.138883,1998.556043,-3447.429741,11251.130318
4978.139198,4959.379811,-1455.581446,12435.459826
4978.139512,7254.018232,2145.067394,14804.118840
4978.139826,10807.006753,3983.696590,15322.262999
4978.140140,10510.924376,7201.297681,14878.139434
4978.140455,9918.759623,7967.393179,14211.954086
4978.140769,8660.409521,8044.002729,13249.686362
4978.141083,5181.441594,6665.030833,10807.006753
4978.141397,1184.329507,5975.544884,7402.059420
4978.141712,-2812.782580,4749.792088,5329.482782
4978.142026,-7031.956449,2298.286494,4959.379811
4978.142340,-9326.594869,-842.705048,4293.194464
4978.142654,-10140.821405,-4519.963438,3923.091493
4978.142969,-9548.656652,-6818.249932,4441.235652
4978.143283,-8586.388927,-7354.516781,5773.606348
4978.143597,-6069.688724,-6818.249932,5995.668130
4978.143912,-2590.720797,-5362.668486,8734.430116
4978.144226,2146.597232,-3907.087040,10436.903782
4978.144540,5551.544565,-1762.019645,12805.562797
4978.144854,6883.915261,1302.362347,15692.365970
4978.145169,9696.697840,2451.505594,15322.262999
4978.145483,9622.677246,6894.859482,14211.954086
4978.145797,8364.327145,7737.564530,14582.057057
4978.146111,6735.874072,7660.954980,13915.871710
4978.146426,3923.091493,7660.954980,10584.944971
4978.146740,-518.144159,5286.058936,6957.935855
4978.147054,-4959.379811,4903.011187,4367.215058
4978.147369,-9104.533087,2757.943793,4811.338623
4978.147683,-10881.027347,-842.705048,4515.256246
4978.147997,-11251.130318,-3907.087040,4071.132681
4978.148311,-10288.862594,-6741.640382,5255.462188
4978.148626,-9474.636058,-9346.365076,6735.874072
4978.148940,-5625.565159,-7277.907231,6587.832884
4978.149254,-1406.391290,-5439.278036,8734.430116
4978.149568,3997.112087,-3064.381992,10955.047942
4978.149883,7550.100608,-842.705048,13175.665768
4978.150197,9918.759623,3064.381992,15322.262999
4978.150511,10584.944971,4366.744339,16432.571912
4978.150825,10807.006753,7584.345430,15470.304188
4978.151140,10066.800811,6894.859482,13619.789333
4978.151454,9622.677246,8733.488677,12361.439231
4978.151768,5551.544565,7737.564530,10732.986159
4978.152083,1110.308913,7431.126331,7772.162391
4978.152397,-3775.050304,5975.544884,4441.235652
4978.152711,-7550.100608,3370.820191,4219.173869
4978.153025,-10658.965565,306.438199,2812.782580
4978.153340,-11843.295072,-3294.210641,2442.679609
4978.153654,-11843.295072,-6741.640382,3775.050304
4978.153968,-9770.718434,-7201.297681,4811.338623
4978.154282,-7402.059420,-6435.202183,6439.791695
4978.154597,-3330.926739,-6741.640382,7994.224174
4978.154911,1850.514855,-3753.867940,9474.636058
4978.155225,5699.585753,-919.314598,12435.459826
4978.155539,9474.636058,1685.410096,15100.201217
4978.155854,10732.986159,4290.134789,16728.654289
4978.156168,12953.603985,6588.421283,15988.448347
4978.156482,12065.356855,7354.516781,14804.118840
4978.156797,10584.944971,9193.145976,13989.892304
4978.157111,7476.080014,7277.907231,11991.336260
4978.157425,3701.029710,7354.516781,8882.471304
4978.157739,-1332.370696,5592.497135,5995.668130
4978.158054,-5551.544565,3217.601092,4811.338623
4978.158368,-9474.636058,76.609550,3997.112087
4978.158682,-12065.356855,-3830.477490,3775.050304
4978.158996,-12657.521608,-6358.592633,4367.215058
4978.159311,-11399.171507,-8120.612279,4145.153275
4978.159625,-8734.430116,-8503.660028,6217.729913
4978.159939,-5107.421000,-6971.469032,7994.224174
4978.160254,-148.041188,-5362.668486,9326.594869
4978.160568,3701.029710,-3064.381992,11103.089130
4978.160882,7328.038826,1378.971896,14804.118840
4978.161196,9178.553681,2757.943793,17320.819043
4978.161511,11177.109724,5898.935335,15988.448347
4978.161825,11251.130318,6588.421283,15322.262999
4978.162139,9992.780217,8350.440928,14063.912898
4978.162453,7105.977043,8580.269578,12139.377449
4978.162768,3108.864956,7354.516781,8364.327145
4978.163082,-518.144159,6665.030833,5625.565159
4978.163396,-5403.503377,4213.525239,5033.400406
4978.163710,-9400.615463,1685.410096,4663.297435
4978.164025,-11547.212695,-2604.724693,2812.782580
4978.164339,-12213.398043,-6128.763984,3701.029710
4978.164653,-12065.356855,-8963.317327,4663.297435
4978.164968,-9622.677246,-8120.612279,5995.668130
4978.165282,-5033.400406,-7354.516781,7254.018232
4978.165596,0.000000,-4903.011187,8660.409521
4978.165910,4441.235652,-2604.724693,10955.047942
4978.166225,7920.203579,1838.629195,13915.871710
4978.166539,10732.986159,3447.429741,15840.407159
4978.166853,11991.336260,7277.907231,15026.180623
4978.167167,12139.377449,8120.612279,14582.057057
4978.167482,11325.150913,9116.536426,13841.851115
4978.167796,8290.306550,9346.365076,11843.295072
4978.168110,4515.256246,8044.002729,9622.677246
4978.168424,0.000000,6052.154434,6661.853478
4978.168739,-5107.421000,3600.648841,5551.544565
4978.169053,-8882.471304,842.705048,5107.421000
4978.169367,-11029.068536,-2911.162892,4589.276840
4978.169682,-12361.439231,-7124.688131,4219.173869
4978.169996,-11621.233289,-9269.755526,4515.256246
4978.170310,-10288.862594,-9269.755526,5625.565159
4978.170624,-6217.729913,-7814.174080,7550.100608
4978.170939,-1554.432478,-5515.887586,8734.430116
4978.171253,2590.720797,-3524.039291,10807.006753
4978.171567,6513.812290,536.266849,13767.830521
4978.171881,8512.368333,3447.429741,16432.571912
4978.172196,11177.109724,6435.202183,16210.510130
4978.172510,11103.089130,6511.811733,15470.304188
4978.172824,10881.027347,8503.660028,14359.995275
4978.173139,8512.368333,8120.612279,12213.398043
4978.173453,5403.503377,7890.783629,9770.718434
4978.173767,888.247130,6665.030833,6735.874072
4978.174081,-3256.906145,5132.839837,6735.874072
4978.174396,-6365.771101,2528.115143,4737.318029
4978.174710,-9030.512492,-1915.238745,2960.823768
4978.175024,-10214.842000,-5669.106685,3478.967927
4978.175338,-10066.800811,-7354.516781,3478.967927
4978.175653,-8142.265362,-7201.297681,4441.235652
4978.175967,-4737.318029,-6665.030833,6143.709319
4978.176281,-1184.329507,-4903.011187,8512.368333
4978.176595,2368.659014,-3294.210641,10881.027347
4978.176910,6587.832884,0.000000,13841.851115
4978.177224,7105.977043,1608.800546,15618.345376
4978.177538,9178.553681,4596.572988,16580.613101
4978.177853,9104.533087,5056.230287,15914.427753
4978.178167,8808.450710,7277.907231,14730.098246
4978.178481,7105.977043,7431.126331,12657.521608
4978.178795,3330.926739,7431.126331,9844.739029
4978.179110,-1332.370696,6665.030833,7105.977043
4978.179424,-4885.359217,4519.963438,5255.462188
4978.179738,-8068.244768,2911.162892,4515.256246
4978.180052,-10584.944971,-1608.800546,3552.988522
4978.180367,-11695.253884,-5362.668486,3701.029710
4978.180681,-11325.150913,-7201.297681,3997.112087
4978.180995,-8734.430116,-7201.297681,4885.359217
4978.181310,-4737.318029,-6741.640382,6661.853478
4978.181624,0.000000,-5515.887586,8808.450710
4978.181938,3923.091493,-3447.429741,11325.150913
4978.182252,8068.244768,-459.657299,13619.789333
4978.182567,9844.739029,3677.258390,15914.427753
4978.182881,11029.068536,5898.935335,16728.654289
4978.183195,11251.130318,6971.469032,16728.654289
4978.183509,11251.130318,8810.098227,15248.242405
4978.183824,9474.636058,9729.412825,12805.562797
4978.184138,5477.523971,9806.022374,9992.780217
4978.184452,-592.164754,8427.050478,6957.935855
4978.184766,-4515.256246,5975.544884,4737.318029
4978.185081,-8734.430116,3524.039291,3256.906145
4978.185395,-11769.274478,-689.485948,3182.885551
4978.185709,-13915.871710,-4979.620737,3552.988522
4978.186024,-13471.748144,-6741.640382,3330.926739
4978.186338,-11177.109724,-7967.393179,4441.235652
4978.186652,-7031.956449,-6818.249932,6735.874072
4978.186966,-2664.741391,-6741.640382,7994.224174
4978.187281,2294.638420,-4596.572988,10214.842000
4978.187595,6735.874072,-2145.067394,12731.542202
4978.187909,9252.574275,3524.039291,16210.510130
4978.188223,11843.295072,5669.106685,17690.922014
4978.188538,13027.624579,6128.763984,16506.592507
4978.188852,12509.480420,8197.221829,15026.180623
4978.189166,11103.089130,8733.488677,14211.954086
4978.189480,6735.874072,8733.488677,10732.986159
4978.189795,2072.576638,7124.688131,7698.141797
4978.190109,-2146.597232,5669.106685,5995.668130
4978.190423,-6291.750507,3447.429741,4737.318029
4978.190738,-9918.759623,-919.314598,3330.926739
4978.191052,-12361.439231,-5209.449386,2960.823768
4978.191366,-12065.356855,-7048.078582,3182.885551
4978.191680,-10658.965565,-8580.269578,4515.256246
4978.191995,-7105.977043,-7814.174080,5773.606348
4978.192309,-2368.659014,-7507.735880,7624.121203
4978.192623,1924.535449,-5439.278036,10214.842000
4978.192937,6513.812290,-2681.334243,12583.501014
4978.193252,8586.388927,689.485948,15100.201217
4978.193566,10288.862594,3677.258390,16728.654289
4978.193880,11473.192101,5286.058936,16950.716072
4978.194195,11547.212695,7048.078582,15396.283594
4978.194509,9400.615463,7354.516781,13767.830521
4978.194823,5699.585753,7737.564530,11547.212695
4978.195137,814.226536,7354.516781,8216.285956
4978.195452,-3182.885551,5592.497135,5995.668130
4978.195766,-7105.977043,2604.724693,4367.215058
4978.196080,-10807.006753,-919.314598,3552.988522
4978.196394,-12805.562797,-4826.401637,3182.885551
4978.196709,-13471.748144,-6818.249932,3108.864956
4978.197023,-11991.336260,-7431.126331,4515.256246
4978.197337,-7920.203579,-6971.469032,5847.626942
4978.197651,-2886.803174,-7124.688131,6513.812290
4978.197966,1998.556043,-4903.011187,9252.574275
4978.198280,5995.668130,-2604.724693,11547.212695
4978.198594,7994.224174,1762.019645,14878.139434
4978.198909,11029.068536,4749.792088,17024.736666
4978.199223,12213.398043,6588.421283,17024.736666
4978.199537,12657.521608,8044.002729,16506.592507
4978.199851,10362.883188,9729.412825,14952.160028
4978.200166,7105.977043,10189.070123,11917.315666
4978.200480,2368.659014,8197.221829,8216.285956
4978.200794,-2294.638420,6818.249932,5699.585753
4978.201108,-6069.688724,4673.182538,4885.359217
4978.201423,-9770.718434,1149.143247,3627.009116
4978.201737,-13027.624579,-2221.676944,2442.679609
4978.202051,-14211.954086,-5056.230287,2368.659014
4978.202365,-12509.480420,-7201.297681,2812.782580
4978.202680,-9252.574275,-7201.297681,3552.988522
4978.202994,-5107.421000,-6741.640382,5921.647536
4978.203308,-1332.370696,-5286.058936,8734.430116
4978.203622,3627.009116,-3217.601092,11843.295072
4978.203936,6661.853478,689.485948,15174.221811
4978.204251,9992.780217,3753.867940,17246.798449
4978.204565,11769.274478,5286.058936,16950.716072
4978.204879,12731.542202,6741.640382,15840.407159
4978.205193,11325.150913,8503.660028,14730.098246
4978.205508,8660.409521,9729.412825,12879.583391
4978.205822,4885.359217,8273.831378,9474.636058
4978.206136,444.123565,6435.202183,7105.977043
4978.206450,-4145.153275,4519.963438,5995.668130
4978.206765,-7772.162391,1532.190996,4959.379811
4978.207079,-10510.924376,-3064.381992,3849.070898
4978.207393,-11991.336260,-6511.811733,3182.885551
4978.207707,-10584.944971,-7890.783629,3997.112087
4978.208022,-8290.306550,-7737.564530,4737.318029
4978.208336,-5033.400406,-7507.735880,6143.709319
4978.208650,-740.205942,-5975.544884,8364.327145
4978.208964,4441.235652,-3983.696590,11695.253884
4978.209279,7254.018232,-306.438199,15100.201217
4978.209593,10362.883188,1762.019645,17394.839637
4978.209907,11399.171507,3830.477490,17542.880825
4978.210221,11177.109724,4979.620737,15840.407159
4978.210536,10732.986159,7048.078582,14656.077652
4978.210850,6957.935855,8886.707777,13249.686362
4978.211164,2812.782580,7584.345430,9548.656652
4978.211478,-740.205942,6741.640382,5921.647536
4978.211793,-5403.503377,5132.839837,4145.153275
4978.212107,-9400.615463,1685.410096,3330.926739
4978.212421,-12805.562797,-1225.752797,1702.473667
4978.212735,-13693.809927,-4903.011187,1924.535449
4978.213050,-12583.501014,-7124.688131,3478.967927
4978.213364,-10066.800811,-7890.783629,4737.318029
4978.213678,-7550.100608,-8580.269578,6217.729913
4978.213992,-2220.617826,-6358.592633,8438.347739
4978.214306,2960.823768,-3830.477490,11473.192101
4978.214621,6661.853478,-536.266849,14508.036463
4978.214935,9918.759623,1991.848295,16728.654289
4978.215249,11547.212695,4979.620737,17320.819043
4978.215563,12953.603985,7048.078582,17098.757260
4978.215878,12213.398043,9269.755526,16136.489536
4978.216192,9400.615463,9576.193725,13693.809927
4978.216506,5403.503377,8733.488677,9844.739029
4978.216820,1036.288319,7890.783629,7031.956449
4978.217135,-3404.947333,5515.887586,5625.565159
4978.217449,-8142.265362,3294.210641,3997.112087
4978.217763,-11769.274478,-766.095498,2664.741391
4978.218077,-13915.871710,-4979.620737,2664.741391
4978.218392,-13471.748144,-6588.421283,3701.029710
4978.218706,-11547.212695,-7967.393179,4293.194464
4978.219020,-8216.285956,-8427.050478,5107.421000
4978.219334,-3701.029710,-6894.859482,6661.853478
4978.219649,962.267725,-4366.744339,10288.862594
4978.219963,5773.606348,-612.876398,13175.665768
4978.220277,9252.574275,2451.505594,15766.386565
4978.220591,11843.295072,5439.278036,16950.716072
4978.220906,13249.686362,7354.516781,16580.613101
4978.221220,13545.768739,8886.707777,15174.221811
4978.221534,11177.109724,9806.022374,12731.542202
4978.221848,7476.080014,9499.584175,10510.924376
4978.222163,3330.926739,7967.393179,8364.327145
4978.222477,-740.205942,6281.983084,6439.791695
4978.222791,-5403.503377,3447.429741,4885.359217
4978.223105,-9474.636058,-383.047749,3997.112087
4978.223419,-11991.336260,-4443.353888,3775.050304
4978.223734,-12805.562797,-7124.688131,3775.050304
4978.224048,-10807.006753,-8656.879127,4885.359217
4978.224362,-7698.141797,-8120.612279,5625.565159
4978.224676,-3923.091493,-7354.516781,7105.977043
4978.224991,0.000000,-5209.449386,9770.718434
4978.225305,4219.173869,-2528.115143,11843.295072
4978.225619,7476.080014,1072.533697,14878.139434
4978.225933,9844.739029,3907.087040,16654.633695
4978.226248,11843.295072,6052.154434,16876.695478
4978.226562,12361.439231,7354.516781,15322.262999
4978.226876,10807.006753,8273.831378,13175.665768
4978.227190,7105.977043,8886.707777,10955.047942
4978.227505,2886.803174,7890.783629,8882.471304
4978.227819,-1332.370696,5975.544884,6291.750507
4978.228133,-5625.565159,3217.601092,4885.359217
4978.228447,-9622.677246,-612.876398,4219.173869
4978.228762,-12953.603985,-4290.134789,3627.009116
4978.229076,-12731.542202,-6128.763984,4145.153275
4978.229390,-11769.274478,-8503.660028,4145.153275
4978.229704,-8882.471304,-8273.831378,5995.668130
4978.230019,-4811.338623,-7737.564530,6957.935855
4978.230333,-148.041188,-5132.839837,8882.471304
4978.230647,3923.091493,-2221.676944,11547.212695
4978.230961,6735.874072,1225.752797,14137.933492
4978.231276,9104.533087,3677.258390,16210.510130
4978.231590,11547.212695,6511.811733,16284.530724
4978.231904,11251.130318,7431.126331,15248.242405
4978.232218,9696.697840,7967.393179,14137.933492
4978.232532,6439.791695,8427.050478,11177.109724
4978.232847,2368.659014,7890.783629,8882.471304
4978.233161,-1258.350101,6052.154434,7254.018232
4978.233475,-5329.482782,3753.867940,6217.729913
4978.233789,-8290.306550,383.047749,4737.318029
4978.234104,-11399.171507,-2604.724693,3627.009116
4978.234418,-11399.171507,-4903.011187,3627.009116
4978.234732,-9770.718434,-6665.030833,4219.173869
4978.235046,-7105.977043,-7431.126331,4737.318029
4978.235361,-3552.988522,-6665.030833,6809.894666
4978.235675,666.185348,-5209.449386,8512.368333
4978.235989,4663.297435,-1762.019645,11695.253884
4978.236303,6957.935855,842.705048,14137.933492
4978.236618,9326.594869,3294.210641,15692.365970
4978.236932,11177.109724,5056.230287,15914.427753
4978.237246,11251.130318,5975.544884,14804.118840
4978.237560,9474.636058,8044.002729,14285.974681
4978.237875,6439.791695,8580.269578,12361.439231
4978.238189,2960.823768,7890.783629,9326.594869
4978.238503,-666.185348,5515.887586,6735.874072
4978.238817,-4589.276840,2757.943793,5625.565159
4978.239132,-9030.512492,1225.752797,4811.338623
4978.239446,-11843.295072,-2221.676944,3775.050304
4978.239760,-12287.418637,-5209.449386,3849.070898
4978.240074,-11103.089130,-7354.516781,4663.297435
4978.240389,-8290.306550,-7507.735880,5625.565159
4978.240703,-4663.297435,-6894.859482,6661.853478
4978.241017,-148.041188,-4979.620737,7846.182985
4978.241331,3627.009116,-2987.772442,10510.924376
4978.241645,6809.894666,-766.095498,12731.542202
4978.241960,9622.677246,3524.039291,15692.365970
4978.242274,11251.130318,5209.449386,15618.345376
4978.242588,11843.295072,6894.859482,15322.262999
4978.242902,10214.842000,7890.783629,14359.995275
4978.243217,7624.121203,9116.536426,12879.583391
4978.243531,4663.297435,8273.831378,10140.821405
4978.243845,0.000000,5515.887586,7031.956449
4978.244159,-4515.256246,3370.820191,5921.647536
4978.244474,-8808.450710,1762.019645,5625.565159
4978.244788,-12065.356855,-1608.800546,4515.256246
4978.245102,-12657.521608,-5132.839837,3923.091493
4978.245416,-11769.274478,-6741.640382,4145.153275
4978.245731,-9696.697840,-7048.078582,5033.400406
4978.246045,-5773.606348,-6665.030833,5625.565159
4978.246359,-2294.638420,-5669.106685,7105.977043
4978.246673,1258.350101,-3524.039291,10955.047942
4978.246988,5255.462188,-383.047749,13915.871710
4978.247302,8068.244768,2451.505594,15248.242405
4978.247616,10362.883188,4443.353888,16358.551318
4978.247930,11177.109724,6435.202183,15840.407159
4978.248245,10140.821405,8503.660028,14656.077652
4978.248559,8364.327145,8886.707777,12731.542202
4978.248873,4885.359217,9039.926876,9474.636058
4978.249187,1184.329507,7507.735880,7772.162391
4978.249502,-2664.741391,5669.106685,6217.729913
4978.249816,-6365.771101,3907.087040,5107.421000
4978.250130,-9474.636058,0.000000,3627.009116
4978.250444,-11029.068536,-3677.258390,2886.803174
4978.250758,-10658.965565,-6052.154434,3552.988522
4978.251073,-9474.636058,-7354.516781,4441.235652
4978.251387,-6291.750507,-6435.202183,6069.688724
4978.251701,-2146.597232,-5822.325785,7846.182985
4978.252015,1776.494261,-4213.525239,10584.944971
4978.252330,5181.441594,-1149.143247,13323.706956
4978.252644,7328.038826,1685.410096,15248.242405
4978.252958,9326.594869,4290.134789,15248.242405
4978.253272,10658.965565,5822.325785,14582.057057
4978.253587,10510.924376,7431.126331,14656.077652
4978.253901,8734.430116,8656.879127,13767.830521
4978.254215,6143.709319,8273.831378,10584.944971
4978.254529,1924.535449,6894.859482,7846.182985
4978.254844,-2516.700203,5132.839837,6439.791695
4978.255158,-6143.709319,2604.724693,6069.688724
4978.255472,-8438.347739,153.219100,5033.400406
4978.255786,-10288.862594,-4519.963438,4515.256246
4978.256101,-11103.089130,-6741.640382,5477.523971
4978.256415,-9548.656652,-7890.783629,5699.585753
4978.256729,-6661.853478,-7507.735880,5995.668130
4978.257043,-2738.761985,-6358.592633,7550.100608
4978.257358,2220.617826,-4903.011187,10066.800811
4978.257672,5921.647536,-1225.752797,12657.521608
4978.257986,8438.347739,1225.752797,14878.139434
4978.258300,10510.924376,4443.353888,14878.139434
4978.258615,11251.130318,6052.154434,14730.098246
4978.258929,10955.047942,7201.297681,14211.954086
4978.259243,9178.553681,7967.393179,12583.501014
4978.259557,5625.565159,7201.297681,10436.903782
4978.259872,1554.432478,6741.640382,8290.306550
4978.260186,-1998.556043,4903.011187,6291.750507
4978.260500,-6291.750507,2911.162892,5477.523971
4978.260814,-10066.800811,-842.705048,4737.318029
4978.261128,-12139.377449,-3983.696590,4145.153275
4978.261443,-11991.336260,-5898.935335,4589.276840
4978.261757,-10066.800811,-7737.564530,5477.523971
4978.262071,-7179.997637,-7737.564530,6513.812290
4978.262385,-3330.926739,-6281.983084,7698.141797
4978.262700,1406.391290,-5132.839837,8956.491898
4978.263014,4441.235652,-1991.848295,12213.398043
4978.263328,7031.956449,689.485948,14508.036463
4978.263642,9474.636058,3677.258390,16062.468941
4978.263957,10584.944971,5209.449386,15618.345376
4978.264271,10510.924376,7354.516781,14730.098246
4978.264585,9252.574275,8503.660028,14211.954086
4978.264899,6513.812290,8350.440928,11399.171507
4978.265214,2368.659014,7507.735880,8068.244768
4978.265528,-1702.473667,5669.106685,6809.894666
4978.265842,-5995.668130,3983.696590,5625.565159
4978.266156,-9400.615463,995.924147,4071.132681
4978.266471,-11547.212695,-2145.067394,3256.906145
4978.266785,-11843.295072,-4903.011187,3330.926739
4978.267099,-9918.759623,-6741.640382,4145.153275
4978.267413,-8216.285956,-6052.154434,5551.544565
4978.267728,-4145.153275,-5975.544884,6513.812290
4978.268042,0.000000,-4443.353888,8512.368333
4978.268356,3849.070898,-2221.676944,11399.171507
4978.268670,6957.935855,919.314598,14211.954086
4978.268985,9178.553681,3677.258390,15766.386565
4978.269299,10362.883188,5439.278036,16062.468941
4978.269613,10584.944971,7354.516781,15618.345376
4978.269927,9770.718434,7814.174080,14730.098246
4978.270241,7328.038826,7660.954980,11695.253884
4978.270556,4219.173869,7354.516781,9030.512492
4978.270870,444.123565,6435.202183,8142.265362
4978.271184,-3552.988522,4213.525239,7402.059420
4978.271498,-7105.977043,689.485948,5477.523971
4978.271813,-9030.512492,-2298.286494,3997.112087
4978.272127,-10066.800811,-4749.792088,4737.318029
4978.272441,-9474.636058,-5592.497135,4293.194464
4978.272755,-7624.121203,-6894.859482,5329.482782
4978.273070,-4663.297435,-6818.249932,6365.771101
4978.273384,-1850.514855,-5439.278036,8808.450710
4978.273698,1776.494261,-3370.820191,10658.965565
4978.274012,5329.482782,-153.219100,12583.501014
4978.274327,7402.059420,2987.772442,14878.139434
4978.274641,9844.739029,4749.792088,14878.139434
4978.274955,10510.924376,6281.983084,13915.871710
4978.275269,9918.759623,7507.735880,13323.706956
4978.275584,7920.203579,8273.831378,11695.253884
4978.275898,4441.235652,7737.564530,8808.450710
4978.276212,962.267725,5975.544884,7254.018232
4978.276526,-2368.659014,4290.134789,6587.832884
4978.276841,-6439.791695,1685.410096,5699.585753
4978.277155,-9252.574275,-3064.381992,4737.318029
4978.277469,-11103.089130,-5132.839837,4589.276840
4978.277783,-10658.965565,-7277.907231,5033.400406
4978.278098,-8660.409521,-7737.564530,6513.812290
4978.278412,-6069.688724,-7354.516781,7328.038826
4978.278726,-3034.844362,-5745.716235,8586.388927
4978.279040,1036.288319,-3524.039291,11177.109724
4978.279354,4515.256246,-995.924147,13027.624579
4978.279669,7328.038826,1991.848295,15174.221811
4978.279983,9178.553681,4136.915689,15470.304188
4978.280297,9770.718434,6052.154434,14804.118840
4978.280611,8956.491898,7507.735880,13989.892304
4978.280926,7105.977043,7737.564530,11843.295072
4978.281240,4367.215058,7890.783629,9474.636058
4978.281554,444.123565,6665.030833,7328.038826
4978.281868,-3478.967927,4826.401637,5995.668130
4978.282183,-6883.915261,2068.457845,5551.544565
4978.282497,-9696.697840,-1072.533697,4885.359217
4978.282811,-10807.006753,-4290.134789,4441.235652
4978.283125,-10362.883188,-6205.373534,4293.194464
4978.283440,-8808.450710,-6128.763984,5551.544565
4978.283754,-6069.688724,-6205.373534,6439.791695
4978.284068,-1036.288319,-4673.182538,7105.977043
4978.284382,2368.659014,-2681.334243,9696.697840
4978.284697,5847.626942,306.438199,12953.603985
4978.285011,8142.265362,3140.991542,14804.118840
4978.285325,9844.739029,5209.449386,15470.304188
4978.285639,11029.068536,7048.078582,15396.283594
4978.285954,10362.883188,8427.050478,15100.201217
4978.286268,8290.306550,8120.612279,13619.789333
4978.286582,5181.441594,8503.660028,10510.924376
4978.286896,814.226536,6665.030833,7476.080014
4978.287211,-3478.967927,4749.792088,6069.688724
4978.287525,-6883.915261,2298.286494,5403.503377
4978.287839,-9696.697840,-536.266849,4515.256246
4978.288153,-11325.150913,-4366.744339,4219.173869
4978.288467,-10955.047942,-7201.297681,4811.338623
4978.288782,-8882.471304,-7354.516781,5773.606348
4978.289096,-5847.626942,-7048.078582,6217.729913
4978.289410,-1628.453072,-5822.325785,7920.203579
4978.289724,2960.823768,-3677.258390,9770.718434
4978.290039,6513.812290,-842.705048,12805.562797
4978.290353,9178.553681,2834.553343,15618.345376
4978.290667,10807.006753,5209.449386,16136.489536
4978.290981,11843.295072,6358.592633,15174.221811
4978.291296,11843.295072,7507.735880,13767.830521
4978.291610,9770.718434,7890.783629,12213.398043
4978.291924,5847.626942,7660.954980,9622.677246
4978.292238,1554.432478,6052.154434,7105.977043
4978.292553,-2960.823768,4290.134789,5995.668130
4978.292867,-7698.141797,1608.800546,5699.585753
4978.293181,-11177.109724,-2221.676944,5033.400406
4978.293495,-12879.583391,-5515.887586,4293.194464
4978.293810,-12583.501014,-8197.221829,4737.318029
4978.294124,-10955.047942,-9269.755526,5699.585753
4978.294438,-7772.162391,-8580.269578,6883.915261
4978.294752,-3404.947333,-6894.859482,7994.224174
4978.295067,1406.391290,-3830.477490,9918.759623
4978.295381,5403.503377,-1302.362347,12287.418637
4978.295695,8290.306550,1532.190996,14434.015869
4978.296009,10510.924376,3907.087040,14952.160028
4978.296324,11991.336260,5515.887586,15396.283594
4978.296638,11843.295072,7431.126331,15322.262999
4978.296952,9992.780217,7584.345430,13915.871710
4978.297266,6661.853478,7354.516781,11843.295072
4978.297580,2220.617826,7048.078582,8956.491898
4978.297895,-2368.659014,5439.278036,7031.956449
4978.298209,-6291.750507,2834.553343,5255.462188
4978.298523,-9178.553681,-689.485948,3923.091493
4978.298837,-11843.295072,-3217.601092,3775.050304
4978.299152,-12805.562797,-4903.011187,4589.276840
4978.299466,-11251.130318,-6894.859482,4589.276840
4978.299780,-8364.327145,-7354.516781,4737.318029
4978.300094,-4663.297435,-6511.811733,6439.791695
4978.300409,-222.061783,-3677.258390,8808.450710
4978.300723,3775.050304,-1225.752797,10732.986159
4978.301037,6809.894666,1378.971896,13249.686362
4978.301351,8660.409521,4596.572988,15248.242405
4978.301666,9992.780217,6741.640382,15914.427753
4978.301980,10510.924376,8120.612279,14804.118840
4978.302294,10140.821405,9116.536426,13471.748144
4978.302609,7328.038826,8503.660028,11621.233289
4978.302923,4293.194464,8044.002729,9104.533087
4978.303237,148.041188,7354.516781,7179.997637
4978.303551,-3849.070898,4519.963438,6291.750507
4978.303866,-7698.141797,1225.752797,5403.503377
4978.304180,-10584.944971,-2757.943793,4515.256246
4978.304494,-11177.109724,-5209.449386,4441.235652
4978.304808,-10584.944971,-7354.516781,5107.421000
4978.305123,-8586.388927,-7354.516781,5847.626942
4978.305437,-4959.379811,-7277.907231,7105.977043
4978.305751,-888.247130,-5209.449386,9770.718434
4978.306066,2886.803174,-2145.067394,11843.295072
4978.306380,5699.585753,306.438199,14211.954086
4978.306694,8660.409521,2911.162892,15396.283594
4978.307008,10658.965565,5362.668486,14211.954086
4978.307323,11177.109724,7660.954980,14508.036463
4978.307637,9770.718434,8733.488677,13175.665768
4978.307951,7105.977043,8197.221829,11621.233289
4978.308265,4219.173869,7431.126331,9474.636058
4978.308580,518.144159,6128.763984,6809.894666
4978.308894,-3404.947333,3907.087040,5403.503377
4978.309208,-7254.018232,76.609550,5107.421000
4978.309522,-9770.718434,-1915.238745,4589.276840
4978.309837,-10510.924376,-4979.620737,4293.194464
4978.310151,-10288.862594,-8044.002729,3701.029710
4978.310465,-8216.285956,-8733.488677,5625.565159
4978.310780,-5329.482782,-7507.735880,7476.080014
4978.311094,-888.247130,-5439.278036,8882.471304
4978.311408,3034.844362,-3064.381992,11029.068536
4978.311722,5773.606348,-536.266849,14063.912898
4978.312037,8438.347739,1991.848295,15248.242405
4978.312351,10140.821405,5362.668486,14582.057057
4978.312665,10584.944971,7277.907231,13767.830521
4978.312979,8956.491898,8120.612279,13841.851115
4978.313294,6513.812290,8044.002729,12731.542202
4978.313608,3256.906145,7048.078582,9622.677246
4978.313922,-888.247130,4979.620737,6661.853478
4978.314236,-4589.276840,3217.601092,5995.668130
4978.314551,-8734.430116,383.047749,5329.482782
4978.314865,-10732.986159,-3064.381992,4589.276840
4978.315179,-11695.253884,-5592.497135,4811.338623
4978.315494,-10658.965565,-7890.783629,5329.482782
4978.315808,-8734.430116,-7967.393179,6217.729913
4978.316122,-5255.462188,-7660.954980,6735.874072
4978.316436,-1036.288319,-4903.011187,8364.327145
4978.316751,3478.967927,-1762.019645,10807.006753
4978.317065,6957.935855,153.219100,13027.624579
4978.317379,9474.636058,4060.306139,15766.386565
4978.317693,10658.965565,6358.592633,15100.201217
4978.318008,11029.068536,7660.954980,13915.871710
4978.318322,10066.800811,9422.974625,13101.645173
4978.318636,7624.121203,9729.412825,12213.398043
4978.318951,4515.256246,8580.269578,9252.574275
4978.319265,222.061783,6281.983084,6735.874072
4978.319579,-4515.256246,4903.011187,6069.688724
4978.319893,-8216.285956,2298.286494,5699.585753
4978.320208,-10214.842000,-2604.724693,4885.359217
4978.320522,-11399.171507,-4749.792088,4071.132681
4978.320836,-10732.986159,-7277.907231,4589.276840
4978.321150,-8882.471304,-7737.564530,5699.585753
4978.321465,-5477.523971,-6818.249932,6809.894666
4978.321779,-888.247130,-4903.011187,7920.203579
4978.322093,3997.112087,-2451.505594,10955.047942
4978.322407,7254.018232,459.657299,14582.057057
4978.322722,10140.821405,3524.039291,15840.407159
4978.323036,11843.295072,5362.668486,15470.304188
4978.323350,12213.398043,6435.202183,14211.954086
4978.323665,11251.130318,8427.050478,13989.892304
4978.323979,8882.471304,9576.193725,12287.418637
4978.324293,5255.462188,8503.660028,9548.656652
4978.324607,592.164754,6511.811733,7105.977043
4978.324922,-4293.194464,4136.915689,6143.709319
4978.325236,-7994.224174,1838.629195,5551.544565
4978.325550,-10807.006753,-1762.019645,3701.029710
4978.325864,-12435.459826,-5439.278036,2590.720797
4978.326179,-12435.459826,-7890.783629,3997.112087
4978.326493,-10140.821405,-8044.002729,4811.338623
4978.326807,-6883.915261,-7354.516781,6069.688724
4978.327122,-2368.659014,-6511.811733,7550.100608
4978.327436,2072.576638,-4596.572988,10510.924376
4978.327750,6069.688724,-1378.971896,12805.562797
4978.328064,8882.471304,2298.286494,15322.262999
4978.328379,11251.130318,4749.792088,16432.571912
4978.328693,11991.336260,6205.373534,15692.365970
4978.329007,11325.150913,7431.126331,14656.077652
4978.329321,8660.409521,7890.783629,13249.686362
4978.329636,4441.235652,7431.126331,10807.006753
4978.329950,222.061783,5975.544884,7772.162391
4978.330264,-4441.235652,3677.258390,6365.771101
4978.330578,-8290.306550,1532.190996,5699.585753
4978.330893,-11177.109724,-1762.019645,4441.235652
4978.331207,-12953.603985,-4826.401637,3108.864956
4978.331521,-12879.583391,-7124.688131,3330.926739
4978.331836,-10214.842000,-7431.126331,4811.338623
4978.332150,-7105.977043,-7048.078582,5477.523971
4978.332464,-2738.761985,-6435.202183,7698.141797
4978.332778,2072.576638,-4826.401637,9696.697840
4978.333093,5921.647536,-1762.019645,12805.562797
4978.333407,8586.388927,1378.971896,15322.262999
4978.333721,11399.171507,4443.353888,16136.489536
4978.334035,11991.336260,6818.249932,16284.530724
4978.334350,11917.315666,7814.174080,15692.365970
4978.334664,10066.800811,8580.269578,13323.706956
4978.334978,7031.956449,8350.440928,10807.006753
4978.335292,3108.864956,8120.612279,8364.327145
4978.335607,-1184.329507,6511.811733,6661.853478
4978.335921,-6291.750507,3524.039291,5255.462188
4978.336235,-9474.636058,0.000000,4145.153275
4978.336550,-11991.336260,-2681.334243,3404.947333
4978.336864,-13397.727550,-5822.325785,3701.029710
4978.337178,-11695.253884,-7660.954980,3849.070898
4978.337492,-8882.471304,-7660.954980,5329.482782
4978.337807,-5033.400406,-6971.469032,7698.141797
4978.338121,-740.205942,-5286.058936,9178.553681
4978.338435,2960.823768,-1838.629195,11991.336260
4978.338749,6217.729913,306.438199,14285.974681
4978.339064,10214.842000,4749.792088,15988.448347
4978.339378,12065.356855,6818.249932,15692.365970
4978.339692,12287.418637,7737.564530,15396.283594
4978.340007,11473.192101,8580.269578,13471.748144
4978.340321,8956.491898,8963.317327,11325.150913
4978.340635,4959.379811,9116.536426,9030.512492
4978.340949,444.123565,7890.783629,7624.121203
4978.341264,-4293.194464,4826.401637,6217.729913
4978.341578,-7994.224174,153.219100,4589.276840
4978.341892,-10658.965565,-3064.381992,3478.967927
4978.342206,-12213.398043,-5898.935335,3627.009116
4978.342521,-11473.192101,-7354.516781,4515.256246
4978.342835,-8882.471304,-7967.393179,6069.688724
4978.343149,-5625.565159,-7507.735880,7994.224174
4978.343463,-888.247130,-5515.887586,8956.491898
4978.343778,2960.823768,-3217.601092,10140.821405
4978.344092,5921.647536,0.000000,12731.542202
4978.344406,8882.471304,4136.915689,15470.304188
4978.344721,11547.212695,6128.763984,15988.448347
4978.345035,12287.418637,6588.421283,15914.427753
4978.345349,11103.089130,8197.221829,14285.974681
4978.345663,8808.450710,8810.098227,11917.315666
4978.345978,4145.153275,8427.050478,8512.368333
4978.346292,-296.082377,5822.325785,6143.709319
4978.346606,-4663.297435,3217.601092,6439.791695
4978.346920,-8586.388927,0.000000,5551.544565
4978.347235,-11843.295072,-3677.258390,4589.276840
4978.347549,-13101.645173,-6818.249932,4367.215058
4978.347863,-12435.459826,-8350.440928,4071.132681
4978.348178,-10658.965565,-8427.050478,5107.421000
4978.348492,-6069.688724,-7584.345430,6439.791695
4978.348806,-1110.308913,-6052.154434,8586.388927
4978.349120,2516.700203,-2987.772442,10732.986159
4978.349435,5847.626942,612.876398,13619.789333
4978.349749,8512.368333,3830.477490,15840.407159
4978.350063,10955.047942,5209.449386,16432.571912
4978.350377,12139.377449,6435.202183,15470.304188
4978.350692,11029.068536,9193.145976,14359.995275
4978.351006,9030.512492,9193.145976,12287.418637
4978.351320,5181.441594,8733.488677,8734.430116
4978.351634,518.144159,6894.859482,6513.812290
4978.351949,-4293.194464,5209.449386,5995.668130
4978.352263,-8068.244768,1685.410096,5107.421000
4978.352577,-10955.047942,-2451.505594,3404.947333
4978.352892,-11991.336260,-5898.935335,3330.926739
4978.353206,-12213.398043,-8120.612279,3997.112087
4978.353520,-10288.862594,-7890.783629,5329.482782
4978.353834,-6809.894666,-7431.126331,7031.956449
4978.354149,-2220.617826,-5898.935335,8882.471304
4978.354463,1850.514855,-3294.210641,11029.068536
4978.354777,5329.482782,153.219100,13323.706956
4978.355091,7846.182985,3370.820191,14730.098246
4978.355406,9918.759623,5439.278036,15026.180623
4978.355720,11399.171507,7354.516781,15544.324782
4978.356034,11251.130318,9039.926876,14434.015869
4978.356349,8808.450710,9346.365076,12287.418637
4978.356663,5181.441594,8273.831378,9696.697840
4978.356977,1184.329507,7354.516781,7772.162391
4978.357291,-3256.906145,5132.839837,6291.750507
4978.357606,-7179.997637,1455.581446,5403.503377
4978.357920,-9548.656652,-3064.381992,4663.297435
4978.358234,-11103.089130,-5669.106685,5181.441594
4978.358548,-10658.965565,-7431.126331,5329.482782
4978.358863,-8660.409521,-7584.345430,5107.421000
4978.359177,-5477.523971,-7048.078582,6883.915261
4978.359491,-814.226536,-5592.497135,8512.368333
4978.359805,3330.926739,-2221.676944,10066.800811
4978.360120,6883.915261,153.219100,12213.398043
4978.360434,8808.450710,2911.162892,14211.954086
4978.360748,11103.089130,4826.401637,16358.551318
4978.361063,11843.295072,7048.078582,15766.386565
4978.361377,11029.068536,8273.831378,13693.809927
4978.361691,8290.306550,8197.221829,11695.253884
4978.362005,4367.215058,8273.831378,9474.636058
4978.362320,74.020594,7354.516781,6883.915261
4978.362634,-3775.050304,4826.401637,6143.709319
4978.362948,-7772.162391,1149.143247,5107.421000
4978.363262,-11103.089130,-2528.115143,4367.215058
4978.363577,-12213.398043,-5592.497135,4219.173869
4978.363891,-11991.336260,-7277.907231,4663.297435
4978.364205,-9918.759623,-7814.174080,5773.606348
4978.364519,-6291.750507,-7814.174080,7105.977043
4978.364834,-1406.391290,-6588.421283,8142.265362
4978.365148,2516.700203,-3830.477490,10288.862594
4978.365462,5773.606348,-1455.581446,13841.851115
4978.365777,8882.471304,2145.067394,16136.489536
4978.366091,10584.944971,4903.011187,16580.613101
4978.366405,11473.192101,6205.373534,16062.468941
4978.366719,10584.944971,7584.345430,15100.201217
4978.367034,7846.182985,8273.831378,12953.603985
4978.367348,4441.235652,8044.002729,9696.697840
4978.367662,-296.082377,7124.688131,7550.100608
4978.367976,-4441.235652,4903.011187,5921.647536
4978.368291,-7920.203579,1991.848295,4885.359217
4978.368605,-11177.109724,-1838.629195,3330.926739
4978.368919,-12731.542202,-4366.744339,3108.864956
4978.369234,-12435.459826,-6741.640382,3404.947333
4978.369548,-10436.903782,-7737.564530,4145.153275
4978.369862,-7031.956449,-7507.735880,5551.544565
4978.370176,-2738.761985,-6205.373534,7846.182985
4978.370491,1554.432478,-3753.867940,10214.842000
4978.370805,5551.544565,-919.314598,12805.562797
4978.371119,8734.430116,1991.848295,14656.077652
4978.371433,11103.089130,4443.353888,16432.571912
4978.371748,12435.459826,6971.469032,15766.386565
4978.372062,12139.377449,8886.707777,14434.015869
4978.372376,9696.697840,8733.488677,13101.645173
4978.372690,6587.832884,8886.707777,10955.047942
4978.373005,2442.679609,7584.345430,8216.285956
4978.373319,-1628.453072,5209.449386,6439.791695
4978.373633,-5921.647536,2451.505594,5773.606348
4978.373948,-9770.718434,-1608.800546,4811.338623
4978.374262,-11695.253884,-4519.963438,4293.194464
4978.374576,-11917.315666,-6741.640382,4441.235652
4978.374890,-10436.903782,-7737.564530,4811.338623
4978.375205,-7550.100608,-7890.783629,5773.606348
4978.375519,-3478.967927,-6358.592633,7550.100608
4978.375833,1702.473667,-3983.696590,9770.718434
4978.376147,5625.565159,-995.924147,12065.356855
4978.376462,8512.368333,2604.724693,14359.995275
4978.376776,10658.965565,4673.182538,15618.345376
4978.377090,11991.336260,7124.688131,15174.221811
4978.377405,12287.418637,8580.269578,13841.851115
4978.377719,10362.883188,8963.317327,12435.459826
4978.378033,6809.894666,9193.145976,10140.821405
4978.378347,2590.720797,8197.221829,7846.182985
4978.378662,-2220.617826,5975.544884,6587.832884
4978.378976,-6143.709319,3140.991542,6069.688724
4978.379290,-10140.821405,-76.609550,4737.318029
4978.379604,-11769.274478,-4290.134789,3627.009116
4978.379919,-12509.480420,-6971.469032,3330.926739
4978.380233,-11251.130318,-7584.345430,4367.215058
4978.380547,-8512.368333,-7507.735880,5847.626942
4978.380861,-4441.235652,-6435.202183,7772.162391
4978.381176,0.000000,-4673.182538,9918.759623
4978.381490,4293.194464,-2451.505594,12435.459826
4978.381804,7402.059420,612.876398,14656.077652
4978.382119,9548.656652,3753.867940,17246.798449
4978.382433,11103.089130,5439.278036,16432.571912
4978.382747,11103.089130,6665.030833,14804.118840
4978.383061,9030.512492,8350.440928,14211.954086
4978.383376,5477.523971,9039.926876,11325.150913
4978.383690,2146.597232,8580.269578,7920.203579
4978.384004,-1850.514855,5822.325785,6291.750507
4978.384318,-5625.565159,3140.991542,5403.503377
4978.384633,-9770.718434,0.000000,4145.153275
4978.384947,-11621.233289,-3907.087040,3330.926739
4978.385261,-12361.439231,-6358.592633,3108.864956
4978.385576,-11103.089130,-7660.954980,4219.173869
4978.385890,-8216.285956,-7354.516781,5699.585753
4978.386204,-3478.967927,-6358.592633,7105.977043
4978.386518,962.267725,-4749.792088,9252.574275
4978.386833,5033.400406,-2834.553343,11621.233289
4978.387147,8290.306550,766.095498,14656.077652
4978.387461,10362.883188,4673.182538,16506.592507
4978.387775,11843.295072,6205.373534,16506.592507
4978.388090,11991.336260,7048.078582,14952.160028
4978.388404,10436.903782,8503.660028,13767.830521
4978.388718,7105.977043,8963.317327,11103.089130
4978.389032,2442.679609,8273.831378,7994.224174
4978.389347,-1998.556043,5286.058936,6069.688724
4978.389661,-6143.709319,2528.115143,5551.544565
4978.389975,-9770.718434,-229.828649,4737.318029
4978.390290,-12435.459826,-3753.867940,3627.009116
4978.390604,-13249.686362,-6435.202183,3849.070898
4978.390918,-10807.006753,-7814.174080,3997.112087
4978.391232,-7994.224174,-7124.688131,5255.462188
4978.391547,-3701.029710,-7124.688131,7105.977043
4978.391861,1554.432478,-5132.839837,9474.636058
4978.392175,5625.565159,-2221.676944,11991.336260
4978.392489,9400.615463,1378.971896,14211.954086
4978.392804,11843.295072,4596.572988,16506.592507
4978.393118,13767.830521,6435.202183,16210.510130
4978.393432,14211.954086,7201.297681,14508.036463
4978.393746,11991.336260,8810.098227,14434.015869
4978.394061,8364.327145,8963.317327,11843.295072
4978.394375,3923.091493,7890.783629,9770.718434
4978.394689,-1184.329507,5056.230287,7402.059420
4978.395004,-6365.771101,2757.943793,6365.771101
4978.395318,-10584.944971,-229.828649,4737.318029
4978.395632,-12879.583391,-3753.867940,3404.947333
4978.395946,-14878.139434,-5898.935335,3330.926739
4978.396261,-14359.995275,-7431.126331,3701.029710
4978.396575,-10955.047942,-7890.783629,3923.091493
4978.396889,-7031.956449,-6588.421283,5551.544565
4978.397203,-2220.617826,-5439.278036,8808.450710
4978.397518,2886.803174,-3217.601092,11399.171507
4978.397832,6661.853478,-383.047749,13619.789333
4978.398146,9252.574275,3447.429741,15618.345376
4978.398461,11843.295072,6205.373534,16876.695478
4978.398775,12731.542202,6818.249932,15544.324782
4978.399089,12287.418637,8350.440928,14434.015869
4978.399403,9918.759623,9806.022374,13323.706956
4978.399718,5847.626942,9269.755526,10362.883188
4978.400032,1332.370696,6894.859482,7105.977043
4978.400346,-2220.617826,4673.182538,4959.379811
4978.400660,-7105.977043,2298.286494,4885.359217
4978.400975,-10436.903782,-1225.752797,3701.029710
4978.401289,-12583.501014,-5132.839837,3849.070898
4978.401603,-13027.624579,-7354.516781,3478.967927
4978.401917,-10955.047942,-7737.564530,4885.359217
4978.402232,-7476.080014,-8120.612279,6365.771101
4978.402546,-3478.967927,-7201.297681,8068.244768
4978.402860,1036.288319,-3600.648841,10807.006753
4978.403174,3849.070898,-1149.143247,12731.542202
4978.403489,6809.894666,1838.629195,15026.180623
4978.403803,10066.800811,4903.011187,16284.530724
4978.404117,11547.212695,7354.516781,15396.283594
4978.404432,11251.130318,9039.926876,14211.954086
4978.404746,9696.697840,9806.022374,12065.356855
4978.405060,7402.059420,8886.707777,9696.697840
4978.405374,3701.029710,7354.516781,7476.080014
4978.405689,-666.185348,5362.668486,6661.853478
4978.406003,-5107.421000,2604.724693,6365.771101
4978.406317,-8882.471304,-1455.581446,4737.318029
4978.406631,-10732.986159,-5209.449386,4219.173869
4978.406946,-10955.047942,-7890.783629,4811.338623
4978.407260,-9474.636058,-8044.002729,6069.688724
4978.407574,-6143.709319,-7201.297681,7328.038826
4978.407888,-3627.009116,-5975.544884,8364.327145
4978.408203,444.123565,-4519.963438,10140.821405
4978.408517,4219.173869,-1532.190996,12213.398043
4978.408831,7105.977043,2604.724693,14656.077652
4978.409145,9622.677246,5132.839837,15248.242405
4978.409460,10881.027347,6971.469032,14211.954086
4978.409774,10881.027347,8503.660028,13619.789333
4978.410088,9326.594869,9499.584175,12361.439231
4978.410402,6513.812290,9729.412825,10436.903782
4978.410717,2664.741391,7124.688131,7105.977043
4978.411031,-1702.473667,4903.011187,5995.668130
4978.411345,-5995.668130,2528.115143,5921.647536
4978.411659,-8956.491898,-1225.752797,5403.503377
4978.411974,-11103.089130,-4903.011187,4589.276840
4978.412288,-11621.233289,-7814.174080,4589.276840
4978.412602,-10288.862594,-7967.393179,5699.585753
4978.412916,-7105.977043,-6818.249932,7624.121203
4978.413231,-3182.885551,-6588.421283,8438.347739
4978.413545,1036.288319,-4519.963438,9918.759623
4978.413859,4367.215058,-1838.629195,11325.150913
4978.414174,7105.977043,2451.505594,13767.830521
4978.414488,9178.553681,5362.668486,14878.139434
4978.414802,9844.739029,6971.469032,15026.180623
4978.415116,9400.615463,9269.755526,14656.077652
4978.415431,7476.080014,8810.098227,12879.583391
4978.415745,4811.338623,8197.221829,10436.903782
4978.416059,1110.308913,6281.983084,7624.121203
4978.416373,-3404.947333,4673.182538,6883.915261
4978.416688,-6809.894666,2451.505594,5921.647536
4978.417002,-9326.594869,-1149.143247,4885.359217
4978.417316,-11547.212695,-4903.011187,4293.194464
4978.417630,-11917.315666,-6971.469032,4145.153275
4978.417945,-9400.615463,-7660.954980,4515.256246
4978.418259,-6291.750507,-7048.078582,6513.812290
4978.418573,-2146.597232,-5822.325785,8142.265362
4978.418887,2146.597232,-4366.744339,9992.780217
4978.419202,5255.462188,-1455.581446,12065.356855
4978.419516,7476.080014,1991.848295,14359.995275
4978.419830,9844.739029,5286.058936,15544.324782
4978.420144,10362.883188,6894.859482,15026.180623
4978.420459,10140.821405,7814.174080,14285.974681
4978.420773,8734.430116,9116.536426,13323.706956
4978.421087,5847.626942,8350.440928,10510.924376
4978.421401,2146.597232,6971.469032,7550.100608
4978.421716,-2220.617826,5209.449386,6291.750507
4978.422030,-5477.523971,3370.820191,5699.585753
4978.422344,-8734.430116,-76.609550,4737.318029
4978.422658,-10807.006753,-4290.134789,4367.215058
4978.422973,-11251.130318,-7277.907231,4367.215058
4978.423287,-9770.718434,-7737.564530,4885.359217
4978.423601,-6957.935855,-7201.297681,6513.812290
4978.423916,-2590.720797,-6818.249932,8438.347739
4978.424230,1776.494261,-5056.230287,10510.924376
4978.424544,5255.462188,-2451.505594,12139.377449
4978.424858,8216.285956,1915.238745,13989.892304
4978.425173,9770.718434,4519.963438,15100.201217
4978.425487,11399.171507,6665.030833,14730.098246
4978.425801,11547.212695,8427.050478,13989.892304
4978.426115,9992.780217,9269.755526,13175.665768
4978.426430,7105.977043,8733.488677,11029.068536
4978.426744,3108.864956,7660.954980,7920.203579
4978.427058,-740.205942,5515.887586,5995.668130
4978.427372,-5107.421000,3753.867940,5477.523971
4978.427687,-9030.512492,-689.485948,5107.421000
4978.428001,-11325.150913,-4519.963438,4293.194464
4978.428315,-11917.315666,-7124.688131,4589.276840
4978.428629,-11251.130318,-8044.002729,5477.523971
4978.428944,-8216.285956,-7431.126331,6291.750507
4978.429258,-4515.256246,-7660.954980,7994.224174
4978.429572,-296.082377,-5669.106685,9844.739029
4978.429886,4071.132681,-2987.772442,10807.006753
4978.430201,6883.915261,842.705048,13027.624579
4978.430515,8882.471304,4443.353888,14878.139434
4978.430829,10584.944971,6665.030833,15026.180623
4978.431143,10658.965565,8580.269578,14508.036463
4978.431458,9548.656652,9806.022374,13545.768739
4978.431772,6365.771101,8886.707777,11473.192101
4978.432086,2368.659014,7201.297681,9474.636058
4978.432400,-1702.473667,5592.497135,7698.141797
4978.432715,-5551.544565,3217.601092,5847.626942
4978.433029,-9474.636058,-689.485948,5033.400406
4978.433343,-11695.253884,-3983.696590,4663.297435
4978.433658,-12139.377449,-5439.278036,4219.173869
4978.433972,-11029.068536,-7124.688131,4737.318029
4978.434286,-7772.162391,-7660.954980,5255.462188
4978.434600,-4071.132681,-7354.516781,7328.038826
4978.434915,518.144159,-5669.106685,9474.636058
4978.435229,4367.215058,-2374.896044,11251.130318
4978.435543,6809.894666,306.438199,13619.789333
4978.435857,9474.636058,3600.648841,16136.489536
4978.436172,11325.150913,7048.078582,15618.345376
4978.436486,11473.192101,8886.707777,14656.077652
4978.436800,9918.759623,9652.803275,12731.542202
4978.437114,6587.832884,9193.145976,11103.089130
4978.437429,2738.761985,8503.660028,9178.553681
4978.437743,-1702.473667,7277.907231,6661.853478
4978.438057,-5625.565159,4443.353888,5773.606348
4978.438371,-8882.471304,-229.828649,4737.318029
4978.438686,-10658.965565,-2451.505594,4145.153275
4978.439000,-11843.295072,-5209.449386,4293.194464
4978.439314,-11103.089130,-7660.954980,4441.235652
4978.439628,-8586.388927,-7737.564530,5033.400406
4978.439943,-4293.194464,-7124.688131,7254.018232
4978.440257,592.164754,-5362.668486,9326.594869
4978.440571,4811.338623,-3370.820191,11325.150913
4978.440885,7772.162391,0.000000,13397.727550
4978.441200,9992.780217,3753.867940,15766.386565
4978.441514,11843.295072,6665.030833,16432.571912
4978.441828,11843.295072,7124.688131,15396.283594
4978.442142,10584.944971,8120.612279,14137.933492
4978.442457,7105.977043,8656.879127,12213.398043
4978.442771,3404.947333,8044.002729,9548.656652
4978.443085,-1184.329507,5975.544884,6883.915261
4978.443400,-4885.359217,2757.943793,6069.688724
4978.443714,-8808.450710,229.828649,5181.441594
4978.444028,-11325.150913,-2987.772442,4441.235652
4978.444342,-12953.603985,-6281.983084,3627.009116
4978.444657,-11843.295072,-7967.393179,3849.070898
4978.444971,-8882.471304,-8503.660028,4885.359217
4978.445285,-5033.400406,-7507.735880,6365.771101
4978.445599,-740.205942,-5822.325785,8586.388927
4978.445914,3478.967927,-3447.429741,10658.965565
4978.446228,6809.894666,-229.828649,12805.562797
4978.446542,9770.718434,2604.724693,15692.365970
4978.446856,11843.295072,5132.839837,16728.654289
4978.447171,11991.336260,6665.030833,15544.324782
4978.447485,10436.903782,8503.660028,14508.036463
4978.447799,7476.080014,9193.145976,12805.562797
4978.448113,3627.009116,8503.660028,10066.800811
4978.448428,-444.123565,6588.421283,7179.997637
4978.448742,-4959.379811,4136.915689,5625.565159
4978.449056,-8660.409521,689.485948,5329.482782
4978.449370,-11251.130318,-2451.505594,4441.235652
4978.449685,-12731.542202,-5362.668486,3552.988522
4978.449999,-11843.295072,-7201.297681,3997.112087
4978.450313,-9104.533087,-7354.516781,4515.256246
4978.450627,-5403.503377,-6818.249932,5551.544565
4978.450942,-1332.370696,-5745.716235,7328.038826
4978.451256,3997.112087,-3294.210641,9770.718434
4978.451570,7624.121203,-306.438199,12953.603985
4978.451884,9992.780217,3140.991542,15322.262999
4978.452199,11325.150913,5669.106685,16654.633695
4978.452513,11399.171507,7584.345430,16358.551318
4978.452827,10288.862594,9269.755526,15026.180623
4978.453141,7846.182985,9806.022374,12805.562797
4978.453456,4293.194464,8580.269578,9548.656652
4978.453770,148.041188,7124.688131,6957.935855
4978.454084,-4071.132681,5669.106685,5551.544565
4978.454399,-7920.203579,3370.820191,5033.400406
4978.454713,-10881.027347,-306.438199,4367.215058
4978.455027,-12065.356855,-4826.401637,3997.112087
4978.455341,-11547.212695,-6818.249932,3701.029710
4978.455656,-9252.574275,-7124.688131,4737.318029
4978.455970,-4959.379811,-7201.297681,6069.688724
4978.456284,-592.164754,-6435.202183,8142.265362
4978.456598,3627.009116,-4290.134789,11103.089130
4978.456913,6661.853478,-1532.190996,13471.748144
4978.457227,9400.615463,2221.676944,15322.262999
4978.457541,11177.109724,5592.497135,15914.427753
4978.457855,11843.295072,7277.907231,16062.468941
4978.458170,11103.089130,9193.145976,15174.221811
4978.458484,7698.141797,8963.317327,13397.727550
4978.458798,4145.153275,8273.831378,10584.944971
4978.459112,0.000000,6894.859482,7254.018232
4978.459427,-4145.153275,5132.839837,6069.688724
4978.459741,-8068.244768,2757.943793,5847.626942
4978.460055,-10584.944971,-842.705048,4219.173869
4978.460369,-12583.501014,-4519.963438,3108.864956
4978.460684,-13249.686362,-8044.002729,2960.823768
4978.460998,-11251.130318,-8580.269578,3182.885551
4978.461312,-7328.038826,-8273.831378,5033.400406
4978.461626,-2738.761985,-7277.907231,7476.080014
4978.461941,1776.494261,-5132.839837,10732.986159
4978.462255,5477.523971,-3294.210641,12657.521608
4978.462569,8438.347739,229.828649,14434.015869
4978.462883,10732.986159,4060.306139,16950.716072
4978.463198,11769.274478,5898.935335,16654.633695
4978.463512,11843.295072,7737.564530,15840.407159
4978.463826,9548.656652,8810.098227,14137.933492
4978.464141,6439.791695,9039.926876,11769.274478
4978.464455,2886.803174,7584.345430,8438.347739
4978.464769,-888.247130,5745.716235,5773.606348
4978.465083,-5181.441594,4136.915689,5181.441594
4978.465398,-9252.574275,459.657299,4959.379811
4978.465712,-12065.356855,-3294.210641,4293.194464
4978.466026,-12435.459826,-6894.859482,3478.967927
4978.466340,-11399.171507,-8810.098227,4071.132681
4978.466655,-8882.471304,-8963.317327,4885.359217
4978.466969,-4959.379811,-7584.345430,6809.894666
4978.467283,-740.205942,-6128.763984,8882.471304
4978.467597,4589.276840,-3217.601092,11769.274478
4978.467912,6957.935855,0.000000,14063.912898
4978.468226,9252.574275,3753.867940,16136.489536
4978.468540,10881.027347,6511.811733,16062.468941
4978.468854,11399.171507,8886.707777,15396.283594
4978.469169,10066.800811,9116.536426,14804.118840
4978.469483,7550.100608,9729.412825,12361.439231
4978.469797,4219.173869,9652.803275,8882.471304
4978.470111,0.000000,7890.783629,5625.565159
4978.470426,-4367.215058,5362.668486,5033.400406
4978.470740,-8068.244768,2145.067394,4959.379811
4978.471054,-10732.986159,-1838.629195,4071.132681
4978.471368,-12065.356855,-5056.230287,3627.009116
4978.471683,-11325.150913,-7890.783629,3478.967927
4978.471997,-8586.388927,-8427.050478,4811.338623
4978.472311,-4885.359217,-7814.174080,6661.853478
4978.472625,-444.123565,-6052.154434,9104.533087
4978.472940,3552.988522,-4136.915689,11695.253884
4978.473254,6439.791695,-766.095498,14656.077652
4978.473568,9030.512492,3217.601092,16580.613101
4978.473883,11251.130318,6205.373534,16432.571912
4978.474197,11843.295072,8350.440928,15766.386565
4978.474511,10658.965565,9269.755526,15322.262999
4978.474825,8142.265362,9882.631924,12879.583391
4978.475140,4515.256246,9116.536426,9918.759623
4978.475454,0.000000,6665.030833,6957.935855
4978.475768,-4737.318029,4443.353888,5847.626942
4978.476082,-8512.368333,1378.971896,5255.462188
4978.476397,-11103.089130,-2298.286494,3256.906145
4978.476711,-12065.356855,-5898.935335,2442.679609
4978.477025,-12065.356855,-8886.707777,3330.926739
4978.477339,-9178.553681,-8810.098227,4885.359217
4978.477654,-5477.523971,-8044.002729,5551.544565
4978.477968,-888.247130,-6818.249932,7254.018232
4978.478282,3478.967927,-3983.696590,10584.944971
4978.478596,6735.874072,-995.924147,14211.954086
4978.478911,9474.636058,2911.162892,16210.510130
4978.479225,11473.192101,4903.011187,16210.510130
4978.479539,11991.336260,6818.249932,15248.242405
4978.479853,10510.924376,8963.317327,15174.221811
4978.480168,8142.265362,9729.412825,13397.727550
4978.480482,5033.400406,8886.707777,10214.842000
4978.480796,1036.288319,6818.249932,7105.977043
4978.481110,-3404.947333,4596.572988,4737.318029
4978.481425,-8290.306550,2757.943793,4811.338623
4978.481739,-10955.047942,-1149.143247,4071.132681
4978.482053,-12879.583391,-5975.544884,3775.050304
4978.482367,-12435.459826,-8427.050478,4145.153275
4978.482682,-10362.883188,-9882.631924,5255.462188
4978.482996,-6809.894666,-8886.707777,6291.750507
4978.483310,-2664.741391,-7507.735880,8216.285956
4978.483625,1628.453072,-4596.572988,11103.089130
4978.483939,5477.523971,-1838.629195,13397.727550
4978.484253,8216.285956,1762.019645,15988.448347
4978.484567,11103.089130,5286.058936,17320.819043
4978.484882,11547.212695,8273.831378,16284.530724
4978.485196,10732.986159,10189.070123,15100.201217
4978.485510,8660.409521,10265.679673,13101.645173
4978.485824,6217.729913,9959.241474,10362.883188
4978.486139,2220.617826,8044.002729,7402.059420
4978.486453,-2368.659014,5745.716235,5551.544565
4978.486767,-6661.853478,4136.915689,4219.173869
4978.487081,-10436.903782,153.219100,3849.070898
4978.487396,-12139.377449,-3907.087040,3182.885551
4978.487710,-11843.295072,-6741.640382,2812.782580
4978.488024,-10436.903782,-8503.660028,3478.967927
4978.488338,-7624.121203,-7967.393179,5107.421000
4978.488653,-3108.864956,-6665.030833,7105.977043
4978.488967,1924.535449,-3907.087040,10140.821405
4978.489281,5477.523971,-1991.848295,12953.603985
4978.489595,7920.203579,1378.971896,15692.365970
4978.489910,9992.780217,4826.401637,16950.716072
4978.490224,11399.171507,7507.735880,16062.468941
4978.490538,10881.027347,9499.584175,15026.180623
4978.490852,9770.718434,9806.022374,14063.912898
4978.491167,7031.956449,9269.755526,11473.192101
4978.491481,3108.864956,7584.345430,8438.347739
4978.491795,-1776.494261,5822.325785,5995.668130
4978.492109,-6291.750507,3064.381992,5773.606348
4978.492424,-9400.615463,-536.266849,5181.441594
4978.492738,-11769.274478,-4596.572988,4515.256246
4978.493052,-11769.274478,-8120.612279,3478.967927
4978.493367,-10510.924376,-9346.365076,3775.050304
4978.493681,-8364.327145,-9116.536426,5255.462188
4978.493995,-3923.091493,-8580.269578,7920.203579
4978.494309,1110.308913,-5132.839837,10436.903782
4978.494624,5255.462188,-2834.553343,13027.624579
4978.494938,7994.224174,0.000000,14878.139434
4978.495252,10362.883188,4136.915689,15248.242405
4978.495566,11843.295072,6205.373534,14952.160028
4978.495881,11399.171507,9806.022374,14730.098246
4978.496195,9474.636058,9652.803275,14063.912898
4978.496509,6513.812290,8427.050478,11473.192101
4978.496823,3182.885551,7277.907231,8364.327145
4978.497138,-1702.473667,5286.058936,6365.771101
4978.497452,-6587.832884,3064.381992,5921.647536
4978.497766,-9770.718434,-153.219100,4959.379811
4978.498080,-11843.295072,-3753.867940,4367.215058
4978.498395,-12583.501014,-6511.811733,3997.112087
4978.498709,-11473.192101,-8350.440928,3849.070898
4978.499023,-8956.491898,-8656.879127,4441.235652
4978.499337,-4663.297435,-7277.907231,6439.791695
4978.499652,0.000000,-4749.792088,9104.533087
4978.499966,4293.194464,-2145.067394,11621.233289
4978.500280,6883.915261,536.266849,13767.830521
4978.500594,9696.697840,3907.087040,15766.386565
4978.500909,10955.047942,7354.516781,16284.530724
4978.501223,10658.965565,8580.269578,15470.304188
4978.501537,9474.636058,8886.707777,14508.036463
4978.501852,7031.956449,8656.879127,12805.562797
4978.502166,3552.988522,8350.440928,9992.780217
4978.502480,-666.185348,6665.030833,7031.956449
4978.502794,-4515.256246,4519.963438,5699.585753
4978.503109,-8364.327145,919.314598,4959.379811
4978.503423,-10436.903782,-1991.848295,3775.050304
4978.503737,-11547.212695,-4979.620737,3404.947333
4978.504052,-10807.006753,-7507.735880,3701.029710
4978.504366,-8956.491898,-7354.516781,5033.400406
4978.504680,-5107.421000,-6971.469032,6513.812290
4978.504995,-370.102971,-5286.058936,9178.553681
4978.505309,3552.988522,-3370.820191,11251.130318
4978.505623,6957.935855,0.000000,13915.871710
4978.505937,8882.471304,3447.429741,15766.386565
4978.506252,10881.027347,6281.983084,15914.427753
4978.506566,11325.150913,8427.050478,15396.283594
4978.506880,10881.027347,9116.536426,14285.974681
4978.507195,8660.409521,9422.974625,12139.377449
4978.507509,5033.400406,8886.707777,9770.718434
4978.507823,1036.288319,5975.544884,6661.853478
4978.508138,-3256.906145,3524.039291,5921.647536
4978.508452,-7328.038826,766.095498,5551.544565
4978.508766,-10214.842000,-2451.505594,4441.235652
4978.509080,-11695.253884,-5286.058936,3849.070898
4978.509395,-11399.171507,-7967.393179,4071.132681
4978.509709,-9104.533087,-8580.269578,4737.318029
4978.510023,-5107.421000,-7890.783629,6069.688724
4978.510338,-1184.329507,-6741.640382,7698.141797
4978.510652,2886.803174,-3907.087040,10288.862594
4978.510966,5847.626942,-1302.362347,13397.727550
4978.511281,8660.409521,2451.505594,15396.283594
4978.511595,10732.986159,4749.792088,15914.427753
4978.511909,11695.253884,6511.811733,15988.448347
4978.512223,10881.027347,8044.002729,14878.139434
4978.512538,8734.430116,8197.221829,12657.521608
4978.512852,4811.338623,7584.345430,10436.903782
4978.513166,740.205942,6052.154434,8216.285956
4978.513481,-3627.009116,3677.258390,6661.853478
4978.513795,-7624.121203,995.924147,6217.729913
4978.514109,-10955.047942,-2068.457845,4367.215058
4978.514424,-12879.583391,-5745.716235,3627.009116
4978.514738,-12805.562797,-7584.345430,3701.029710
4978.515052,-10732.986159,-7431.126331,4219.173869
4978.515367,-6957.935855,-7814.174080,5477.523971
4978.515681,-2368.659014,-6818.249932,6809.894666
4978.515995,1924.535449,-3983.696590,9400.615463
4978.516309,5329.482782,-919.314598,12657.521608
4978.516624,8216.285956,3217.601092,15766.386565
4978.516938,10140.821405,5592.497135,16506.592507
4978.517252,11991.336260,6588.421283,15914.427753
4978.517567,11473.192101,9116.536426,15174.221811
4978.517881,9104.533087,9422.974625,13619.789333
4978.518195,5625.565159,9499.584175,11251.130318
4978.518510,1480.411884,7660.954980,8142.265362
4978.518824,-2146.597232,5822.325785,5921.647536
4978.519138,-6217.729913,4213.525239,5403.503377
4978.519452,-10066.800811,153.219100,4145.153275
4978.519767,-12583.501014,-3600.648841,2664.741391
4978.520081,-12731.542202,-6281.983084,2664.741391
4978.520395,-11621.233289,-7890.783629,3849.070898
4978.520710,-8290.306550,-7660.954980,5403.503377
4978.521024,-4737.318029,-6818.249932,6809.894666
4978.521338,0.000000,-4903.011187,9770.718434
4978.521653,3627.009116,-1608.800546,12065.356855
4978.521967,6291.750507,2604.724693,15396.283594
4978.522281,9400.615463,4136.915689,16358.551318
4978.522595,12065.356855,7124.688131,15840.407159
4978.522910,12287.418637,9116.536426,15248.242405
4978.523224,11251.130318,10035.851024,14508.036463
4978.523538,8734.430116,9959.241474,11547.212695
4978.523853,5847.626942,9346.365076,8660.409521
4978.524167,1924.535449,7584.345430,7550.100608
4978.524481,-3108.864956,4519.963438,6587.832884
4978.524796,-7254.018232,383.047749,4885.359217
4978.525110,-10288.862594,-3370.820191,3552.988522
4978.525424,-11917.315666,-6205.373534,3404.947333
4978.525738,-11917.315666,-8427.050478,3701.029710
4978.526053,-9844.739029,-8733.488677,5255.462188
4978.526367,-6439.791695,-8044.002729,7328.038826
4978.526681,-2590.720797,-6971.469032,9252.574275
4978.526996,1702.473667,-3753.867940,11695.253884
4978.527310,5107.421000,-1072.533697,13471.748144
4978.527624,8364.327145,2757.943793,15026.180623
4978.527939,11029.068536,5669.106685,15470.304188
4978.528253,11843.295072,8273.831378,14878.139434
4978.528567,11547.212695,8580.269578,13027.624579
4978.528881,9548.656652,9269.755526,11621.233289
4978.529196,5921.647536,8350.440928,9252.574275
4978.529510,2294.638420,5515.887586,7550.100608
4978.529824,-2590.720797,3064.381992,6957.935855
4978.530139,-6883.915261,-459.657299,6143.709319
4978.530453,-10436.903782,-3830.477490,5255.462188
4978.530767,-11843.295072,-7201.297681,4589.276840
4978.531082,-11769.274478,-9422.974625,4293.194464
4978.531396,-10807.006753,-8580.269578,5477.523971
4978.531710,-7328.038826,-8656.879127,6143.709319
4978.532025,-3108.864956,-6741.640382,7994.224174
4978.532339,1184.329507,-3524.039291,10288.862594
4978.532653,4663.297435,0.000000,13249.686362
4978.532967,7328.038826,3600.648841,14211.954086
4978.533282,9696.697840,5975.544884,14285.974681
4978.533596,10807.006753,8733.488677,14730.098246
4978.533910,11029.068536,10035.851024,14359.995275
4978.534225,9252.574275,9882.631924,12435.459826
4978.534539,6143.709319,8810.098227,10066.800811
4978.534853,1184.329507,6281.983084,8068.244768
4978.535168,-3552.988522,4443.353888,7402.059420
4978.535482,-7254.018232,1149.143247,5995.668130
4978.535796,-9770.718434,-2681.334243,5033.400406
4978.536110,-11769.274478,-5515.887586,4737.318029
4978.536425,-11621.233289,-7507.735880,4515.256246
4978.536739,-9696.697840,-7431.126331,4589.276840
4978.537053,-6365.771101,-7354.516781,5699.585753
4978.537368,-2368.659014,-5745.716235,7698.141797
4978.537682,1554.432478,-2451.505594,10288.862594
4978.537996,4737.318029,536.266849,12731.542202
4978.538311,7550.100608,4136.915689,14137.933492
4978.538625,9696.697840,6358.592633,14878.139434
4978.538939,11029.068536,8656.879127,14804.118840
4978.539253,11029.068536,9959.241474,14285.974681
4978.539568,8882.471304,9806.022374,12361.439231
4978.539882,5921.647536,8580.269578,10288.862594
4978.540196,2442.679609,6511.811733,8364.327145
4978.540511,-1776.494261,4826.401637,7402.059420
4978.540825,-5921.647536,689.485948,6513.812290
4978.541139,-9030.512492,-2145.067394,5255.462188
4978.541454,-10732.986159,-5286.058936,5107.421000
4978.541768,-10584.944971,-7354.516781,4589.276840
4978.542082,-8956.491898,-8120.612279,4737.318029
4978.542396,-6069.688724,-7660.954980,5921.647536
4978.542711,-2294.638420,-5975.544884,7476.080014
4978.543025,1850.514855,-2911.162892,10214.842000
4978.543339,4441.235652,-536.266849,12657.521608
4978.543654,6883.915261,2374.896044,15100.201217
4978.543968,9622.677246,4826.401637,15100.201217
4978.544282,10732.986159,7354.516781,14359.995275
4978.544597,10362.883188,8580.269578,13767.830521
4978.544911,8882.471304,8580.269578,12435.459826
4978.545225,5847.626942,7814.174080,10066.800811
4978.545539,2146.597232,6205.373534,7476.080014
4978.545854,-1998.556043,4290.134789,6957.935855
4978.546168,-6143.709319,1378.971896,6291.750507
4978.546482,-8808.450710,-1915.238745,5477.523971
4978.546797,-10807.006753,-4979.620737,5033.400406
4978.547111,-11103.089130,-8044.002729,4515.256246
4978.547425,-9770.718434,-9116.536426,4959.379811
4978.547740,-6957.935855,-8197.221829,6365.771101
4978.548054,-3330.926739,-7048.078582,7402.059420
4978.548368,1406.391290,-4213.525239,10214.842000
4978.548683,3923.091493,-1378.971896,12361.439231
4978.548997,6291.750507,2221.676944,14656.077652
4978.549311,8290.306550,4596.572988,14656.077652
4978.549625,9770.718434,5975.544884,14211.954086
4978.549940,9474.636058,7507.735880,14211.954086
4978.550254,7550.100608,7354.516781,13175.665768
4978.550568,4959.379811,7354.516781,10955.047942
4978.550883,1776.494261,5362.668486,8734.430116
4978.551197,-2220.617826,3983.696590,7402.059420
4978.551511,-6217.729913,1762.019645,6957.935855
4978.551826,-9178.553681,-1149.143247,5995.668130
4978.552140,-9770.718434,-4136.915689,4367.215058
4978.552454,-9770.718434,-6052.154434,3775.050304
4978.552768,-8660.409521,-6435.202183,4441.235652
4978.553083,-5551.544565,-7048.078582,5477.523971
4978.553397,-2146.597232,-5439.278036,6587.832884
4978.553711,1924.535449,-3677.258390,9548.656652
4978.554026,5107.421000,-689.485948,12361.439231
4978.554340,7328.038826,2451.505594,14804.118840
4978.554654,9326.594869,4903.011187,15988.448347
4978.554969,10362.883188,6971.469032,15692.365970
4978.555283,9992.780217,8503.660028,14656.077652
4978.555597,8660.409521,7967.393179,13101.645173
4978.555911,5847.626942,7660.954980,11029.068536
4978.556226,1924.535449,7354.516781,8660.409521
4978.556540,-2072.576638,5745.716235,6661.853478
4978.556854,-6143.709319,3294.210641,5033.400406
4978.557169,-9400.615463,-229.828649,4737.318029
4978.557483,-11177.109724,-3524.039291,4219.173869
4978.557797,-12361.439231,-5975.544884,3775.050304
4978.558112,-10510.924376,-7967.393179,3997.112087
4978.558426,-7624.121203,-7507.735880,5625.565159
4978.558740,-3849.070898,-6435.202183,7698.141797
4978.559054,444.123565,-4519.963438,9474.636058
4978.559369,4589.276840,-1225.752797,11843.295072
4978.559683,7105.977043,1915.238745,14285.974681
4978.559997,9696.697840,4673.182538,16210.510130
4978.560312,12065.356855,7354.516781,15322.262999
4978.560626,12287.418637,8427.050478,14656.077652
4978.560940,11621.233289,9193.145976,13619.789333
4978.561255,8364.327145,8810.098227,11325.150913
4978.561569,4589.276840,7354.516781,8586.388927
4978.561883,148.041188,6281.983084,7179.997637
4978.562197,-4071.132681,3370.820191,6365.771101
4978.562512,-7550.100608,-229.828649,4959.379811
4978.562826,-10510.924376,-3140.991542,4293.194464
4978.563140,-11843.295072,-6665.030833,3997.112087
4978.563455,-11695.253884,-8120.612279,4367.215058
4978.563769,-9548.656652,-8427.050478,5181.441594
4978.564083,-6513.812290,-8120.612279,6883.915261
4978.564398,-1924.535449,-5669.106685,8512.368333
4978.564712,2220.617826,-2834.553343,11399.171507
4978.565026,5625.565159,612.876398,13545.768739
4978.565341,7920.203579,2911.162892,14434.015869
4978.565655,9992.780217,5745.716235,15100.201217
4978.565969,10881.027347,7354.516781,14952.160028
4978.566283,10066.800811,8503.660028,14285.974681
4978.566598,7624.121203,8427.050478,11991.336260
4978.566912,4885.359217,7354.516781,9474.636058
4978.567226,814.226536,6052.154434,8216.285956
4978.567541,-3552.988522,3677.258390,7031.956449
4978.567855,-7105.977043,-153.219100,6069.688724
4978.568169,-9622.677246,-3064.381992,4737.318029
4978.568484,-11547.212695,-6281.983084,3997.112087
4978.568798,-11325.150913,-7660.954980,4441.235652
4978.569112,-9252.574275,-7890.783629,4885.359217
4978.569426,-5699.585753,-8197.221829,5403.503377
4978.569741,-1628.453072,-5515.887586,7476.080014
4978.570055,1924.535449,-3600.648841,9992.780217
4978.570369,5181.441594,0.000000,13101.645173
4978.570684,7994.224174,3447.429741,15100.201217
4978.570998,9844.739029,6281.983084,15396.283594
4978.571312,10510.924376,8197.221829,15840.407159
4978.571627,10584.944971,9116.536426,14656.077652
4978.571941,8734.430116,8503.660028,11843.295072
4978.572255,5551.544565,7354.516781,9326.594869
4978.572569,740.205942,6205.373534,7846.182985
4978.572884,-2886.803174,4519.963438,7328.038826
4978.573198,-6809.894666,1072.533697,5921.647536
4978.573512,-9474.636058,-2528.115143,4885.359217
4978.573827,-11325.150913,-5898.935335,4441.235652
4978.574141,-11473.192101,-7814.174080,3627.009116
4978.574455,-9474.636058,-7660.954980,4293.194464
4978.574770,-6735.874072,-8044.002729,5995.668130
4978.575084,-2442.679609,-6052.154434,8142.265362
4978.575398,1258.350101,-3600.648841,10807.006753
4978.575712,4145.153275,0.000000,13101.645173
4978.576027,7105.977043,3524.039291,14656.077652
4978.576341,9696.697840,5822.325785,14434.015869
4978.576655,11547.212695,8427.050478,14582.057057
4978.576970,11399.171507,9729.412825,13545.768739
4978.577284,9474.636058,9116.536426,11621.233289
4978.577598,6217.729913,8886.707777,10362.883188
4978.577913,2220.617826,7277.907231,8808.450710
4978.578227,-1554.432478,5209.449386,7698.141797
4978.578541,-4885.359217,1302.362347,6217.729913
4978.578855,-7846.182985,-2298.286494,4589.276840
4978.579170,-10066.800811,-4596.572988,4071.132681
4978.579484,-10066.800811,-7048.078582,3404.947333
4978.579798,-8586.388927,-7507.735880,4441.235652
4978.580113,-6661.853478,-7814.174080,5921.647536
4978.580427,-3701.029710,-6894.859482,8364.327145
4978.580741,-444.123565,-4749.792088,9992.780217
4978.581056,3627.009116,-1685.410096,12139.377449
4978.581370,5773.606348,2681.334243,14952.160028
4978.581684,7920.203579,4136.915689,16136.489536
4978.581999,9548.656652,6511.811733,15174.221811
4978.582313,9548.656652,7737.564530,13915.871710
4978.582627,8142.265362,8273.831378,13101.645173
4978.582941,4811.338623,9116.536426,10066.800811
4978.583256,1406.391290,7048.078582,7476.080014
4978.583570,-1628.453072,5209.449386,6439.791695
4978.583884,-5107.421000,2987.772442,5551.544565
4978.584199,-7920.203579,-1149.143247,4515.256246
4978.584513,-10140.821405,-4903.011187,3701.029710
4978.584827,-10732.986159,-6894.859482,3552.988522
4978.585142,-9326.594869,-7890.783629,4959.379811
4978.585456,-6069.688724,-8273.831378,6291.750507
4978.585770,-2738.761985,-6971.469032,7920.203579
4978.586084,1036.288319,-4519.963438,11325.150913
4978.586399,4145.153275,-1072.533697,13175.665768
4978.586713,7105.977043,1762.019645,14656.077652
4978.587027,9178.553681,4596.572988,16062.468941
4978.587342,10658.965565,7201.297681,15840.407159
4978.587656,10807.006753,9116.536426,15100.201217
4978.587970,9548.656652,10265.679673,12509.480420
4978.588285,6735.874072,10265.679673,10436.903782
4978.588599,2960.823768,8580.269578,7772.162391
4978.588913,-1406.391290,7124.688131,6143.709319
4978.589227,-4737.318029,4596.572988,5181.441594
4978.589542,-8438.347739,0.000000,4441.235652
4978.589856,-10732.986159,-3830.477490,3627.009116
4978.590170,-12065.356855,-7354.516781,3256.906145
4978.590485,-11769.274478,-8120.612279,3997.112087
4978.590799,-8734.430116,-7507.735880,5995.668130
4978.591113,-4293.194464,-7507.735880,7772.162391
4978.591428,296.082377,-4979.620737,10214.842000
4978.591742,3701.029710,-2298.286494,11843.295072
4978.592056,6365.771101,2451.505594,14730.098246
4978.592370,9030.512492,5286.058936,15396.283594
4978.592685,11325.150913,7354.516781,15174.221811
4978.592999,11843.295072,9193.145976,15026.180623
4978.593313,9992.780217,9729.412825,13545.768739
4978.593628,7476.080014,9806.022374,11251.130318
4978.593942,4441.235652,8120.612279,8438.347739
4978.594256,-148.041188,5898.935335,7179.997637
4978.594571,-4441.235652,3677.258390,6513.812290
4978.594885,-7846.182985,-689.485948,5107.421000
4978.595199,-10807.006753,-4673.182538,4663.297435
4978.595513,-11991.336260,-6971.469032,3923.091493
4978.595828,-11103.089130,-8197.221829,4737.318029
4978.596142,-8438.347739,-8733.488677,5699.585753
4978.596456,-4589.276840,-8120.612279,7698.141797
4978.596771,-370.102971,-6205.373534,9474.636058
4978.597085,3182.885551,-3447.429741,11769.274478
4978.597399,6365.771101,1225.752797,14063.912898
4978.597714,9326.594869,4749.792088,15248.242405
4978.598028,11547.212695,6741.640382,14804.118840
4978.598342,11769.274478,8350.440928,15396.283594
4978.598657,10436.903782,8733.488677,14211.954086
4978.598971,7550.100608,7967.393179,11917.315666
4978.599285,3627.009116,7201.297681,9474.636058
4978.599599,-1036.288319,4903.011187,7624.121203
4978.599914,-5551.544565,2681.334243,7179.997637
4978.600228,-9104.533087,-766.095498,5551.544565
4978.600542,-11399.171507,-4213.525239,3256.906145
4978.600857,-12361.439231,-6588.421283,3034.844362
4978.601171,-11843.295072,-8733.488677,3330.926739
4978.601485,-9474.636058,-7967.393179,4885.359217
4978.601800,-5477.523971,-7584.345430,6439.791695
4978.602114,-666.185348,-6052.154434,8586.388927
4978.602428,3552.988522,-3217.601092,11251.130318
4978.602742,6809.894666,459.657299,13841.851115
4978.603057,9474.636058,4749.792088,15544.324782
4978.603371,11473.192101,7048.078582,16062.468941
4978.603685,12065.356855,9116.536426,15914.427753
4978.603999,11473.192101,9422.974625,14508.036463
4978.604314,8734.430116,9576.193725,12287.418637
4978.604628,4959.379811,9269.755526,9474.636058
4978.604942,1110.308913,7354.516781,7179.997637
4978.605257,-3108.864956,4749.792088,6439.791695
4978.605571,-7254.018232,1455.581446,4959.379811
4978.605885,-10436.903782,-2451.505594,3849.070898
4978.606199,-12435.459826,-5286.058936,3256.906145
4978.606514,-12731.542202,-7737.564530,3256.906145
4978.606828,-10881.027347,-8580.269578,4293.194464
4978.607142,-7476.080014,-8580.269578,5995.668130
4978.607456,-3701.029710,-7277.907231,8216.285956
4978.607771,-148.041188,-3677.258390,11399.171507
4978.608085,3552.988522,-1149.143247,13915.871710
4978.608399,6809.894666,3370.820191,15248.242405
4978.608714,9696.697840,5439.278036,15544.324782
4978.609028,11547.212695,7814.174080,15470.304188
4978.609342,11473.192101,9499.584175,14285.974681
4978.609656,9770.718434,10418.898773,12139.377449
4978.609971,6661.853478,9806.022374,9622.677246
4978.610285,3256.906145,8273.831378,8068.244768
4978.610599,-592.164754,5209.449386,7179.997637
4978.610913,-4515.256246,1915.238745,6069.688724
4978.611228,-7994.224174,-2834.553343,4663.297435
4978.611542,-10066.800811,-5439.278036,4219.173869
4978.611856,-10362.883188,-7890.783629,4515.256246
4978.612171,-8660.409521,-8580.269578,5847.626942
4978.612485,-5699.585753,-8427.050478,6661.853478
4978.612799,-2146.597232,-7967.393179,8586.388927
4978.613113,1036.288319,-4903.011187,10881.027347
4978.613428,4663.297435,-1225.752797,13323.706956
4978.613742,7254.018232,2911.162892,15248.242405
4978.614056,9400.615463,5209.449386,15396.283594
4978.614370,10510.924376,6971.469032,15618.345376
4978.614685,9548.656652,8733.488677,14804.118840
4978.614999,7698.141797,9422.974625,12287.418637
4978.615313,4293.194464,7967.393179,9178.553681
4978.615628,740.205942,6281.983084,7031.956449
4978.615942,-2886.803174,4213.525239,5921.647536
4978.616256,-7105.977043,2145.067394,5181.441594
4978.616570,-10436.903782,-1915.238745,3775.050304
4978.616885,-12213.398043,-5669.106685,3034.844362
4978.617199,-12139.377449,-7507.735880,3256.906145
4978.617513,-9770.718434,-9269.755526,4145.153275
4978.617827,-6217.729913,-8580.269578,6069.688724
4978.618142,-2294.638420,-7431.126331,7698.141797
4978.618456,1850.514855,-4519.963438,10881.027347
4978.618770,5255.462188,-306.438199,13693.809927
4978.619085,8216.285956,3600.648841,15914.427753
4978.619399,10807.006753,6205.373534,15766.386565
4978.619713,11991.336260,8810.098227,15766.386565
4978.620027,11621.233289,10189.070123,15692.365970
4978.620342,9548.656652,9882.631924,13841.851115
4978.620656,5921.647536,9576.193725,10066.800811
4978.620970,1554.432478,7431.126331,7402.059420
4978.621284,-3552.988522,5822.325785,6291.750507
4978.621599,-7550.100608,3064.381992,5477.523971
4978.621913,-10436.903782,-1149.143247,3997.112087
4978.622227,-12361.439231,-4979.620737,3627.009116
4978.622542,-12953.603985,-8044.002729,3034.844362
4978.622856,-11917.315666,-8963.317327,3701.029710
4978.623170,-9104.533087,-8427.050478,5477.523971
4978.623484,-4441.235652,-7277.907231,8216.285956
4978.623799,222.061783,-4673.182538,10658.965565
4978.624113,4219.173869,-1225.752797,13175.665768
4978.624427,7179.997637,2604.724693,14656.077652
4978.624741,10955.047942,6205.373534,15322.262999
4978.625056,13249.686362,9269.755526,15396.283594
4978.625370,13249.686362,11031.775171,14878.139434
4978.625684,11843.295072,10725.336972,13397.727550
4978.625999,8734.430116,10418.898773,10732.986159
4978.626313,4219.173869,8656.879127,7920.203579
4978.626627,-444.123565,5822.325785,6143.709319
4978.626941,-5329.482782,2987.772442,4885.359217
4978.627256,-8512.368333,-1225.752797,4145.153275
4978.627570,-10658.965565,-5822.325785,3923.091493
4978.627884,-11621.233289,-7967.393179,3701.029710
4978.628198,-11251.130318,-9346.365076,4737.318029
4978.628513,-8364.327145,-8963.317327,5921.647536
4978.628827,-4293.194464,-8197.221829,7772.162391
4978.629141,0.000000,-5592.497135,10584.944971
4978.629456,4219.173869,-2068.457845,12583.501014
4978.629770,7105.977043,766.095498,14211.954086
4978.630084,9918.759623,4366.744339,15618.345376
4978.630398,11325.150913,6818.249932,16284.530724
4978.630713,11843.295072,8810.098227,15840.407159
4978.631027,10510.924376,9193.145976,13767.830521
4978.631341,7698.141797,8810.098227,10881.027347
4978.631655,3701.029710,7048.078582,7994.224174
4978.631970,-1332.370696,5515.887586,6735.874072
4978.632284,-5773.606348,3140.991542,6365.771101
4978.632598,-9548.656652,-1532.190996,4441.235652
4978.632913,-12435.459826,-5439.278036,3627.009116
4978.633227,-13767.830521,-8503.660028,3478.967927
4978.633541,-12657.521608,-9269.755526,3923.091493
4978.633855,-9548.656652,-8656.879127,5329.482782
4978.634170,-5551.544565,-8503.660028,6809.894666
4978.634484,-1258.350101,-6741.640382,9400.615463
4978.634798,2886.803174,-2528.115143,10955.047942
4978.635112,6439.791695,1915.238745,13101.645173
4978.635427,9474.636058,5669.106685,15100.201217
4978.635741,11843.295072,7967.393179,15618.345376
4978.636055,12065.356855,9652.803275,15692.365970
4978.636370,10955.047942,10189.070123,14211.954086
4978.636684,8068.244768,9959.241474,10955.047942
4978.636998,4219.173869,8503.660028,8438.347739
4978.637312,148.041188,6281.983084,6809.894666
4978.637627,-4293.194464,4136.915689,6365.771101
4978.637941,-8142.265362,0.000000,5329.482782
4978.638255,-11103.089130,-3907.087040,4293.194464
4978.638569,-13101.645173,-7201.297681,3256.906145
4978.638884,-12435.459826,-8044.002729,4071.132681
4978.639198,-9326.594869,-8350.440928,5181.441594
4978.639512,-5403.503377,-7584.345430,7402.059420
4978.639827,-962.267725,-6358.592633,9992.780217
4978.640141,2368.659014,-2911.162892,12657.521608
4978.640455,5107.421000,842.705048,14137.933492
4978.640769,8068.244768,4443.353888,15100.201217
4978.641084,10510.924376,8197.221829,15840.407159
4978.641398,11547.212695,9652.803275,15248.242405
4978.641712,11695.253884,10725.336972,13471.748144
4978.642026,9252.574275,10878.556072,11325.150913
4978.642341,6143.709319,9576.193725,8882.471304
4978.642655,2146.597232,7660.954980,6365.771101
4978.642969,-2368.659014,5209.449386,5921.647536
4978.643284,-5551.544565,1532.190996,5255.462188
4978.643598,-8734.430116,-1991.848295,3923.091493
4978.643912,-10362.883188,-6818.249932,3182.885551
4978.644226,-10658.965565,-8580.269578,3404.947333
4978.644541,-9030.512492,-8810.098227,4515.256246
4978.644855,-5921.647536,-8350.440928,6809.894666
4978.645169,-1702.473667,-6358.592633,9030.512492
4978.645483,2146.597232,-3753.867940,11843.295072
4978.645798,4441.235652,-536.266849,14508.036463
4978.646112,6957.935855,3294.210641,15470.304188
4978.646426,9030.512492,4979.620737,14804.118840
4978.646741,9918.759623,7201.297681,15248.242405
4978.647055,9770.718434,8963.317327,14656.077652
4978.647369,7476.080014,8963.317327,12509.480420
4978.647683,4441.235652,8120.612279,9474.636058
4978.647998,1036.288319,5898.935335,7105.977043
4978.648312,-2664.741391,4749.792088,6513.812290
4978.648626,-6957.935855,306.438199,4737.318029
4978.648940,-10066.800811,-4519.963438,4071.132681
4978.649255,-11695.253884,-7124.688131,4737.318029
4978.649569,-11769.274478,-8886.707777,4589.276840
4978.649883,-9844.739029,-9116.536426,5551.544565
4978.650198,-6587.832884,-9576.193725,6661.853478
4978.650512,-2960.823768,-7431.126331,8956.491898
4978.650826,592.164754,-4673.182538,11695.253884
4978.651140,4145.153275,-919.314598,13397.727550
4978.651455,6661.853478,2604.724693,14730.098246
4978.651769,9326.594869,5362.668486,15322.262999
4978.652083,10881.027347,8580.269578,15100.201217
4978.652397,11029.068536,10648.727422,14359.995275
4978.652712,9104.533087,10265.679673,11843.295072
4978.653026,6069.688724,9806.022374,9548.656652
4978.653340,2738.761985,7890.783629,6957.935855
4978.653655,-1850.514855,5515.887586,5329.482782
4978.653969,-5995.668130,1991.848295,4885.359217
4978.654283,-10066.800811,-2451.505594,3997.112087
4978.654597,-11621.233289,-5362.668486,3627.009116
4978.654912,-11843.295072,-8197.221829,3775.050304
4978.655226,-10658.965565,-9499.584175,5033.400406
4978.655540,-7698.141797,-9193.145976,6587.832884
4978.655854,-4293.194464,-7890.783629,9622.677246
4978.656169,0.000000,-4826.401637,11103.089130
4978.656483,4515.256246,-842.705048,14137.933492
4978.656797,7624.121203,3140.991542,16062.468941
4978.657112,10807.006753,6358.592633,15840.407159
4978.657426,12361.439231,9499.584175,15100.201217
4978.657740,12287.418637,11108.384721,13619.789333
4978.658054,11103.089130,12717.185267,11843.295072
4978.658369,8808.450710,11414.822920,9252.574275
4978.658683,4885.359217,9729.412825,7254.018232
4978.658997,-370.102971,6281.983084,5995.668130
4978.659312,-5255.462188,2068.457845,5329.482782
4978.659626,-9030.512492,-2145.067394,4515.256246
4978.659940,-11251.130318,-5515.887586,3923.091493
4978.660254,-12287.418637,-8656.879127,3849.070898
4978.660569,-10584.944971,-9422.974625,5255.462188
4978.660883,-7624.121203,-9269.755526,6587.832884
4978.661197,-3849.070898,-7584.345430,8734.430116
4978.661511,0.000000,-5439.278036,10362.883188
4978.661826,3775.050304,-1685.410096,13101.645173
4978.662140,6957.935855,2451.505594,14878.139434
4978.662454,9844.739029,5669.106685,15396.283594
4978.662769,12139.377449,7967.393179,15396.283594
4978.663083,12435.459826,9652.803275,14285.974681
4978.663397,11621.233289,10418.898773,13027.624579
4978.663711,7772.162391,9882.631924,10214.842000
4978.664026,4145.153275,7354.516781,7920.203579
4978.664340,-592.164754,5056.230287,6957.935855
4978.664654,-4811.338623,1378.971896,6291.750507
4978.664968,-9252.574275,-2374.896044,4515.256246
4978.665283,-12287.418637,-6435.202183,4219.173869
4978.665597,-12953.603985,-9652.803275,4293.194464
4978.665911,-11547.212695,-9882.631924,5033.400406
4978.666226,-8956.491898,-10265.679673,6513.812290
4978.666540,-5255.462188,-9346.365076,7698.141797
4978.666854,-962.267725,-6128.763984,9918.759623
4978.667168,2738.761985,-2757.943793,11991.336260
4978.667483,5773.606348,1838.629195,14137.933492
4978.667797,9030.512492,6128.763984,15840.407159
4978.668111,10807.006753,7814.174080,14952.160028
4978.668425,10807.006753,9806.022374,14359.995275
4978.668740,9696.697840,10189.070123,13323.706956
4978.669054,7328.038826,10035.851024,10881.027347
4978.669368,3997.112087,8044.002729,8216.285956
4978.669683,-518.144159,5439.278036,6587.832884
4978.669997,-4589.276840,2451.505594,5403.503377
4978.670311,-8660.409521,-1149.143247,4219.173869
4978.670625,-10807.006753,-4519.963438,4071.132681
4978.670940,-11769.274478,-7737.564530,3478.967927
4978.671254,-10955.047942,-8810.098227,5033.400406
4978.671568,-8216.285956,-9116.536426,5847.626942
4978.671882,-4737.318029,-7814.174080,7105.977043
4978.672197,-444.123565,-5669.106685,9770.718434
4978.672511,2442.679609,-1915.238745,12065.356855
4978.672825,4885.359217,2757.943793,14582.057057
4978.673140,7846.182985,5515.887586,16136.489536
4978.673454,10140.821405,7890.783629,15322.262999
4978.673768,10881.027347,9882.631924,14656.077652
4978.674082,10510.924376,11184.994271,12731.542202
4978.674397,8142.265362,11491.432470,10362.883188
4978.674711,4515.256246,9422.974625,7846.182985
4978.675025,444.123565,6894.859482,6143.709319
4978.675339,-3923.091493,4060.306139,5995.668130
4978.675654,-7772.162391,-306.438199,4885.359217
4978.675968,-9992.780217,-4366.744339,4219.173869
4978.676282,-11695.253884,-7507.735880,4219.173869
4978.676597,-11251.130318,-8733.488677,5107.421000
4978.676911,-9030.512492,-8886.707777,5477.523971
4978.677225,-6735.874072,-8120.612279,7624.121203
4978.677539,-1776.494261,-6358.592633,10362.883188
4978.677854,2368.659014,-2757.943793,12435.459826
4978.678168,5551.544565,1838.629195,14804.118840
4978.678482,8512.368333,5669.106685,15618.345376
4978.678796,11177.109724,8044.002729,15174.221811
4978.679111,12139.377449,9652.803275,13471.748144
4978.679425,12139.377449,11644.651570,11843.295072
4978.679739,9548.656652,12334.137518,9622.677246
4978.680054,5847.626942,9882.631924,8068.244768
4978.680368,1776.494261,7277.907231,6809.894666
4978.680682,-2886.803174,2987.772442,6143.709319
4978.680996,-7105.977043,-1532.190996,5107.421000
4978.681311,-11029.068536,-5362.668486,4737.318029
4978.681625,-13471.748144,-8580.269578,4737.318029
4978.681939,-12139.377449,-9576.193725,5625.565159
4978.682253,-9622.677246,-9882.631924,6809.894666
4978.682568,-6661.853478,-9882.631924,8290.306550
4978.682882,-2886.803174,-7814.174080,9696.697840
4978.683196,1332.370696,-3524.039291,11251.130318
4978.683511,4737.318029,919.314598,13693.809927
4978.683825,7846.182985,4903.011187,15396.283594
4978.684139,10732.986159,7431.126331,15544.324782
4978.684453,11917.315666,9269.755526,13915.871710
4978.684768,10881.027347,10342.289223,13027.624579
4978.685082,8290.306550,10342.289223,11473.192101
4978.685396,5403.503377,8120.612279,8882.471304
4978.685710,1702.473667,5975.544884,7328.038826
4978.686025,-3108.864956,2604.724693,7254.018232
4978.686339,-7476.080014,-229.828649,6217.729913
4978.686653,-10955.047942,-4749.792088,4145.153275
4978.686968,-12435.459826,-7814.174080,3775.050304
4978.687282,-12139.377449,-9193.145976,4811.338623
4978.687596,-9844.739029,-9193.145976,5699.585753
4978.687910,-6217.729913,-8886.707777,6587.832884
4978.688225,-2368.659014,-6281.983084,8438.347739
4978.688539,1332.370696,-2681.334243,11251.130318
4978.688853,4441.235652,1302.362347,13397.727550
4978.689167,7254.018232,5209.449386,15026.180623
4978.689482,9474.636058,7048.078582,14804.118840
4978.689796,10881.027347,9499.584175,13989.892304
4978.690110,10584.944971,10648.727422,12953.603985
4978.690425,8882.471304,11644.651570,11251.130318
4978.690739,5625.565159,10342.289223,8660.409521
4978.691053,1776.494261,7737.564530,6957.935855
4978.691367,-2220.617826,5439.278036,5625.565159
4978.691682,-5255.462188,919.314598,5255.462188
4978.691996,-8882.471304,-2834.553343,4293.194464
4978.692310,-10510.924376,-6511.811733,4071.132681
4978.692624,-10658.965565,-8580.269578,4811.338623
4978.692939,-8512.368333,-8656.879127,6587.832884
4978.693253,-5773.606348,-8273.831378,7846.182985
4978.693567,-2220.617826,-6435.202183,9844.739029
4978.693882,1628.453072,-3140.991542,11991.336260
4978.694196,4293.194464,1072.533697,13397.727550
4978.694510,7328.038826,4136.915689,15322.262999
4978.694824,9548.656652,6818.249932,15840.407159
4978.695139,10732.986159,9116.536426,15026.180623
4978.695453,10510.924376,11184.994271,12953.603985
4978.695767,8734.430116,11491.432470,10807.006753
4978.696081,5773.606348,10495.508323,8364.327145
4978.696396,1628.453072,7354.516781,6217.729913
4978.696710,-2368.659014,4903.011187,6291.750507
4978.697024,-6143.709319,842.705048,5107.421000
4978.697339,-9474.636058,-3447.429741,4219.173869
4978.697653,-11177.109724,-7354.516781,3849.070898
4978.697967,-11029.068536,-8886.707777,4441.235652
4978.698281,-8660.409521,-9346.365076,6143.709319
4978.698596,-5403.503377,-8733.488677,7254.018232
4978.698910,-1924.535449,-6971.469032,9474.636058
4978.699224,1702.473667,-4443.353888,11621.233289
4978.699538,5403.503377,-306.438199,13915.871710
4978.699853,8142.265362,3983.696590,16284.530724
4978.700167,9770.718434,5056.230287,16506.592507
4978.700481,11103.089130,7737.564530,14434.015869
4978.700796,9918.759623,9193.145976,12509.480420
4978.701110,7550.100608,9269.755526,11325.150913
4978.701424,4663.297435,9116.536426,8438.347739
4978.701738,888.247130,6741.640382,7105.977043
4978.702053,-3034.844362,4673.182538,7031.956449
4978.702367,-6661.853478,306.438199,5847.626942
4978.702681,-10140.821405,-4749.792088,4515.256246
4978.702995,-11843.295072,-7814.174080,4071.132681
4978.703310,-11103.089130,-8963.317327,4663.297435
4978.703624,-9770.718434,-9422.974625,5255.462188
4978.703938,-6143.709319,-9806.022374,7031.956449
4978.704252,-2294.638420,-7124.688131,9992.780217
4978.704567,1702.473667,-4290.134789,11251.130318
4978.704881,5107.421000,-612.876398,12287.418637
4978.705195,7920.203579,3524.039291,14063.912898
4978.705509,10066.800811,7201.297681,15840.407159
4978.705824,11769.274478,9499.584175,14952.160028
4978.706138,10881.027347,10648.727422,13693.809927
4978.706452,9030.512492,11184.994271,12287.418637
4978.706766,6217.729913,10648.727422,9548.656652
4978.707081,2368.659014,7584.345430,6587.832884
4978.707395,-1850.514855,5056.230287,5551.544565
4978.707709,-6439.791695,1685.410096,4959.379811
4978.708023,-10881.027347,-2221.676944,4293.194464
4978.708338,-13619.789333,-5975.544884,3034.844362
4978.708652,-12879.583391,-8656.879127,2886.803174
4978.708966,-11029.068536,-9729.412825,4737.318029
4978.709280,-8586.388927,-9806.022374,6735.874072
4978.709595,-4663.297435,-8503.660028,8586.388927
4978.709909,0.000000,-5669.106685,10955.047942
4978.710223,4293.194464,-1762.019645,13471.748144
4978.710537,7254.018232,2374.896044,16062.468941
4978.710852,10436.903782,5669.106685,16580.613101
4978.711166,12361.439231,8044.002729,15470.304188
4978.711480,13027.624579,10418.898773,14730.098246
4978.711794,11991.336260,11568.042020,13175.665768
4978.712109,9548.656652,10878.556072,11177.109724
4978.712423,5921.647536,8580.269578,7698.141797
4978.712737,740.205942,6741.640382,6957.935855
4978.713051,-4219.173869,4136.915689,6587.832884
4978.713366,-8068.244768,-919.314598,4589.276840
4978.713680,-10658.965565,-6435.202183,3478.967927
4978.713994,-11843.295072,-9422.974625,3701.029710
4978.714308,-11843.295072,-9422.974625,4737.318029
4978.714622,-10140.821405,-9499.584175,6069.688724
4978.714937,-6883.915261,-8886.707777,7624.121203
4978.715251,-2590.720797,-6205.373534,10584.944971
4978.715565,1702.473667,-3064.381992,12361.439231
4978.715879,4515.256246,1225.752797,13767.830521
4978.716194,7328.038826,4749.792088,14804.118840
4978.716508,9622.677246,7660.954980,15396.283594
4978.716822,10881.027347,10418.898773,14211.954086
4978.717136,9918.759623,11797.870669,12065.356855
4978.717451,7772.162391,11338.213370,8882.471304
4978.717765,4071.132681,10189.070123,6957.935855
4978.718079,296.082377,7124.688131,5921.647536
4978.718393,-3552.988522,3677.258390,5477.523971
4978.718708,-7698.141797,-1532.190996,5107.421000
4978.719022,-10584.944971,-6128.763984,4219.173869
4978.719336,-11917.315666,-9039.926876,4219.173869
4978.719650,-10881.027347,-10112.460574,4737.318029
4978.719965,-8142.265362,-10112.460574,6217.729913
4978.720279,-4589.276840,-9422.974625,9030.512492
4978.720593,0.000000,-6818.249932,11251.130318
4978.720907,3701.029710,-3064.381992,12805.562797
4978.721222,6513.812290,689.485948,14582.057057
4978.721536,8586.388927,4366.744339,17172.777854
4978.721850,10510.924376,7354.516781,16876.695478
4978.722164,11547.212695,10342.289223,15396.283594
4978.722479,10807.006753,10725.336972,13471.748144
4978.722793,8216.285956,10648.727422,11399.171507
4978.723107,4071.132681,8733.488677,8364.327145
4978.723421,-592.164754,6741.640382,5995.668130
4978.723736,-5255.462188,3753.867940,5255.462188
4978.724050,-9252.574275,-919.314598,3923.091493
4978.724364,-11473.192101,-4903.011187,2812.782580
4978.724678,-12213.398043,-7354.516781,2664.741391
4978.724993,-12065.356855,-8963.317327,3627.009116
4978.725307,-9622.677246,-9422.974625,4737.318029
4978.725621,-5625.565159,-9039.926876,6957.935855
4978.725935,-518.144159,-5822.325785,9770.718434
4978.726250,3701.029710,-2757.943793,12213.398043
4978.726564,7105.977043,1608.800546,14434.015869
4978.726878,9770.718434,4903.011187,15026.180623
4978.727192,12065.356855,7967.393179,15396.283594
4978.727506,12805.562797,10572.117872,14656.077652
4978.727821,12213.398043,11568.042020,13545.768739
4978.728135,9696.697840,12257.527968,11843.295072
4978.728449,5625.565159,9806.022374,8882.471304
4978.728763,888.247130,7048.078582,7105.977043
4978.729078,-4145.153275,4519.963438,6069.688724
4978.729392,-8142.265362,0.000000,4441.235652
4978.729706,-11695.253884,-4673.182538,3627.009116
4978.730020,-13619.789333,-8656.879127,3627.009116
4978.730335,-13471.748144,-9806.022374,4441.235652
4978.730649,-11029.068536,-10189.070123,6217.729913
4978.730963,-7402.059420,-9959.241474,8142.265362
4978.731277,-3034.844362,-7507.735880,9992.780217
4978.731592,1628.453072,-4136.915689,11843.295072
4978.731906,5403.503377,459.657299,13693.809927
4978.732220,8290.306550,4366.744339,15322.262999
4978.732534,11177.109724,7584.345430,15914.427753
4978.732849,13175.665768,10035.851024,15470.304188
4978.733163,13101.645173,12180.918418,13915.871710
4978.733477,11029.068536,12717.185267,11695.253884
4978.733791,7105.977043,10801.946522,8808.450710
4978.734106,2812.782580,8273.831378,6809.894666
4978.734420,-2368.659014,5592.497135,6291.750507
4978.734734,-7031.956449,919.314598,4663.297435
4978.735048,-10807.006753,-3064.381992,3849.070898
4978.735363,-13249.686362,-6818.249932,3182.885551
4978.735677,-13101.645173,-8963.317327,3552.988522
4978.735991,-11399.171507,-9652.803275,3997.112087
4978.736305,-8586.388927,-10265.679673,5403.503377
4978.736620,-5255.462188,-7814.174080,8438.347739
4978.736934,-1036.288319,-4903.011187,10436.903782
4978.737248,2516.700203,-1608.800546,13027.624579
4978.737562,5773.606348,2298.286494,15322.262999
4978.737877,8956.491898,5286.058936,16284.530724
4978.738191,11177.109724,8120.612279,16136.489536
4978.738505,11843.295072,10801.946522,15174.221811
4978.738819,10881.027347,11568.042020,12953.603985
4978.739134,8438.347739,10801.946522,9622.677246
4978.739448,5107.421000,8733.488677,7476.080014
4978.739762,296.082377,6435.202183,6883.915261
4978.740076,-3701.029710,1915.238745,6291.750507
4978.740390,-7624.121203,-2068.457845,5699.585753
4978.740705,-10288.862594,-6511.811733,5033.400406
4978.741019,-10807.006753,-9116.536426,4663.297435
4978.741333,-9400.615463,-10189.070123,5625.565159
4978.741647,-7254.018232,-10495.508323,6957.935855
4978.741962,-4515.256246,-9039.926876,8068.244768
4978.742276,-666.185348,-6052.154434,10881.027347
4978.742590,2220.617826,-1838.629195,13397.727550
4978.742904,4663.297435,2068.457845,14656.077652
4978.743219,8216.285956,4366.744339,14359.995275
4978.743533,9770.718434,7737.564530,13767.830521
4978.743847,10288.862594,11184.994271,13175.665768
4978.744161,10140.821405,12563.966167,11547.212695
4978.744476,8216.285956,11338.213370,8660.409521
4978.744790,4441.235652,9039.926876,6735.874072
4978.745104,0.000000,7201.297681,5995.668130
4978.745418,-4219.173869,2987.772442,5625.565159
4978.745733,-7772.162391,-1532.190996,4737.318029
4978.746047,-9992.780217,-5439.278036,4367.215058
4978.746361,-9992.780217,-8427.050478,4959.379811
4978.746675,-9474.636058,-8886.707777,6217.729913
4978.746990,-7698.141797,-10035.851024,6957.935855
4978.747304,-4515.256246,-9269.755526,8660.409521
4978.747618,-1110.308913,-5898.935335,10881.027347
4978.747932,3034.844362,-2298.286494,13693.809927
4978.748247,5625.565159,1455.581446,15100.201217
4978.748561,9030.512492,3600.648841,15840.407159
4978.748875,10066.800811,7354.516781,16136.489536
4978.749189,11029.068536,10035.851024,14359.995275
4978.749504,9622.677246,11874.480219,12657.521608
4978.749818,7179.997637,11644.651570,10510.924376
4978.750132,3775.050304,9882.631924,7698.141797
4978.750446,-444.123565,7507.735880,5921.647536
4978.750761,-4515.256246,3370.820191,5033.400406
4978.751075,-9326.594869,-689.485948,3923.091493
4978.751389,-12361.439231,-4519.963438,3256.906145
4978.751703,-13101.645173,-7814.174080,3552.988522
4978.752018,-11695.253884,-8886.707777,4441.235652
4978.752332,-8956.491898,-9806.022374,5921.647536
4978.752646,-5921.647536,-9346.365076,7179.997637
4978.752960,-1406.391290,-6052.154434,9326.594869
4978.753274,2220.617826,-2451.505594,11843.295072
4978.753589,5551.544565,1685.410096,13915.871710
4978.753903,8438.347739,4213.525239,16284.530724
4978.754217,11103.089130,7584.345430,16432.571912
4978.754531,12139.377449,10189.070123,15174.221811
4978.754846,10362.883188,11031.775171,13693.809927
4978.755160,8216.285956,11644.651570,10732.986159
4978.755474,5181.441594,9806.022374,7920.203579
4978.755788,666.185348,7048.078582,6661.853478
4978.756103,-4293.194464,3907.087040,6217.729913
4978.756417,-7772.162391,-1072.533697,4589.276840
4978.756731,-10955.047942,-4596.572988,3997.112087
4978.757045,-12509.480420,-7890.783629,3849.070898
4978.757360,-11473.192101,-9576.193725,4811.338623
4978.757674,-8882.471304,-11031.775171,6439.791695
4978.757988,-5995.668130,-11414.822920,7254.018232
4978.758302,-2220.617826,-7584.345430,10140.821405
4978.758617,1184.329507,-6052.154434,12361.439231
4978.758931,4515.256246,-766.095498,14211.954086
4978.759245,7994.224174,2987.772442,15840.407159
4978.759559,11769.274478,6205.373534,17172.777854
4978.759874,13175.665768,9959.241474,15692.365970
4978.760188,12213.398043,10648.727422,12953.603985
4978.760502,10658.965565,11797.870669,10436.903782
4978.760816,7846.182985,10572.117872,8290.306550
4978.761131,3775.050304,7584.345430,6735.874072
4978.761445,-666.185348,5592.497135,5995.668130
4978.761759,-4737.318029,689.485948,5403.503377
4978.762073,-8956.491898,-3600.648841,4441.235652
4978.762388,-10955.047942,-7201.297681,4071.132681
4978.762702,-10658.965565,-8886.707777,4737.318029
4978.763016,-8512.368333,-9729.412825,6069.688724
4978.763330,-7179.997637,-10495.508323,7328.038826
4978.763645,-4737.318029,-9116.536426,9400.615463
4978.763959,-740.205942,-5439.278036,10732.986159
4978.764273,1702.473667,-1302.362347,13027.624579
4978.764587,5033.400406,2451.505594,14730.098246
4978.764902,8808.450710,6128.763984,14952.160028
4978.765216,10881.027347,10265.679673,14656.077652
4978.765530,11621.233289,10878.556072,13397.727550
4978.765844,9622.677246,11568.042020,10732.986159
4978.766158,6513.812290,10648.727422,8438.347739
4978.766473,2960.823768,8886.707777,6661.853478
4978.766787,-1554.432478,7354.516781,6291.750507
4978.767101,-5921.647536,1685.410096,6661.853478
4978.767415,-9474.636058,-2757.943793,5625.565159
4978.767730,-11843.295072,-5592.497135,4441.235652
4978.768044,-12139.377449,-8503.660028,4441.235652
4978.768358,-10658.965565,-9039.926876,5403.503377
4978.768672,-8438.347739,-10342.289223,6513.812290
4978.768987,-4737.318029,-8273.831378,8438.347739
4978.769301,-666.185348,-3524.039291,11103.089130
4978.769615,2812.782580,-1225.752797,13101.645173
4978.769929,5995.668130,2987.772442,15026.180623
4978.770244,9696.697840,5898.935335,16062.468941
4978.770558,11769.274478,9039.926876,16284.530724
4978.770872,11621.233289,11338.213370,14359.995275
4978.771186,10288.862594,11338.213370,12509.480420
4978.771501,8290.306550,11797.870669,10362.883188
4978.771815,5033.400406,10572.117872,7624.121203
4978.772129,518.144159,7354.516781,6365.771101
4978.772443,-4071.132681,3217.601092,5329.482782
4978.772758,-7846.182985,-1225.752797,4885.359217
4978.773072,-10955.047942,-4903.011187,3849.070898
4978.773386,-11769.274478,-7967.393179,3775.050304
4978.773700,-10732.986159,-9193.145976,5033.400406
4978.774015,-9178.553681,-10725.336972,5847.626942
4978.774329,-7179.997637,-9729.412825,7624.121203
4978.774643,-3627.009116,-6205.373534,9770.718434
4978.774957,1036.288319,-2145.067394,12435.459826
4978.775272,3330.926739,766.095498,14582.057057
4978.775586,7402.059420,3983.696590,14952.160028
4978.775900,9992.780217,7431.126331,15322.262999
4978.776214,11103.089130,11108.384721,14582.057057
4978.776529,11103.089130,11491.432470,12287.418637
4978.776843,9696.697840,11874.480219,9548.656652
4978.777157,7105.977043,10112.460574,7179.997637
4978.777471,3775.050304,7967.393179,7105.977043
4978.777786,-1406.391290,3677.258390,6291.750507
4978.778100,-5477.523971,-995.924147,5625.565159
4978.778414,-8586.388927,-5362.668486,5477.523971
4978.778728,-10140.821405,-8963.317327,4959.379811
4978.779042,-9992.780217,-10112.460574,5033.400406
4978.779357,-8512.368333,-11951.089769,6587.832884
4978.779671,-6809.894666,-11721.261119,7550.100608
4978.779985,-2960.823768,-7814.174080,9844.739029
4978.780299,592.164754,-3524.039291,12805.562797
4978.780614,3775.050304,-153.219100,14582.057057
4978.780928,7105.977043,3370.820191,14211.954086
4978.781242,9844.739029,7201.297681,14582.057057
4978.781556,10584.944971,9806.022374,13397.727550
4978.781871,9622.677246,10725.336972,11325.150913
4978.782185,7846.182985,9806.022374,9992.780217
4978.782499,5403.503377,9269.755526,8586.388927
4978.782813,1406.391290,6741.640382,7328.038826
4978.783128,-2812.782580,2911.162892,7031.956449
4978.783442,-6735.874072,-1072.533697,6513.812290
4978.783756,-9474.636058,-5132.839837,5329.482782
4978.784070,-11029.068536,-9116.536426,4737.318029
4978.784385,-10658.965565,-9729.412825,4589.276840
4978.784699,-8438.347739,-10112.460574,6069.688724
4978.785013,-5773.606348,-9269.755526,7328.038826
4978.785327,-1628.453072,-5515.887586,9474.636058
4978.785642,2738.761985,-2221.676944,12213.398043
4978.785956,5699.585753,1072.533697,13693.809927
4978.786270,8512.368333,4519.963438,15174.221811
4978.786584,10362.883188,8044.002729,15692.365970
4978.786899,11547.212695,10878.556072,14359.995275
4978.787213,9770.718434,11568.042020,12805.562797
4978.787527,7994.224174,11414.822920,11029.068536
4978.787841,4737.318029,10572.117872,8290.306550
4978.788156,518.144159,8427.050478,6513.812290
4978.788470,-4145.153275,5132.839837,5773.606348
4978.788784,-7994.224174,383.047749,4737.318029
4978.789098,-11251.130318,-3370.820191,3997.112087
4978.789413,-12213.398043,-7201.297681,3923.091493
4978.789727,-11843.295072,-8350.440928,4293.194464
4978.790041,-10066.800811,-9346.365076,5847.626942
4978.790355,-7698.141797,-9269.755526,7179.997637
4978.790670,-3775.050304,-5822.325785,9104.533087
4978.790984,740.205942,-2221.676944,11991.336260
4978.791298,3404.947333,459.657299,14211.954086
4978.791612,7254.018232,4826.401637,14952.160028
4978.791926,10140.821405,7507.735880,16210.510130
4978.792241,11769.274478,10265.679673,15322.262999
4978.792555,11473.192101,11951.089769,12287.418637
4978.792869,9548.656652,12334.137518,10510.924376
4978.793183,6957.935855,11951.089769,8290.306550
4978.793498,3182.885551,9116.536426,6883.915261
4978.793812,-1480.411884,5975.544884,6883.915261
4978.794126,-5625.565159,842.705048,5995.668130
4978.794440,-9696.697840,-3983.696590,4959.379811
4978.794755,-11991.336260,-7431.126331,3923.091493
4978.795069,-11843.295072,-9576.193725,3849.070898
4978.795383,-10362.883188,-9806.022374,5329.482782
4978.795697,-8216.285956,-10265.679673,7402.059420
4978.796012,-4663.297435,-7507.735880,8734.430116
4978.796326,-1184.329507,-4903.011187,10510.924376
4978.796640,3404.947333,-1225.752797,12953.603985
4978.796954,6291.750507,2834.553343,14582.057057
4978.797269,9474.636058,5898.935335,15544.324782
4978.797583,11547.212695,8886.707777,14730.098246
4978.797897,11843.295072,10725.336972,13027.624579
4978.798211,10807.006753,10035.851024,11695.253884
4978.798526,7994.224174,9806.022374,8882.471304
4978.798840,4145.153275,8733.488677,6957.935855
4978.799154,148.041188,5132.839837,7105.977043
4978.799468,-3775.050304,459.657299,7179.997637
4978.799783,-7476.080014,-3983.696590,6365.771101
4978.800097,-10140.821405,-8120.612279,5107.421000
4978.800411,-10955.047942,-9039.926876,4737.318029
4978.800725,-9992.780217,-10112.460574,6365.771101
4978.801040,-6883.915261,-11414.822920,7772.162391
4978.801354,-3478.967927,-8503.660028,9178.553681
4978.801668,148.041188,-5209.449386,11621.233289
4978.801982,3182.885551,-995.924147,13471.748144
4978.802297,5773.606348,2068.457845,14063.912898
4978.802611,8734.430116,5822.325785,14285.974681
4978.802925,10362.883188,8733.488677,13915.871710
4978.803239,10362.883188,9729.412825,13323.706956
4978.803554,8808.450710,10189.070123,11325.150913
4978.803868,6513.812290,9882.631924,8882.471304
4978.804182,2220.617826,8810.098227,7402.059420
4978.804496,-1924.535449,5515.887586,6143.709319
4978.804811,-5255.462188,1685.410096,5403.503377
4978.805125,-9104.533087,-2681.334243,4515.256246
4978.805439,-11251.130318,-6435.202183,3330.926739
4978.805753,-12139.377449,-8197.221829,2960.823768
4978.806067,-10955.047942,-8656.879127,4293.194464
4978.806382,-7772.162391,-9193.145976,6587.832884
4978.806696,-4219.173869,-8120.612279,8512.368333
4978.807010,0.000000,-4903.011187,10288.862594
4978.807324,3404.947333,-1378.971896,13619.789333
4978.807639,7105.977043,2451.505594,15470.304188
4978.807953,10066.800811,5362.668486,15618.345376
4978.808267,11917.315666,8963.317327,16136.489536
4978.808581,12139.377449,10572.117872,14952.160028
4978.808896,11029.068536,11338.213370,12805.562797
4978.809210,8512.368333,10801.946522,10510.924376
4978.809524,4737.318029,8886.707777,8808.450710
4978.809838,0.000000,6511.811733,7476.080014
4978.810153,-4515.256246,2221.676944,6735.874072
4978.810467,-8438.347739,-1302.362347,5477.523971
4978.810781,-11473.192101,-5975.544884,5255.462188
4978.811095,-12879.583391,-8427.050478,4515.256246
4978.811410,-11843.295072,-9422.974625,4811.338623
4978.811724,-9474.636058,-10035.851024,6143.709319
4978.812038,-6587.832884,-8580.269578,7698.141797
4978.812352,-2590.720797,-5286.058936,10214.842000
4978.812667,888.247130,-842.705048,12805.562797
4978.812981,4959.379811,2374.896044,13545.768739
4978.813295,7624.121203,5592.497135,14211.954086
4978.813609,9918.759623,8733.488677,14359.995275
4978.813924,11251.130318,10878.556072,13397.727550
4978.814238,11177.109724,12027.699319,12213.398043
4978.814552,9326.594869,11184.994271,8512.368333
4978.814866,5995.668130,9729.412825,6661.853478
4978.815181,1406.391290,7584.345430,5847.626942
4978.815495,-2738.761985,3064.381992,5995.668130
4978.815809,-6809.894666,-1072.533697,5699.585753
4978.816123,-9992.780217,-5439.278036,5329.482782
4978.816438,-11917.315666,-8886.707777,5329.482782
4978.816752,-11177.109724,-9652.803275,5329.482782
4978.817066,-9030.512492,-10495.508323,7402.059420
4978.817380,-6587.832884,-10418.898773,8512.368333
4978.817695,-2738.761985,-6665.030833,9474.636058
4978.818009,1036.288319,-2834.553343,12065.356855
4978.818323,5107.421000,1915.238745,13915.871710
4978.818637,7846.182985,3753.867940,14878.139434
4978.818952,10584.944971,7277.907231,15248.242405
4978.819266,11843.295072,9422.974625,14211.954086
4978.819580,11547.212695,9806.022374,13693.809927
4978.819894,8956.491898,9576.193725,11325.150913
4978.820209,5847.626942,7277.907231,9326.594869
4978.820523,1258.350101,6358.592633,8068.244768
4978.820837,-3108.864956,2604.724693,6883.915261
4978.821151,-6735.874072,-995.924147,6365.771101
4978.821466,-9178.553681,-4903.011187,4663.297435
4978.821780,-10436.903782,-7124.688131,4589.276840
4978.822094,-10881.027347,-7890.783629,3775.050304
4978.822408,-8660.409521,-9193.145976,5255.462188
4978.822723,-5625.565159,-8656.879127,5773.606348
4978.823037,-1554.432478,-5132.839837,8290.306550
4978.823351,1628.453072,-1762.019645,11177.109724
4978.823665,4145.153275,2757.943793,13175.665768
4978.823980,7328.038826,4060.306139,14211.954086
4978.824294,9400.615463,7354.516781,14952.160028
4978.824608,10436.903782,9882.631924,14063.912898
4978.824922,10066.800811,9959.241474,12879.583391
4978.825237,7846.182985,10265.679673,10955.047942
4978.825551,5181.441594,9039.926876,8956.491898
4978.825865,1258.350101,7431.126331,7624.121203
4978.826179,-2886.803174,4519.963438,6587.832884
4978.826494,-6513.812290,0.000000,6365.771101
4978.826808,-9400.615463,-3830.477490,5255.462188
4978.827122,-11251.130318,-7124.688131,4885.359217
4978.827436,-11399.171507,-8197.221829,5255.462188
4978.827751,-9474.636058,-8886.707777,6217.729913
4978.828065,-7105.977043,-9576.193725,7624.121203
4978.828379,-3108.864956,-6052.154434,10140.821405
4978.828693,74.020594,-3140.991542,11917.315666
4978.829008,3997.112087,1455.581446,14730.098246
4978.829322,7328.038826,3217.601092,14656.077652
4978.829636,10362.883188,7124.688131,14952.160028
4978.829950,11695.253884,9959.241474,14285.974681
4978.830265,11769.274478,10801.946522,12879.583391
4978.830579,9548.656652,11184.994271,11103.089130
4978.830893,7105.977043,10265.679673,8586.388927
4978.831207,2664.741391,8273.831378,7031.956449
4978.831522,-1184.329507,4673.182538,6291.750507
4978.831836,-5551.544565,0.000000,4959.379811
4978.832150,-8438.347739,-3447.429741,4515.256246
4978.832464,-10436.903782,-6588.421283,4441.235652
4978.832779,-11621.233289,-7814.174080,4589.276840
4978.833093,-10288.862594,-8273.831378,5995.668130
4978.833407,-7994.224174,-9806.022374,6809.894666
4978.833721,-4071.132681,-7048.078582,8734.430116
4978.834036,-592.164754,-4366.744339,10510.924376
4978.834350,2664.741391,-306.438199,12287.418637
4978.834664,6587.832884,2834.553343,14063.912898
4978.834978,8438.347739,5822.325785,15322.262999
4978.835293,10066.800811,8886.707777,14878.139434
4978.835607,10066.800811,9346.365076,13915.871710
4978.835921,9178.553681,9422.974625,12213.398043
4978.836235,6587.832884,9116.536426,9992.780217
4978.836550,3256.906145,7507.735880,8438.347739
4978.836864,-592.164754,4826.401637,7402.059420
4978.837178,-4293.194464,766.095498,6587.832884
4978.837492,-7550.100608,-3217.601092,5921.647536
4978.837806,-9696.697840,-6665.030833,4811.338623
4978.838121,-10658.965565,-7660.954980,4515.256246
4978.838435,-9844.739029,-8656.879127,5773.606348
4978.838749,-7328.038826,-10265.679673,6735.874072
4978.839063,-3478.967927,-7660.954980,7846.182985
4978.839378,74.020594,-5209.449386,10584.944971
4978.839692,2220.617826,-536.266849,12657.521608
4978.840006,4811.338623,2911.162892,13767.830521
4978.840320,8142.265362,5286.058936,14804.118840
4978.840635,9548.656652,8427.050478,14508.036463
4978.840949,9770.718434,9806.022374,13027.624579
4978.841263,8882.471304,9959.241474,10807.006753
4978.841577,6365.771101,9806.022374,9030.512492
4978.841892,3404.947333,8427.050478,7772.162391
4978.842206,-518.144159,5745.716235,6661.853478
4978.842520,-3923.091493,1685.410096,5773.606348
4978.842834,-7254.018232,-2604.724693,5329.482782
4978.843149,-9474.636058,-5439.278036,4737.318029
4978.843463,-10955.047942,-8886.707777,4515.256246
4978.843777,-9400.615463,-9499.584175,6143.709319
4978.844091,-7476.080014,-9652.803275,7772.162391
4978.844406,-4515.256246,-8733.488677,9400.615463
4978.844720,-740.205942,-5286.058936,10732.986159
4978.845034,2442.679609,-1915.238745,12509.480420
4978.845348,5773.606348,2987.772442,14211.954086
4978.845663,9030.512492,4979.620737,15618.345376
4978.845977,10584.944971,8273.831378,14878.139434
4978.846291,11029.068536,9729.412825,13249.686362
4978.846605,10066.800811,10265.679673,11991.336260
4978.846920,7328.038826,10725.336972,10436.903782
4978.847234,4737.318029,9422.974625,8142.265362
4978.847548,814.226536,6588.421283,7105.977043
4978.847862,-3034.844362,2911.162892,5477.523971
4978.848177,-7105.977043,-1762.019645,4589.276840
4978.848491,-10066.800811,-5439.278036,3552.988522
4978.848805,-11621.233289,-8044.002729,3997.112087
4978.849119,-11473.192101,-8810.098227,5329.482782
4978.849434,-9104.533087,-9729.412825,7105.977043
4978.849748,-6291.750507,-9116.536426,8290.306550
4978.850062,-2220.617826,-5209.449386,10436.903782
4978.850376,1184.329507,-2068.457845,12139.377449
4978.850691,4441.235652,3064.381992,13989.892304
4978.851005,8808.450710,5286.058936,14656.077652
4978.851319,9770.718434,8503.660028,15100.201217
4978.851633,10584.944971,10572.117872,13619.789333
4978.851948,10066.800811,11261.603821,12139.377449
4978.852262,7920.203579,12027.699319,9992.780217
4978.852576,5033.400406,10112.460574,7920.203579
4978.852890,1036.288319,6818.249932,7179.997637
4978.853205,-3404.947333,2987.772442,6069.688724
4978.853519,-7328.038826,-1762.019645,5181.441594
4978.853833,-10140.821405,-5745.716235,4737.318029
4978.854147,-11991.336260,-8120.612279,4959.379811
4978.854462,-11547.212695,-9346.365076,5773.606348
4978.854776,-9030.512492,-9346.365076,6661.853478
4978.855090,-5921.647536,-8427.050478,7698.141797
4978.855404,-1554.432478,-6205.373534,9918.759623
4978.855719,1332.370696,-1532.190996,11843.295072
4978.856033,4293.194464,2451.505594,13471.748144
4978.856347,7624.121203,5822.325785,15396.283594
4978.856661,9548.656652,8044.002729,15322.262999
4978.856976,10807.006753,9729.412825,14211.954086
4978.857290,10807.006753,10342.289223,12509.480420
4978.857604,8216.285956,10342.289223,9548.656652
4978.857918,4959.379811,9499.584175,7476.080014
4978.858233,1184.329507,7660.954980,7105.977043
4978.858547,-2516.700203,3753.867940,5921.647536
4978.858861,-5995.668130,-1149.143247,5181.441594
4978.859175,-8512.368333,-4979.620737,4367.215058
4978.859490,-10288.862594,-7814.174080,4737.318029
4978.859804,-10436.903782,-8733.488677,4885.359217
4978.860118,-7550.100608,-9882.631924,6883.915261
4978.860432,-4737.318029,-9269.755526,8956.491898
4978.860747,-962.267725,-6435.202183,10807.006753
4978.861061,2516.700203,-2604.724693,12583.501014
4978.861375,5329.482782,1455.581446,13989.892304
4978.861689,8512.368333,4596.572988,14952.160028
4978.862004,10807.006753,6741.640382,15100.201217
4978.862318,11843.295072,9576.193725,13693.809927
4978.862632,10732.986159,10418.898773,12361.439231
4978.862946,8142.265362,10112.460574,10362.883188
4978.863261,4367.215058,8886.707777,7846.182985
4978.863575,888.247130,6588.421283,7328.038826
4978.863889,-3182.885551,3217.601092,6439.791695
4978.864203,-7254.018232,-2068.457845,5403.503377
4978.864518,-10658.965565,-5515.887586,4959.379811
4978.864832,-11547.212695,-8503.660028,4293.194464
4978.865146,-10955.047942,-9039.926876,5477.523971
4978.865460,-8660.409521,-9269.755526,7105.977043
4978.865775,-6365.771101,-9039.926876,8586.388927
4978.866089,-1850.514855,-5745.716235,9770.718434
4978.866403,2294.638420,-2681.334243,10881.027347
4978.866717,5255.462188,1915.238745,12953.603985
4978.867032,8068.244768,4903.011187,13915.871710
4978.867346,10807.006753,7660.954980,14730.098246
4978.867660,11325.150913,10495.508323,14285.974681
4978.867974,10288.862594,10572.117872,13619.789333
4978.868289,7920.203579,9806.022374,11251.130318
4978.868603,4515.256246,8810.098227,8216.285956
4978.868917,148.041188,7048.078582,7031.956449
4978.869231,-4219.173869,4519.963438,5773.606348
4978.869546,-7772.162391,-842.705048,4811.338623
4978.869860,-10584.944971,-4136.915689,5181.441594
4978.870174,-12583.501014,-7201.297681,4071.132681
4978.870488,-12657.521608,-7814.174080,4515.256246
4978.870802,-10732.986159,-8963.317327,5847.626942
4978.871117,-7624.121203,-9039.926876,7105.977043
4978.871431,-3182.885551,-5975.544884,9474.636058
4978.871745,888.247130,-2298.286494,11991.336260
4978.872059,3775.050304,1302.362347,12953.603985
4978.872374,6809.894666,4673.182538,14878.139434
4978.872688,9548.656652,7048.078582,15692.365970
4978.873002,11103.089130,10342.289223,15544.324782
4978.873316,10955.047942,10801.946522,14211.954086
4978.873631,9326.594869,11031.775171,12583.501014
4978.873945,6513.812290,10648.727422,9696.697840
4978.874259,3256.906145,8503.660028,7994.224174
4978.874573,-1776.494261,6588.421283,6513.812290
4978.874888,-4959.379811,2374.896044,5329.482782
4978.875202,-8586.388927,-1915.238745,4737.318029
4978.875516,-11547.212695,-5592.497135,4219.173869
4978.875830,-12435.459826,-6971.469032,4737.318029
4978.876145,-11843.295072,-8503.660028,5625.565159
4978.876459,-10584.944971,-8580.269578,7772.162391
4978.876773,-7105.977043,-6665.030833,8734.430116
4978.877087,-1998.556043,-4060.306139,10584.944971
4978.877402,1554.432478,306.438199,12065.356855
4978.877716,5255.462188,3447.429741,13249.686362
4978.878030,8142.265362,7277.907231,13693.809927
4978.878344,9326.594869,10265.679673,13915.871710
4978.878659,9326.594869,12027.699319,13175.665768
4978.878973,8734.430116,12257.527968,12435.459826
4978.879287,6291.750507,11184.994271,10881.027347
4978.879601,2886.803174,9116.536426,9104.533087
4978.879916,-1702.473667,6435.202183,7179.997637
4978.880230,-5551.544565,1915.238745,6217.729913
4978.880544,-8882.471304,-842.705048,5773.606348
4978.880858,-11399.171507,-3524.039291,4885.359217
4978.881173,-12953.603985,-6435.202183,5773.606348
4978.881487,-13249.686362,-6435.202183,6883.915261
4978.881801,-11325.150913,-6358.592633,7772.162391
4978.882115,-8290.306550,-5056.230287,9178.553681
4978.882430,-3256.906145,-1685.410096,9992.780217
4978.882744,1850.514855,919.314598,10066.800811
4978.883058,6513.812290,4290.134789,10510.924376
4978.883372,9844.739029,6741.640382,11103.089130
4978.883687,11029.068536,10801.946522,11769.274478
4978.884001,11103.089130,11568.042020,11547.212695
4978.884315,8956.491898,9882.631924,12287.418637
4978.884629,4885.359217,8810.098227,12583.501014
4978.884944,888.247130,6741.640382,12213.398043
4978.885258,-3701.029710,3217.601092,11325.150913
4978.885572,-8142.265362,76.609550,10436.903782
4978.885886,-11917.315666,-2451.505594,8956.491898
4978.886201,-13249.686362,-2604.724693,7105.977043
4978.886515,-14359.995275,-3447.429741,6587.832884
4978.886829,-14211.954086,-2911.162892,5403.503377
4978.887143,-11843.295072,-766.095498,5551.544565
4978.887458,-8512.368333,383.047749,6587.832884
4978.887772,-4367.215058,2374.896044,7698.141797
4978.888086,-444.123565,4519.963438,8068.244768
4978.888400,2886.803174,6358.592633,9548.656652
4978.888715,5107.421000,7737.564530,11325.150913
4978.889029,7105.977043,9039.926876,11991.336260
4978.889343,6957.935855,9039.926876,12731.542202
4978.889657,6439.791695,8580.269578,11843.295072
4978.889972,4071.132681,7890.783629,11325.150913
4978.890286,2294.638420,7048.078582,10066.800811
4978.890600,0.000000,5745.716235,8364.327145
4978.890914,-2442.679609,3524.039291,8290.306550
4978.891229,-4663.297435,1915.238745,6513.812290
4978.891543,-6883.915261,-383.047749,5033.400406
4978.891857,-8438.347739,-1991.848295,4663.297435
4978.892171,-8734.430116,-2911.162892,5403.503377
4978.892486,-8216.285956,-2987.772442,7254.018232
4978.892800,-7402.059420,-2451.505594,9252.574275
4978.893114,-4737.318029,-1302.362347,11103.089130
4978.893428,-2368.659014,-536.266849,13619.789333
4978.893743,-370.102971,1072.533697,14730.098246
4978.894057,1406.391290,3064.381992,14434.015869
4978.894371,3256.906145,5132.839837,14063.912898
4978.894685,4071.132681,7048.078582,13027.624579
4978.895000,4885.359217,8350.440928,11917.315666
4978.895314,3849.070898,9116.536426,10732.986159
4978.895628,2738.761985,8350.440928,9696.697840
4978.895942,296.082377,7048.078582,8364.327145
4978.896257,-1850.514855,4903.011187,7624.121203
4978.896571,-4441.235652,2451.505594,6883.915261
4978.896885,-6587.832884,153.219100,6883.915261
4978.897199,-8364.327145,-1072.533697,6439.791695
4978.897514,-9326.594869,-2451.505594,6587.832884
4978.897828,-8586.388927,-1685.410096,7105.977043
4978.898142,-8438.347739,-842.705048,7476.080014
4978.898456,-6587.832884,153.219100,8734.430116
4978.898771,-4441.235652,2757.943793,8734.430116
4978.899085,-1776.494261,4519.963438,8216.285956
4978.899399,666.185348,6205.373534,8068.244768
4978.899713,2812.782580,7584.345430,7994.224174
4978.900028,4589.276840,9116.536426,8438.347739
4978.900342,4367.215058,8503.660028,8512.368333
4978.900656,4071.132681,7354.516781,9104.533087
4978.900970,2368.659014,5362.668486,9326.594869
4978.901285,444.123565,2451.505594,10140.821405
4978.901599,-1480.411884,459.657299,10584.944971
4978.901913,-2960.823768,-1378.971896,10881.027347
4978.902227,-5033.400406,-3064.381992,10955.047942
4978.902542,-6291.750507,-3830.477490,11029.068536
4978.902856,-6143.709319,-4136.915689,10510.924376
